Provider,Start,End,Epic,TimeFrame,OpenAsk,OpenBid,HighAsk,HighBid,LowAsk,LowBid,CloseAsk,CloseBid,Volume
IG,2025-03-03 00:05:00.000,2025-03-03 00:10:00.000,IX.D.NASDAQ.CASH.IP,M5,20886.1,20884.1,20896.7,20894.7,20875,20873,20893.8,20891.8,714
IG,2025-03-03 00:10:00.000,2025-03-03 00:15:00.000,IX.D.NASDAQ.CASH.IP,M5,20894,20892,20895.3,20893.3,20846.6,20844.6,20846.6,20844.6,1351
IG,2025-03-03 00:15:00.000,2025-03-03 00:20:00.000,IX.D.NASDAQ.CASH.IP,M5,20845.5,20843.5,20854,20852,20801.7,20799.7,20830.6,20828.6,2846
IG,2025-03-03 00:20:00.000,2025-03-03 00:25:00.000,IX.D.NASDAQ.CASH.IP,M5,20829,20827,20842.7,20840.7,20825.3,20823.3,20833.1,20831.1,1301
IG,2025-03-03 00:25:00.000,2025-03-03 00:30:00.000,IX.D.NASDAQ.CASH.IP,M5,20834,20832,20841.8,20839.8,20827.5,20825.5,20833.3,20831.3,620
IG,2025-03-03 00:30:00.000,2025-03-03 00:35:00.000,IX.D.NASDAQ.CASH.IP,M5,20833.5,20831.5,20840.8,20838.8,20814.7,20812.7,20830.2,20828.2,1021
IG,2025-03-03 00:35:00.000,2025-03-03 00:40:01.000,IX.D.NASDAQ.CASH.IP,M5,20830.1,20828.1,20831,20829,20791.5,20789.5,20829,20827,1723
IG,2025-03-03 00:40:01.000,2025-03-03 00:45:00.000,IX.D.NASDAQ.CASH.IP,M5,20828.8,20826.8,20845.2,20843.2,20823,20821,20838,20836,711
IG,2025-03-03 00:45:00.000,2025-03-03 00:50:00.000,IX.D.NASDAQ.CASH.IP,M5,20838.1,20836.1,20857.7,20855.7,20835.2,20833.2,20857.7,20855.7,849
IG,2025-03-03 00:50:00.000,2025-03-03 00:55:01.000,IX.D.NASDAQ.CASH.IP,M5,20857.5,20855.5,20858.3,20856.3,20843.1,20841.1,20851.2,20849.2,595
IG,2025-03-03 00:55:00.000,2025-03-03 01:00:00.000,IX.D.NASDAQ.CASH.IP,M5,20847.3,20845.3,20851.3,20849.3,20823.6,20821.6,20835.5,20833.5,686
IG,2025-03-03 01:00:00.000,2025-03-03 01:05:00.000,IX.D.NASDAQ.CASH.IP,M5,20835.8,20833.8,20862.8,20860.8,20815.1,20813.1,20850.7,20848.7,1596
IG,2025-03-03 01:05:00.000,2025-03-03 01:10:00.000,IX.D.NASDAQ.CASH.IP,M5,20851.1,20849.1,20869.7,20867.7,20845.3,20843.3,20855.3,20853.3,882
IG,2025-03-03 01:10:00.000,2025-03-03 01:15:00.000,IX.D.NASDAQ.CASH.IP,M5,20855.5,20853.5,20862.5,20860.5,20842.6,20840.6,20848.2,20846.2,586
IG,2025-03-03 01:15:00.000,2025-03-03 01:20:00.000,IX.D.NASDAQ.CASH.IP,M5,20848.6,20846.6,20849.7,20847.7,20833.2,20831.2,20845.5,20843.5,623
IG,2025-03-03 01:20:00.000,2025-03-03 01:25:00.000,IX.D.NASDAQ.CASH.IP,M5,20845.6,20843.6,20855.3,20853.3,20839.2,20837.2,20855.3,20853.3,535
IG,2025-03-03 01:25:00.000,2025-03-03 01:30:00.000,IX.D.NASDAQ.CASH.IP,M5,20855.2,20853.2,20871.1,20869.1,20851.1,20849.1,20863.1,20861.1,599
IG,2025-03-03 01:30:00.000,2025-03-03 01:35:00.000,IX.D.NASDAQ.CASH.IP,M5,20863.2,20861.2,20866.5,20864.5,20849.7,20847.7,20862.3,20860.3,559
IG,2025-03-03 01:35:00.000,2025-03-03 01:40:00.000,IX.D.NASDAQ.CASH.IP,M5,20862.2,20860.2,20865.3,20863.3,20841.6,20839.6,20853,20851,545
IG,2025-03-03 01:40:00.000,2025-03-03 01:45:00.000,IX.D.NASDAQ.CASH.IP,M5,20852.8,20850.8,20853.2,20851.2,20838.3,20836.3,20849.2,20847.2,442
IG,2025-03-03 01:45:00.000,2025-03-03 01:50:00.000,IX.D.NASDAQ.CASH.IP,M5,20849.3,20847.3,20879.5,20877.5,20845.8,20843.8,20874.3,20872.3,929
IG,2025-03-03 01:50:00.000,2025-03-03 01:55:00.000,IX.D.NASDAQ.CASH.IP,M5,20874.5,20872.5,20891,20889,20872,20870,20889.6,20887.6,851
IG,2025-03-03 01:55:00.000,2025-03-03 02:00:00.000,IX.D.NASDAQ.CASH.IP,M5,20889.7,20887.7,20903.5,20901.5,20888.3,20886.3,20895.1,20893.1,779
IG,2025-03-03 02:00:00.000,2025-03-03 02:05:00.000,IX.D.NASDAQ.CASH.IP,M5,20895,20893,20904.7,20902.7,20891.8,20889.8,20897.5,20895.5,539
IG,2025-03-03 02:05:00.000,2025-03-03 02:10:00.000,IX.D.NASDAQ.CASH.IP,M5,20897.8,20895.8,20914.3,20912.3,20892.2,20890.2,20897.5,20895.5,859
IG,2025-03-03 02:10:00.000,2025-03-03 02:15:00.000,IX.D.NASDAQ.CASH.IP,M5,20897.6,20895.6,20904.5,20902.5,20892.5,20890.5,20900.7,20898.7,480
IG,2025-03-03 02:15:00.000,2025-03-03 02:20:00.000,IX.D.NASDAQ.CASH.IP,M5,20901.2,20899.2,20904,20902,20891.6,20889.6,20896.8,20894.8,485
IG,2025-03-03 02:20:00.000,2025-03-03 02:25:00.000,IX.D.NASDAQ.CASH.IP,M5,20896.7,20894.7,20898.6,20896.6,20880.1,20878.1,20888.5,20886.5,602
IG,2025-03-03 02:25:00.000,2025-03-03 02:30:00.000,IX.D.NASDAQ.CASH.IP,M5,20888.6,20886.6,20896,20894,20879.1,20877.1,20884.2,20882.2,544
IG,2025-03-03 02:30:00.000,2025-03-03 02:35:00.000,IX.D.NASDAQ.CASH.IP,M5,20884.3,20882.3,20888.8,20886.8,20869.1,20867.1,20884.1,20882.1,721
IG,2025-03-03 02:35:00.000,2025-03-03 02:40:00.000,IX.D.NASDAQ.CASH.IP,M5,20884,20882,20898.5,20896.5,20883.7,20881.7,20891.5,20889.5,507
IG,2025-03-03 02:40:00.000,2025-03-03 02:45:00.000,IX.D.NASDAQ.CASH.IP,M5,20891.6,20889.6,20894.3,20892.3,20888.2,20886.2,20890.3,20888.3,376
IG,2025-03-03 02:45:00.000,2025-03-03 02:50:00.000,IX.D.NASDAQ.CASH.IP,M5,20890.2,20888.2,20895.5,20893.5,20882.5,20880.5,20890.7,20888.7,293
IG,2025-03-03 02:50:00.000,2025-03-03 02:55:00.000,IX.D.NASDAQ.CASH.IP,M5,20890.8,20888.8,20906.6,20904.6,20890.1,20888.1,20901.6,20899.6,627
IG,2025-03-03 02:55:00.000,2025-03-03 03:00:00.000,IX.D.NASDAQ.CASH.IP,M5,20901.3,20899.3,20902.8,20900.8,20875.5,20873.5,20880.1,20878.1,539
IG,2025-03-03 03:00:00.000,2025-03-03 03:05:00.000,IX.D.NASDAQ.CASH.IP,M5,20880,20878,20885.1,20883.1,20865.6,20863.6,20875.2,20873.2,550
IG,2025-03-03 03:05:00.000,2025-03-03 03:10:00.000,IX.D.NASDAQ.CASH.IP,M5,20875.3,20873.3,20875.7,20873.7,20857.1,20855.1,20862.3,20860.3,524
IG,2025-03-03 03:10:00.000,2025-03-03 03:15:00.000,IX.D.NASDAQ.CASH.IP,M5,20862.5,20860.5,20866.2,20864.2,20855.8,20853.8,20856.6,20854.6,404
IG,2025-03-03 03:15:00.000,2025-03-03 03:20:00.000,IX.D.NASDAQ.CASH.IP,M5,20856.7,20854.7,20863.8,20861.8,20851.7,20849.7,20854.3,20852.3,308
IG,2025-03-03 03:20:00.000,2025-03-03 03:25:00.000,IX.D.NASDAQ.CASH.IP,M5,20853.8,20851.8,20865.7,20863.7,20835.6,20833.6,20838.1,20836.1,984
IG,2025-03-03 03:25:00.000,2025-03-03 03:30:00.000,IX.D.NASDAQ.CASH.IP,M5,20838,20836,20853.8,20851.8,20836.5,20834.5,20850.7,20848.7,601
IG,2025-03-03 03:30:00.000,2025-03-03 03:35:00.000,IX.D.NASDAQ.CASH.IP,M5,20850.6,20848.6,20858,20856,20839.5,20837.5,20854.6,20852.6,767
IG,2025-03-03 03:35:00.000,2025-03-03 03:40:00.000,IX.D.NASDAQ.CASH.IP,M5,20854.7,20852.7,20864,20862,20852.8,20850.8,20863.3,20861.3,290
IG,2025-03-03 03:40:00.000,2025-03-03 03:45:00.000,IX.D.NASDAQ.CASH.IP,M5,20863.5,20861.5,20865.7,20863.7,20856.1,20854.1,20858.7,20856.7,255
IG,2025-03-03 03:45:00.000,2025-03-03 03:50:00.000,IX.D.NASDAQ.CASH.IP,M5,20858.6,20856.6,20866.1,20864.1,20858.5,20856.5,20864.5,20862.5,198
IG,2025-03-03 03:50:00.000,2025-03-03 03:55:00.000,IX.D.NASDAQ.CASH.IP,M5,20864.3,20862.3,20873,20871,20863.6,20861.6,20869.2,20867.2,359
IG,2025-03-03 03:55:00.000,2025-03-03 04:00:00.000,IX.D.NASDAQ.CASH.IP,M5,20869.1,20867.1,20878,20876,20868.3,20866.3,20874.3,20872.3,269
IG,2025-03-03 04:00:00.000,2025-03-03 04:05:00.000,IX.D.NASDAQ.CASH.IP,M5,20874.2,20872.2,20883.5,20881.5,20871.2,20869.2,20877.2,20875.2,270
IG,2025-03-03 04:05:00.000,2025-03-03 04:10:00.000,IX.D.NASDAQ.CASH.IP,M5,20877.1,20875.1,20883,20881,20871.1,20869.1,20882.5,20880.5,302
IG,2025-03-03 04:10:00.000,2025-03-03 04:15:00.000,IX.D.NASDAQ.CASH.IP,M5,20882.3,20880.3,20894.1,20892.1,20880.8,20878.8,20890.6,20888.6,309
IG,2025-03-03 04:15:00.000,2025-03-03 04:20:00.000,IX.D.NASDAQ.CASH.IP,M5,20890.7,20888.7,20894.6,20892.6,20887,20885,20892.7,20890.7,201
IG,2025-03-03 04:20:00.000,2025-03-03 04:25:00.000,IX.D.NASDAQ.CASH.IP,M5,20892.6,20890.6,20900,20898,20885.8,20883.8,20895.6,20893.6,255
IG,2025-03-03 04:25:00.000,2025-03-03 04:30:00.000,IX.D.NASDAQ.CASH.IP,M5,20895.7,20893.7,20898.7,20896.7,20890.1,20888.1,20895.7,20893.7,135
IG,2025-03-03 04:30:00.000,2025-03-03 04:35:00.000,IX.D.NASDAQ.CASH.IP,M5,20895.6,20893.6,20896.6,20894.6,20888.2,20886.2,20892.7,20890.7,173
IG,2025-03-03 04:35:00.000,2025-03-03 04:40:00.000,IX.D.NASDAQ.CASH.IP,M5,20892.6,20890.6,20898.3,20896.3,20887.6,20885.6,20890.2,20888.2,213
IG,2025-03-03 04:40:00.000,2025-03-03 04:45:00.000,IX.D.NASDAQ.CASH.IP,M5,20890,20888,20897.3,20895.3,20889.1,20887.1,20895.5,20893.5,129
IG,2025-03-03 04:45:00.000,2025-03-03 04:50:00.000,IX.D.NASDAQ.CASH.IP,M5,20895.3,20893.3,20897.3,20895.3,20891.2,20889.2,20897.1,20895.1,101
IG,2025-03-03 04:50:00.000,2025-03-03 04:55:00.000,IX.D.NASDAQ.CASH.IP,M5,20897.2,20895.2,20899.7,20897.7,20892.8,20890.8,20894.3,20892.3,107
IG,2025-03-03 04:55:00.000,2025-03-03 05:00:00.000,IX.D.NASDAQ.CASH.IP,M5,20894.6,20892.6,20907,20905,20894.6,20892.6,20903.6,20901.6,253
IG,2025-03-03 05:00:00.000,2025-03-03 05:05:00.000,IX.D.NASDAQ.CASH.IP,M5,20903.2,20901.2,20913.2,20911.2,20896.3,20894.3,20910,20908,622
IG,2025-03-03 05:05:00.000,2025-03-03 05:10:00.000,IX.D.NASDAQ.CASH.IP,M5,20909.8,20907.8,20912.7,20910.7,20898.2,20896.2,20901.5,20899.5,316
IG,2025-03-03 05:10:00.000,2025-03-03 05:15:00.000,IX.D.NASDAQ.CASH.IP,M5,20902.2,20900.2,20916,20914,20901.7,20899.7,20913.7,20911.7,253
IG,2025-03-03 05:15:00.000,2025-03-03 05:20:00.000,IX.D.NASDAQ.CASH.IP,M5,20913.6,20911.6,20920.1,20918.1,20911.5,20909.5,20917.2,20915.2,283
IG,2025-03-03 05:20:00.000,2025-03-03 05:25:00.000,IX.D.NASDAQ.CASH.IP,M5,20917.1,20915.1,20923.3,20921.3,20908.8,20906.8,20923,20921,343
IG,2025-03-03 05:25:00.000,2025-03-03 05:30:00.000,IX.D.NASDAQ.CASH.IP,M5,20922.8,20920.8,20934.6,20932.6,20920.6,20918.6,20923,20921,617
IG,2025-03-03 05:30:00.000,2025-03-03 05:35:00.000,IX.D.NASDAQ.CASH.IP,M5,20923.1,20921.1,20933.3,20931.3,20913,20911,20932.2,20930.2,494
IG,2025-03-03 05:35:00.000,2025-03-03 05:40:00.000,IX.D.NASDAQ.CASH.IP,M5,20932.1,20930.1,20942.2,20940.2,20932.1,20930.1,20936.2,20934.2,490
IG,2025-03-03 05:40:00.000,2025-03-03 05:45:00.000,IX.D.NASDAQ.CASH.IP,M5,20936.1,20934.1,20952.6,20950.6,20936.1,20934.1,20943.6,20941.6,657
IG,2025-03-03 05:45:00.000,2025-03-03 05:50:00.000,IX.D.NASDAQ.CASH.IP,M5,20943.5,20941.5,20945.3,20943.3,20937.1,20935.1,20937.2,20935.2,236
IG,2025-03-03 05:50:00.000,2025-03-03 05:55:00.000,IX.D.NASDAQ.CASH.IP,M5,20936.8,20934.8,20944,20942,20933.5,20931.5,20934.8,20932.8,201
IG,2025-03-03 05:55:00.000,2025-03-03 06:00:00.000,IX.D.NASDAQ.CASH.IP,M5,20935.3,20933.3,20940.7,20938.7,20934.7,20932.7,20938.3,20936.3,207
IG,2025-03-03 06:00:00.000,2025-03-03 06:05:00.000,IX.D.NASDAQ.CASH.IP,M5,20938.2,20936.2,20941.1,20939.1,20926.7,20924.7,20936.6,20934.6,679
IG,2025-03-03 06:05:00.000,2025-03-03 06:10:00.000,IX.D.NASDAQ.CASH.IP,M5,20936.7,20934.7,20938,20936,20919.1,20917.1,20921.2,20919.2,406
IG,2025-03-03 06:10:00.000,2025-03-03 06:15:00.000,IX.D.NASDAQ.CASH.IP,M5,20921.1,20919.1,20923.6,20921.6,20913.1,20911.1,20916.7,20914.7,349
IG,2025-03-03 06:15:00.000,2025-03-03 06:20:00.000,IX.D.NASDAQ.CASH.IP,M5,20916.8,20914.8,20920.6,20918.6,20914.8,20912.8,20918.3,20916.3,197
IG,2025-03-03 06:20:00.000,2025-03-03 06:25:00.000,IX.D.NASDAQ.CASH.IP,M5,20918.2,20916.2,20920.8,20918.8,20909.8,20907.8,20914.7,20912.7,317
IG,2025-03-03 06:25:00.000,2025-03-03 06:30:00.000,IX.D.NASDAQ.CASH.IP,M5,20915.3,20913.3,20922,20920,20914.8,20912.8,20921.8,20919.8,226
IG,2025-03-03 06:30:00.000,2025-03-03 06:35:00.000,IX.D.NASDAQ.CASH.IP,M5,20922,20920,20928.5,20926.5,20915.8,20913.8,20917.5,20915.5,405
IG,2025-03-03 06:35:00.000,2025-03-03 06:40:00.000,IX.D.NASDAQ.CASH.IP,M5,20917.3,20915.3,20930.8,20928.8,20916.3,20914.3,20930.2,20928.2,449
IG,2025-03-03 06:38:43.000,2025-03-03 06:50:00.000,IX.D.NASDAQ.CASH.IP,M5,20921.1,20919.1,20954.8,20952.8,20921.1,20919.1,20947.7,20945.7,2212
IG,2025-03-03 06:50:00.000,2025-03-03 06:55:00.000,IX.D.NASDAQ.CASH.IP,M5,20948.5,20946.5,20972.2,20970.2,20942,20940,20962,20960,1205
IG,2025-03-03 06:55:00.000,2025-03-03 07:00:00.000,IX.D.NASDAQ.CASH.IP,M5,20961.8,20959.8,20965.7,20963.7,20949.8,20947.8,20962.7,20960.7,585
IG,2025-03-03 07:00:00.000,2025-03-03 07:05:00.000,IX.D.NASDAQ.CASH.IP,M5,20962.8,20960.8,20965.3,20963.3,20932.8,20930.8,20933.8,20931.8,790
IG,2025-03-03 07:05:00.000,2025-03-03 07:10:00.000,IX.D.NASDAQ.CASH.IP,M5,20933.5,20931.5,20939.7,20937.7,20923.1,20921.1,20929.3,20927.3,424
IG,2025-03-03 07:10:00.000,2025-03-03 07:15:00.000,IX.D.NASDAQ.CASH.IP,M5,20929.2,20927.2,20936.7,20934.7,20919.1,20917.1,20927.5,20925.5,556
IG,2025-03-03 07:15:00.000,2025-03-03 07:20:00.000,IX.D.NASDAQ.CASH.IP,M5,20927.3,20925.3,20931.3,20929.3,20919.1,20917.1,20927.2,20925.2,480
IG,2025-03-03 07:20:00.000,2025-03-03 07:24:59.000,IX.D.NASDAQ.CASH.IP,M5,20927.3,20925.3,20929.8,20927.8,20902.8,20900.8,20905.6,20903.6,776
IG,2025-03-03 07:25:00.000,2025-03-03 07:30:00.000,IX.D.NASDAQ.CASH.IP,M5,20906.2,20904.2,20908.2,20906.2,20875,20873,20881,20879,1147
IG,2025-03-03 07:30:00.000,2025-03-03 07:35:00.000,IX.D.NASDAQ.CASH.IP,M5,20880.8,20878.8,20910,20908,20876.5,20874.5,20909.7,20907.7,870
IG,2025-03-03 07:35:00.000,2025-03-03 07:40:00.000,IX.D.NASDAQ.CASH.IP,M5,20909.6,20907.6,20924.2,20922.2,20903.6,20901.6,20924,20922,541
IG,2025-03-03 07:40:00.000,2025-03-03 07:45:00.000,IX.D.NASDAQ.CASH.IP,M5,20923.6,20921.6,20930.7,20928.7,20920,20918,20926.7,20924.7,452
IG,2025-03-03 07:45:00.000,2025-03-03 07:50:00.000,IX.D.NASDAQ.CASH.IP,M5,20926.8,20924.8,20931.3,20929.3,20914,20912,20922.3,20920.3,625
IG,2025-03-03 07:50:00.000,2025-03-03 07:55:00.000,IX.D.NASDAQ.CASH.IP,M5,20922.5,20920.5,20930.8,20928.8,20916.3,20914.3,20916.3,20914.3,291
IG,2025-03-03 07:55:00.000,2025-03-03 08:00:00.000,IX.D.NASDAQ.CASH.IP,M5,20916.5,20914.5,20920.2,20918.2,20904.6,20902.6,20913.3,20911.3,792
IG,2025-03-03 08:00:00.000,2025-03-03 08:05:00.000,IX.D.NASDAQ.CASH.IP,M5,20909,20907,20935.1,20933.1,20901.8,20899.8,20935.1,20933.1,1262
IG,2025-03-03 08:05:00.000,2025-03-03 08:10:01.000,IX.D.NASDAQ.CASH.IP,M5,20935.3,20933.3,20941,20939,20922.5,20920.5,20929.8,20927.8,891
IG,2025-03-03 08:10:01.000,2025-03-03 08:15:00.000,IX.D.NASDAQ.CASH.IP,M5,20929.7,20927.7,20938.5,20936.5,20915.3,20913.3,20920.6,20918.6,708
IG,2025-03-03 08:15:00.000,2025-03-03 08:20:00.000,IX.D.NASDAQ.CASH.IP,M5,20920.7,20918.7,20925.7,20923.7,20885.3,20883.3,20887.7,20885.7,1322
IG,2025-03-03 08:20:00.000,2025-03-03 08:25:00.000,IX.D.NASDAQ.CASH.IP,M5,20887.6,20885.6,20902.8,20900.8,20877.3,20875.3,20877.3,20875.3,1175
IG,2025-03-03 08:25:00.000,2025-03-03 08:30:00.000,IX.D.NASDAQ.CASH.IP,M5,20877.2,20875.2,20882.8,20880.8,20839.7,20837.7,20858.5,20856.5,1947
IG,2025-03-03 08:30:00.000,2025-03-03 08:35:00.000,IX.D.NASDAQ.CASH.IP,M5,20858.6,20856.6,20873.7,20871.7,20849.1,20847.1,20866.8,20864.8,1112
IG,2025-03-03 08:35:00.000,2025-03-03 08:40:00.000,IX.D.NASDAQ.CASH.IP,M5,20866,20864,20893.7,20891.7,20860.6,20858.6,20893.7,20891.7,1132
IG,2025-03-03 08:40:00.000,2025-03-03 08:45:00.000,IX.D.NASDAQ.CASH.IP,M5,20893.8,20891.8,20915.1,20913.1,20885.7,20883.7,20912.7,20910.7,1023
IG,2025-03-03 08:45:00.000,2025-03-03 08:50:00.000,IX.D.NASDAQ.CASH.IP,M5,20912.6,20910.6,20914.8,20912.8,20885,20883,20894.8,20892.8,785
IG,2025-03-03 08:50:00.000,2025-03-03 08:55:00.000,IX.D.NASDAQ.CASH.IP,M5,20894.7,20892.7,20902,20900,20885.8,20883.8,20890.6,20888.6,719
IG,2025-03-03 08:55:00.000,2025-03-03 09:00:00.000,IX.D.NASDAQ.CASH.IP,M5,20890.7,20888.7,20903.7,20901.7,20887.5,20885.5,20898.6,20896.6,716
IG,2025-03-03 09:00:00.000,2025-03-03 09:05:00.000,IX.D.NASDAQ.CASH.IP,M5,20897.1,20895.1,20908,20906,20882.7,20880.7,20902.5,20900.5,1166
IG,2025-03-03 09:05:00.000,2025-03-03 09:10:00.000,IX.D.NASDAQ.CASH.IP,M5,20902.6,20900.6,20909.2,20907.2,20880.1,20878.1,20886.8,20884.8,856
IG,2025-03-03 09:10:00.000,2025-03-03 09:15:01.000,IX.D.NASDAQ.CASH.IP,M5,20886.7,20884.7,20903.3,20901.3,20882.6,20880.6,20898.2,20896.2,684
IG,2025-03-03 09:15:01.000,2025-03-03 09:20:00.000,IX.D.NASDAQ.CASH.IP,M5,20898.3,20896.3,20924.5,20922.5,20898.2,20896.2,20922,20920,1030
IG,2025-03-03 09:20:00.000,2025-03-03 09:25:00.000,IX.D.NASDAQ.CASH.IP,M5,20922.1,20920.1,20927.2,20925.2,20914.2,20912.2,20924.1,20922.1,542
IG,2025-03-03 09:25:00.000,2025-03-03 09:30:00.000,IX.D.NASDAQ.CASH.IP,M5,20924.2,20922.2,20931.5,20929.5,20921.1,20919.1,20925.8,20923.8,483
IG,2025-03-03 09:30:00.000,2025-03-03 09:35:00.000,IX.D.NASDAQ.CASH.IP,M5,20926.3,20924.3,20937,20935,20925,20923,20934.8,20932.8,441
IG,2025-03-03 09:35:00.000,2025-03-03 09:40:00.000,IX.D.NASDAQ.CASH.IP,M5,20934.7,20932.7,20943.1,20941.1,20929.5,20927.5,20937.5,20935.5,632
IG,2025-03-03 09:40:00.000,2025-03-03 09:45:00.000,IX.D.NASDAQ.CASH.IP,M5,20937.6,20935.6,20942.7,20940.7,20931.1,20929.1,20938.6,20936.6,355
IG,2025-03-03 09:45:00.000,2025-03-03 09:50:00.000,IX.D.NASDAQ.CASH.IP,M5,20938.5,20936.5,20952.2,20950.2,20935.2,20933.2,20945.8,20943.8,597
IG,2025-03-03 09:50:00.000,2025-03-03 09:55:00.000,IX.D.NASDAQ.CASH.IP,M5,20946,20944,20967.2,20965.2,20944.8,20942.8,20962.7,20960.7,751
IG,2025-03-03 09:55:00.000,2025-03-03 10:00:00.000,IX.D.NASDAQ.CASH.IP,M5,20962.8,20960.8,20970.2,20968.2,20959.2,20957.2,20965.7,20963.7,622
IG,2025-03-03 10:00:00.000,2025-03-03 10:05:00.000,IX.D.NASDAQ.CASH.IP,M5,20965.6,20963.6,20971.2,20969.2,20952.1,20950.1,20957.3,20955.3,657
IG,2025-03-03 10:05:01.000,2025-03-03 10:10:02.000,IX.D.NASDAQ.CASH.IP,M5,20957.5,20955.5,20960.1,20958.1,20946,20944,20948.8,20946.8,659
IG,2025-03-03 10:10:02.000,2025-03-03 10:15:01.000,IX.D.NASDAQ.CASH.IP,M5,20949,20947,20951.5,20949.5,20940.8,20938.8,20943.5,20941.5,492
IG,2025-03-03 10:15:01.000,2025-03-03 10:20:00.000,IX.D.NASDAQ.CASH.IP,M5,20943.6,20941.6,20952,20950,20939.5,20937.5,20941.1,20939.1,408
IG,2025-03-03 10:20:00.000,2025-03-03 10:25:01.000,IX.D.NASDAQ.CASH.IP,M5,20941.6,20939.6,20950.8,20948.8,20938.5,20936.5,20941.3,20939.3,397
IG,2025-03-03 10:25:01.000,2025-03-03 10:30:01.000,IX.D.NASDAQ.CASH.IP,M5,20941.5,20939.5,20948.3,20946.3,20937.3,20935.3,20948.2,20946.2,420
IG,2025-03-03 10:30:01.000,2025-03-03 10:35:00.000,IX.D.NASDAQ.CASH.IP,M5,20948.1,20946.1,20956.7,20954.7,20943.5,20941.5,20952.3,20950.3,449
IG,2025-03-03 10:35:00.000,2025-03-03 10:40:00.000,IX.D.NASDAQ.CASH.IP,M5,20952.5,20950.5,20962.6,20960.6,20946.5,20944.5,20961.3,20959.3,413
IG,2025-03-03 10:40:00.000,2025-03-03 10:45:00.000,IX.D.NASDAQ.CASH.IP,M5,20961.5,20959.5,20962.6,20960.6,20953.3,20951.3,20953.3,20951.3,507
IG,2025-03-03 10:45:00.000,2025-03-03 10:50:00.000,IX.D.NASDAQ.CASH.IP,M5,20953.5,20951.5,20959.3,20957.3,20951.5,20949.5,20958.1,20956.1,270
IG,2025-03-03 10:50:00.000,2025-03-03 10:55:00.000,IX.D.NASDAQ.CASH.IP,M5,20958.5,20956.5,20961.8,20959.8,20950.6,20948.6,20955.8,20953.8,444
IG,2025-03-03 10:55:00.000,2025-03-03 11:00:02.000,IX.D.NASDAQ.CASH.IP,M5,20956,20954,20957.8,20955.8,20947.8,20945.8,20952.3,20950.3,362
IG,2025-03-03 11:00:02.000,2025-03-03 11:05:00.000,IX.D.NASDAQ.CASH.IP,M5,20951.6,20949.6,20964.2,20962.2,20947.1,20945.1,20962.8,20960.8,506
IG,2025-03-03 11:05:00.000,2025-03-03 11:10:00.000,IX.D.NASDAQ.CASH.IP,M5,20963.3,20961.3,20975.3,20973.3,20959.3,20957.3,20972.8,20970.8,551
IG,2025-03-03 11:10:00.000,2025-03-03 11:15:01.000,IX.D.NASDAQ.CASH.IP,M5,20972.7,20970.7,20975.7,20973.7,20961.2,20959.2,20975.1,20973.1,454
IG,2025-03-03 11:15:01.000,2025-03-03 11:19:57.000,IX.D.NASDAQ.CASH.IP,M5,20975,20973,20975.3,20973.3,20964.2,20962.2,20967.8,20965.8,343
IG,2025-03-03 11:20:00.000,2025-03-03 11:25:00.000,IX.D.NASDAQ.CASH.IP,M5,20968,20966,20976.8,20974.8,20964.2,20962.2,20974.8,20972.8,435
IG,2025-03-03 11:25:00.000,2025-03-03 11:30:01.000,IX.D.NASDAQ.CASH.IP,M5,20974.6,20972.6,20981.7,20979.7,20971.6,20969.6,20978.7,20976.7,388
IG,2025-03-03 11:30:01.000,2025-03-03 11:34:58.000,IX.D.NASDAQ.CASH.IP,M5,20978.6,20976.6,20982,20980,20975.2,20973.2,20976.5,20974.5,331
IG,2025-03-03 11:35:00.000,2025-03-03 11:40:00.000,IX.D.NASDAQ.CASH.IP,M5,20976.2,20974.2,20976.6,20974.6,20961.5,20959.5,20963,20961,455
IG,2025-03-03 11:40:00.000,2025-03-03 11:45:01.000,IX.D.NASDAQ.CASH.IP,M5,20962.8,20960.8,20978.1,20976.1,20962.7,20960.7,20973.2,20971.2,380
IG,2025-03-03 11:45:01.000,2025-03-03 11:50:00.000,IX.D.NASDAQ.CASH.IP,M5,20973.3,20971.3,20979.8,20977.8,20970.1,20968.1,20979.1,20977.1,311
IG,2025-03-03 11:50:01.000,2025-03-03 11:55:00.000,IX.D.NASDAQ.CASH.IP,M5,20979.2,20977.2,20984.7,20982.7,20974.1,20972.1,20984.5,20982.5,332
IG,2025-03-03 11:55:00.000,2025-03-03 12:00:01.000,IX.D.NASDAQ.CASH.IP,M5,20984.6,20982.6,20996.5,20994.5,20975.1,20973.1,20986,20984,1023
IG,2025-03-03 12:00:01.000,2025-03-03 12:05:00.000,IX.D.NASDAQ.CASH.IP,M5,20985.7,20983.7,21024.7,21022.7,20982.2,20980.2,21022.8,21020.8,1595
IG,2025-03-03 12:05:00.000,2025-03-03 12:10:00.000,IX.D.NASDAQ.CASH.IP,M5,21023,21021,21031.8,21029.8,21016.6,21014.6,21024.3,21022.3,1283
IG,2025-03-03 12:10:00.000,2025-03-03 12:15:00.000,IX.D.NASDAQ.CASH.IP,M5,21024.5,21022.5,21048.3,21046.3,21014.6,21012.6,21044.6,21042.6,1639
IG,2025-03-03 12:15:00.000,2025-03-03 12:20:00.000,IX.D.NASDAQ.CASH.IP,M5,21044.7,21042.7,21051.6,21049.6,21025,21023,21029.2,21027.2,1514
IG,2025-03-03 12:20:00.000,2025-03-03 12:25:00.000,IX.D.NASDAQ.CASH.IP,M5,21029.3,21027.3,21051.1,21049.1,21027.6,21025.6,21045,21043,1248
IG,2025-03-03 12:25:00.000,2025-03-03 12:30:01.000,IX.D.NASDAQ.CASH.IP,M5,21045.1,21043.1,21046.3,21044.3,21023.7,21021.7,21029.5,21027.5,831
IG,2025-03-03 12:30:01.000,2025-03-03 12:35:00.000,IX.D.NASDAQ.CASH.IP,M5,21029.3,21027.3,21035.2,21033.2,21013,21011,21020,21018,1106
IG,2025-03-03 12:35:00.000,2025-03-03 12:40:00.000,IX.D.NASDAQ.CASH.IP,M5,21020.5,21018.5,21024.7,21022.7,21014.3,21012.3,21023.5,21021.5,686
IG,2025-03-03 12:40:00.000,2025-03-03 12:45:00.000,IX.D.NASDAQ.CASH.IP,M5,21023.6,21021.6,21025.7,21023.7,21013,21011,21025.6,21023.6,668
IG,2025-03-03 12:45:00.000,2025-03-03 12:50:00.000,IX.D.NASDAQ.CASH.IP,M5,21025.7,21023.7,21031.1,21029.1,21020.7,21018.7,21026.2,21024.2,723
IG,2025-03-03 12:50:00.000,2025-03-03 12:55:00.000,IX.D.NASDAQ.CASH.IP,M5,21026.1,21024.1,21031.5,21029.5,21016.3,21014.3,21020.8,21018.8,674
IG,2025-03-03 12:55:00.000,2025-03-03 13:00:00.000,IX.D.NASDAQ.CASH.IP,M5,21021.3,21019.3,21033.5,21031.5,21010.8,21008.8,21025,21023,1507
IG,2025-03-03 13:00:00.000,2025-03-03 13:05:00.000,IX.D.NASDAQ.CASH.IP,M5,21025.5,21023.5,21028.6,21026.6,21011.5,21009.5,21015.2,21013.2,713
IG,2025-03-03 13:05:00.000,2025-03-03 13:10:00.000,IX.D.NASDAQ.CASH.IP,M5,21015.3,21013.3,21020.3,21018.3,21009.3,21007.3,21010.8,21008.8,744
IG,2025-03-03 13:10:00.000,2025-03-03 13:15:00.000,IX.D.NASDAQ.CASH.IP,M5,21010.7,21008.7,21012,21010,21000.6,20998.6,21004.2,21002.2,846
IG,2025-03-03 13:15:00.000,2025-03-03 13:20:00.000,IX.D.NASDAQ.CASH.IP,M5,21004.1,21002.1,21008.8,21006.8,20996.2,20994.2,21006.7,21004.7,812
IG,2025-03-03 13:20:00.000,2025-03-03 13:25:00.000,IX.D.NASDAQ.CASH.IP,M5,21006.6,21004.6,21026.1,21024.1,20998.3,20996.3,21026,21024,1205
IG,2025-03-03 13:25:00.000,2025-03-03 13:30:00.000,IX.D.NASDAQ.CASH.IP,M5,21026.1,21024.1,21031.6,21029.6,21022,21020,21025.1,21023.1,1036
IG,2025-03-03 13:30:00.000,2025-03-03 13:35:00.000,IX.D.NASDAQ.CASH.IP,M5,21025.6,21023.6,21025.6,21023.6,20997.7,20995.7,21015.6,21013.6,1516
IG,2025-03-03 13:35:00.000,2025-03-03 13:40:00.000,IX.D.NASDAQ.CASH.IP,M5,21015.5,21013.5,21015.5,21013.5,20998,20996,21000.8,20998.8,1115
IG,2025-03-03 13:40:00.000,2025-03-03 13:45:00.000,IX.D.NASDAQ.CASH.IP,M5,21000.7,20998.7,21006.6,21004.6,20987.6,20985.6,20999.2,20997.2,1288
IG,2025-03-03 13:45:00.000,2025-03-03 13:50:01.000,IX.D.NASDAQ.CASH.IP,M5,20999.1,20997.1,21010.6,21008.6,20995.7,20993.7,21007.8,21005.8,846
IG,2025-03-03 13:50:01.000,2025-03-03 13:55:01.000,IX.D.NASDAQ.CASH.IP,M5,21008,21006,21018.3,21016.3,20985.1,20983.1,21014.1,21012.1,2058
IG,2025-03-03 13:55:01.000,2025-03-03 14:00:01.000,IX.D.NASDAQ.CASH.IP,M5,21014,21012,21023.8,21021.8,21005.1,21003.1,21015.1,21013.1,1301
IG,2025-03-03 14:00:01.000,2025-03-03 14:05:01.000,IX.D.NASDAQ.CASH.IP,M5,21012.2,21010.2,21040.1,21038.1,21007.6,21005.6,21040.1,21038.1,1713
IG,2025-03-03 14:05:01.000,2025-03-03 14:10:00.000,IX.D.NASDAQ.CASH.IP,M5,21040.2,21038.2,21049.6,21047.6,21035.5,21033.5,21037.5,21035.5,1715
IG,2025-03-03 14:10:00.000,2025-03-03 14:15:00.000,IX.D.NASDAQ.CASH.IP,M5,21037.6,21035.6,21037.6,21035.6,21017.5,21015.5,21028.5,21026.5,1661
IG,2025-03-03 14:15:00.000,2025-03-03 14:20:00.000,IX.D.NASDAQ.CASH.IP,M5,21028.3,21026.3,21040.6,21038.6,21023.6,21021.6,21035.8,21033.8,1925
IG,2025-03-03 14:20:00.000,2025-03-03 14:25:00.000,IX.D.NASDAQ.CASH.IP,M5,21035.7,21033.7,21039,21037,21012.2,21010.2,21016.5,21014.5,1657
IG,2025-03-03 14:25:00.000,2025-03-03 14:30:00.000,IX.D.NASDAQ.CASH.IP,M5,21015.6,21013.6,21017.3,21015.3,20999.8,20998.6,20999.8,20998.8,3316
IG,2025-03-03 14:30:00.000,2025-03-03 14:35:00.000,IX.D.NASDAQ.CASH.IP,M5,20998.5,20997.5,21071.6,21070.6,20974.2,20973.2,21041.1,21040.1,16666
IG,2025-03-03 14:35:00.000,2025-03-03 14:40:00.000,IX.D.NASDAQ.CASH.IP,M5,21040.8,21039.8,21051.7,21050.7,20918.6,20917.6,20933.6,20932.6,15950
IG,2025-03-03 14:40:00.000,2025-03-03 14:45:00.000,IX.D.NASDAQ.CASH.IP,M5,20935.8,20934.8,20950.7,20949.7,20893.8,20892.8,20914.3,20913.3,12382
IG,2025-03-03 14:45:00.000,2025-03-03 14:50:00.000,IX.D.NASDAQ.CASH.IP,M5,20914.1,20913.1,20958.3,20957.3,20880.1,20879.1,20891.7,20890.7,14574
IG,2025-03-03 14:50:00.000,2025-03-03 14:55:00.000,IX.D.NASDAQ.CASH.IP,M5,20894,20893,20913.6,20912.6,20852.1,20851.1,20866.1,20865.1,13436
IG,2025-03-03 14:55:00.000,2025-03-03 15:00:00.000,IX.D.NASDAQ.CASH.IP,M5,20867,20866,20867.5,20866.5,20761.5,20760.5,20762.5,20761.5,13810
IG,2025-03-03 15:00:00.000,2025-03-03 15:05:00.000,IX.D.NASDAQ.CASH.IP,M5,20764.8,20763.8,20823.5,20822.5,20712.1,20711.1,20816.7,20815.7,18162
IG,2025-03-03 15:05:00.000,2025-03-03 15:10:00.000,IX.D.NASDAQ.CASH.IP,M5,20817.1,20816.1,20848.6,20847.6,20755.2,20754.2,20766.3,20765.3,14858
IG,2025-03-03 15:10:00.000,2025-03-03 15:15:00.000,IX.D.NASDAQ.CASH.IP,M5,20765.7,20764.7,20833.7,20832.7,20754.3,20753.3,20773.8,20772.8,11358
IG,2025-03-03 15:15:00.000,2025-03-03 15:20:00.000,IX.D.NASDAQ.CASH.IP,M5,20772.7,20771.7,20791.3,20790.3,20757.1,20756.1,20774.3,20773.3,9331
IG,2025-03-03 15:20:00.000,2025-03-03 15:25:00.000,IX.D.NASDAQ.CASH.IP,M5,20772.8,20771.8,20880.2,20879.2,20772.8,20771.8,20841.6,20840.6,11436
IG,2025-03-03 15:25:00.000,2025-03-03 15:30:00.000,IX.D.NASDAQ.CASH.IP,M5,20840.7,20839.7,20911.1,20910.1,20832.6,20831.6,20906.6,20905.6,11733
IG,2025-03-03 15:30:00.000,2025-03-03 15:35:01.000,IX.D.NASDAQ.CASH.IP,M5,20906.3,20905.3,20939.3,20938.3,20873,20872,20902.3,20901.3,12421
IG,2025-03-03 15:35:01.000,2025-03-03 15:40:00.000,IX.D.NASDAQ.CASH.IP,M5,20902.6,20901.6,20903.7,20902.7,20823.8,20822.8,20881.2,20880.2,10063
IG,2025-03-03 15:40:00.000,2025-03-03 15:45:01.000,IX.D.NASDAQ.CASH.IP,M5,20880.6,20879.6,20933,20932,20858.3,20857.3,20927.2,20926.2,7737
IG,2025-03-03 15:45:01.000,2025-03-03 15:50:00.000,IX.D.NASDAQ.CASH.IP,M5,20926.5,20925.5,20931.3,20930.3,20840.6,20839.6,20862.5,20861.5,8159
IG,2025-03-03 15:50:00.000,2025-03-03 15:55:00.000,IX.D.NASDAQ.CASH.IP,M5,20862.6,20861.6,20894.2,20893.2,20845.5,20844.5,20881.2,20880.2,6212
IG,2025-03-03 15:55:00.000,2025-03-03 16:00:00.000,IX.D.NASDAQ.CASH.IP,M5,20881.1,20880.1,20886.7,20885.7,20799.3,20798.3,20815.3,20814.3,8859
IG,2025-03-03 16:00:00.000,2025-03-03 16:05:01.000,IX.D.NASDAQ.CASH.IP,M5,20815.2,20814.2,20858.1,20857.1,20811.2,20810.2,20851.8,20850.8,6770
IG,2025-03-03 16:05:01.000,2025-03-03 16:10:00.000,IX.D.NASDAQ.CASH.IP,M5,20850.8,20849.8,20873.3,20872.3,20834.8,20833.8,20848.3,20847.3,6006
IG,2025-03-03 16:10:00.000,2025-03-03 16:15:01.000,IX.D.NASDAQ.CASH.IP,M5,20848.1,20847.1,20877.1,20876.1,20819.1,20818.1,20867.8,20866.8,7548
IG,2025-03-03 16:15:01.000,2025-03-03 16:20:01.000,IX.D.NASDAQ.CASH.IP,M5,20867.7,20866.7,20891.6,20890.6,20841.5,20840.5,20890.3,20889.3,6498
IG,2025-03-03 16:20:01.000,2025-03-03 16:25:00.000,IX.D.NASDAQ.CASH.IP,M5,20890.6,20889.6,20935.5,20934.5,20878.1,20877.1,20928.3,20927.3,6090
IG,2025-03-03 16:25:00.000,2025-03-03 16:30:00.000,IX.D.NASDAQ.CASH.IP,M5,20927.8,20926.8,20928.3,20927.3,20836.1,20835.1,20845.5,20844.5,8256
IG,2025-03-03 16:30:00.000,2025-03-03 16:35:00.000,IX.D.NASDAQ.CASH.IP,M5,20845.6,20844.6,20854.3,20853.3,20820.7,20819.7,20827.3,20826.3,6815
IG,2025-03-03 16:35:00.000,2025-03-03 16:40:00.000,IX.D.NASDAQ.CASH.IP,M5,20828,20827,20848.2,20847.2,20791.1,20790.1,20802.8,20801.8,8033
IG,2025-03-03 16:40:00.000,2025-03-03 16:45:00.000,IX.D.NASDAQ.CASH.IP,M5,20803,20802,20816.5,20815.5,20782.6,20781.6,20793.8,20792.8,5775
IG,2025-03-03 16:45:00.000,2025-03-03 16:50:00.000,IX.D.NASDAQ.CASH.IP,M5,20794.6,20793.6,20854.6,20853.6,20789.3,20788.3,20848.6,20847.6,5350
IG,2025-03-03 16:50:00.000,2025-03-03 16:55:00.000,IX.D.NASDAQ.CASH.IP,M5,20849.2,20848.2,20889,20888,20846.2,20845.2,20879,20878,5578
IG,2025-03-03 16:55:00.000,2025-03-03 17:00:00.000,IX.D.NASDAQ.CASH.IP,M5,20878.6,20877.6,20893.6,20892.6,20860.2,20859.2,20866,20865,5170
IG,2025-03-03 17:00:00.000,2025-03-03 17:05:01.000,IX.D.NASDAQ.CASH.IP,M5,20867.1,20866.1,20874.5,20873.5,20851.5,20850.5,20860,20859,4290
IG,2025-03-03 17:05:01.000,2025-03-03 17:10:01.000,IX.D.NASDAQ.CASH.IP,M5,20859.8,20858.8,20888.6,20887.6,20855.6,20854.6,20864.2,20863.2,4095
IG,2025-03-03 17:10:01.000,2025-03-03 17:15:00.000,IX.D.NASDAQ.CASH.IP,M5,20864.1,20863.1,20889.1,20888.1,20859.8,20858.8,20883,20882,3096
IG,2025-03-03 17:15:00.000,2025-03-03 17:20:00.000,IX.D.NASDAQ.CASH.IP,M5,20883.1,20882.1,20904.8,20903.8,20863.3,20862.3,20897,20896,3506
IG,2025-03-03 17:20:00.000,2025-03-03 17:25:00.000,IX.D.NASDAQ.CASH.IP,M5,20898.1,20897.1,20904,20903,20884.8,20883.8,20893.1,20892.1,2419
IG,2025-03-03 17:25:00.000,2025-03-03 17:30:01.000,IX.D.NASDAQ.CASH.IP,M5,20893.2,20892.2,20904.8,20903.8,20871.5,20870.5,20893.2,20892.2,3114
IG,2025-03-03 17:30:01.000,2025-03-03 17:35:00.000,IX.D.NASDAQ.CASH.IP,M5,20893.1,20892.1,20900.3,20899.3,20870.5,20869.5,20875.6,20874.6,2980
IG,2025-03-03 17:35:00.000,2025-03-03 17:40:01.000,IX.D.NASDAQ.CASH.IP,M5,20876.6,20875.6,20889.8,20888.8,20857.5,20856.5,20886.6,20885.6,3509
IG,2025-03-03 17:40:01.000,2025-03-03 17:45:00.000,IX.D.NASDAQ.CASH.IP,M5,20886.3,20885.3,20915.3,20914.3,20878.6,20877.6,20888.1,20887.1,3890
IG,2025-03-03 17:45:00.000,2025-03-03 17:50:02.000,IX.D.NASDAQ.CASH.IP,M5,20888.3,20887.3,20888.7,20887.7,20832.7,20831.7,20860.8,20859.8,5778
IG,2025-03-03 17:50:02.000,2025-03-03 17:55:00.000,IX.D.NASDAQ.CASH.IP,M5,20860.7,20859.7,20865.6,20864.6,20816.1,20815.1,20816.1,20815.1,4128
IG,2025-03-03 17:55:00.000,2025-03-03 18:00:01.000,IX.D.NASDAQ.CASH.IP,M5,20814,20813,20825,20824,20773,20772,20796.7,20795.7,6741
IG,2025-03-03 18:00:01.000,2025-03-03 18:05:01.000,IX.D.NASDAQ.CASH.IP,M5,20797,20796,20807.5,20806.5,20761.8,20760.8,20764.7,20763.7,6494
IG,2025-03-03 18:05:01.000,2025-03-03 18:10:00.000,IX.D.NASDAQ.CASH.IP,M5,20765.2,20764.2,20767.6,20766.6,20688.1,20687.1,20689.8,20688.8,9797
IG,2025-03-03 18:10:00.000,2025-03-03 18:15:00.000,IX.D.NASDAQ.CASH.IP,M5,20690,20689,20694.5,20693.5,20655.2,20654.2,20666.6,20665.6,8422
IG,2025-03-03 18:15:00.000,2025-03-03 18:20:00.000,IX.D.NASDAQ.CASH.IP,M5,20665,20664,20707.5,20706.5,20663.1,20662.1,20693.7,20692.7,6657
IG,2025-03-03 18:20:00.000,2025-03-03 18:25:01.000,IX.D.NASDAQ.CASH.IP,M5,20693.6,20692.6,20722.3,20721.3,20675.3,20674.3,20702.8,20701.8,5125
IG,2025-03-03 18:25:01.000,2025-03-03 18:30:01.000,IX.D.NASDAQ.CASH.IP,M5,20703,20702,20703.2,20702.2,20626.5,20625.5,20635.6,20634.6,9482
IG,2025-03-03 18:30:01.000,2025-03-03 18:35:00.000,IX.D.NASDAQ.CASH.IP,M5,20635.8,20634.8,20661.5,20660.5,20607.6,20606.6,20624.6,20623.6,8214
IG,2025-03-03 18:35:00.000,2025-03-03 18:40:00.000,IX.D.NASDAQ.CASH.IP,M5,20622.1,20621.1,20644.5,20643.5,20604.3,20603.3,20615.6,20614.6,6895
IG,2025-03-03 18:40:00.000,2025-03-03 18:45:00.000,IX.D.NASDAQ.CASH.IP,M5,20615.8,20614.8,20663.8,20662.8,20611.6,20610.6,20642.6,20641.6,5904
IG,2025-03-03 18:45:00.000,2025-03-03 18:50:00.000,IX.D.NASDAQ.CASH.IP,M5,20642.5,20641.5,20720,20719,20622.7,20621.7,20664.1,20663.1,13520
IG,2025-03-03 18:50:00.000,2025-03-03 18:55:00.000,IX.D.NASDAQ.CASH.IP,M5,20663.3,20662.3,20700.6,20699.6,20653.3,20652.3,20675.7,20674.7,6245
IG,2025-03-03 18:55:00.000,2025-03-03 19:00:00.000,IX.D.NASDAQ.CASH.IP,M5,20675.6,20674.6,20708.1,20707.1,20654.5,20653.5,20699.1,20698.1,6039
IG,2025-03-03 19:00:00.000,2025-03-03 19:05:00.000,IX.D.NASDAQ.CASH.IP,M5,20698.1,20697.1,20743.3,20742.3,20690,20689,20719.2,20718.2,7041
IG,2025-03-03 19:05:00.000,2025-03-03 19:10:00.000,IX.D.NASDAQ.CASH.IP,M5,20719.6,20718.6,20737.8,20736.8,20703.6,20702.6,20724.6,20723.6,4701
IG,2025-03-03 19:10:00.000,2025-03-03 19:15:00.000,IX.D.NASDAQ.CASH.IP,M5,20724.7,20723.7,20733.5,20732.5,20695.3,20694.3,20701.8,20700.8,5321
IG,2025-03-03 19:15:00.000,2025-03-03 19:20:00.000,IX.D.NASDAQ.CASH.IP,M5,20701.7,20700.7,20709.3,20708.3,20653.3,20652.3,20662.3,20661.3,6793
IG,2025-03-03 19:20:00.000,2025-03-03 19:25:00.000,IX.D.NASDAQ.CASH.IP,M5,20662.2,20661.2,20703,20702,20660.5,20659.5,20687.1,20686.1,4883
IG,2025-03-03 19:25:00.000,2025-03-03 19:30:00.000,IX.D.NASDAQ.CASH.IP,M5,20687,20686,20687,20686,20655.8,20654.8,20666.1,20665.1,3510
IG,2025-03-03 19:30:00.000,2025-03-03 19:35:00.000,IX.D.NASDAQ.CASH.IP,M5,20665.8,20664.8,20731.8,20730.8,20661.8,20660.8,20714.7,20713.7,4796
IG,2025-03-03 19:35:00.000,2025-03-03 19:40:00.000,IX.D.NASDAQ.CASH.IP,M5,20715.1,20714.1,20726.7,20725.7,20681,20680,20724.1,20723.1,4455
IG,2025-03-03 19:40:00.000,2025-03-03 19:45:00.000,IX.D.NASDAQ.CASH.IP,M5,20724,20723,20770.1,20769.1,20723.1,20722.1,20750.7,20749.7,6391
IG,2025-03-03 19:45:00.000,2025-03-03 19:50:00.000,IX.D.NASDAQ.CASH.IP,M5,20750.1,20749.1,20750.1,20749.1,20668,20667,20672.3,20671.3,5401
IG,2025-03-03 19:50:00.000,2025-03-03 19:55:00.000,IX.D.NASDAQ.CASH.IP,M5,20672.5,20671.5,20690.5,20689.5,20558.5,20557.5,20589.6,20588.6,15977
IG,2025-03-03 19:55:00.000,2025-03-03 20:00:00.000,IX.D.NASDAQ.CASH.IP,M5,20589.7,20588.7,20624.7,20623.7,20550.1,20549.1,20554.1,20553.1,9653
IG,2025-03-03 20:00:00.000,2025-03-03 20:05:00.000,IX.D.NASDAQ.CASH.IP,M5,20554.2,20553.2,20555.1,20554.1,20456.3,20455.3,20486,20485,16096
IG,2025-03-03 20:05:00.000,2025-03-03 20:10:00.000,IX.D.NASDAQ.CASH.IP,M5,20485.8,20484.8,20508.1,20507.1,20442.1,20441.1,20450.3,20449.3,11036
IG,2025-03-03 20:10:00.000,2025-03-03 20:15:00.000,IX.D.NASDAQ.CASH.IP,M5,20450.5,20449.5,20464.3,20463.3,20377.8,20376.8,20412,20411,15317
IG,2025-03-03 20:15:00.000,2025-03-03 20:20:00.000,IX.D.NASDAQ.CASH.IP,M5,20411.6,20410.6,20452.6,20451.6,20394.5,20393.5,20399,20398,9898
IG,2025-03-03 20:20:00.000,2025-03-03 20:25:00.000,IX.D.NASDAQ.CASH.IP,M5,20398.8,20397.8,20416.1,20415.1,20338.8,20337.8,20344,20343,10498
IG,2025-03-03 20:25:00.000,2025-03-03 20:30:00.000,IX.D.NASDAQ.CASH.IP,M5,20344.6,20343.6,20365.5,20364.5,20312.1,20311.1,20332.1,20331.1,11053
IG,2025-03-03 20:30:00.000,2025-03-03 20:35:00.000,IX.D.NASDAQ.CASH.IP,M5,20331.5,20330.5,20386.8,20385.8,20322.3,20321.3,20334.6,20333.6,10625
IG,2025-03-03 20:35:00.000,2025-03-03 20:40:00.000,IX.D.NASDAQ.CASH.IP,M5,20334.8,20333.8,20356.7,20355.7,20301,20300,20303.5,20302.5,9138
IG,2025-03-03 20:40:00.000,2025-03-03 20:45:00.000,IX.D.NASDAQ.CASH.IP,M5,20304.8,20303.8,20318.8,20317.8,20268.6,20267.6,20293.5,20292.5,10284
IG,2025-03-03 20:45:00.000,2025-03-03 20:50:00.000,IX.D.NASDAQ.CASH.IP,M5,20295.2,20294.2,20366.8,20365.8,20290.8,20289.8,20346.8,20345.8,11215
IG,2025-03-03 20:50:00.000,2025-03-03 20:55:00.000,IX.D.NASDAQ.CASH.IP,M5,20344.5,20343.5,20381.3,20380.3,20320.8,20319.8,20379.1,20378.1,11705
IG,2025-03-03 20:55:00.000,2025-03-03 21:00:00.000,IX.D.NASDAQ.CASH.IP,M5,20379.2,20378.2,20428.2,20427.2,20358.3,20357.3,20424,20423,21960
IG,2025-03-03 21:00:00.000,2025-03-03 21:05:00.000,IX.D.NASDAQ.CASH.IP,M5,20423.3,20422.3,20464.4,20462.4,20414.9,20412.9,20462.7,20460.7,9652
IG,2025-03-03 21:05:00.000,2025-03-03 21:10:00.000,IX.D.NASDAQ.CASH.IP,M5,20461.9,20459.9,20462.9,20460.9,20442,20440,20447.8,20445.8,3386
IG,2025-03-03 21:10:00.000,2025-03-03 21:15:00.000,IX.D.NASDAQ.CASH.IP,M5,20447.3,20445.3,20464.8,20462.8,20439.5,20437.5,20454,20452,2628
IG,2025-03-03 21:15:00.000,2025-03-03 21:20:00.000,IX.D.NASDAQ.CASH.IP,M5,20453.9,20451.9,20484.3,20482.3,20453.7,20451.7,20472.8,20470.8,2167
IG,2025-03-03 21:20:00.000,2025-03-03 21:25:00.000,IX.D.NASDAQ.CASH.IP,M5,20472.7,20470.7,20473.8,20471.8,20462.3,20460.3,20471.9,20469.9,990
IG,2025-03-03 21:25:00.000,2025-03-03 21:30:00.000,IX.D.NASDAQ.CASH.IP,M5,20471.8,20469.8,20480.9,20478.9,20469.2,20467.2,20479.8,20477.8,726
IG,2025-03-03 21:30:00.000,2025-03-03 21:35:00.000,IX.D.NASDAQ.CASH.IP,M5,20479.7,20477.7,20486.9,20484.9,20464.7,20462.7,20468.2,20466.2,995
IG,2025-03-03 21:35:00.000,2025-03-03 21:40:00.000,IX.D.NASDAQ.CASH.IP,M5,20468,20466,20480,20478,20466.5,20464.5,20475.9,20473.9,600
IG,2025-03-03 21:40:00.000,2025-03-03 21:45:00.000,IX.D.NASDAQ.CASH.IP,M5,20476,20474,20481,20479,20474.9,20472.9,20479,20477,510
IG,2025-03-03 21:45:00.000,2025-03-03 21:50:00.000,IX.D.NASDAQ.CASH.IP,M5,20478.9,20476.9,20483.3,20481.3,20472.2,20470.2,20475.4,20473.4,574
IG,2025-03-03 21:50:00.000,2025-03-03 21:55:00.000,IX.D.NASDAQ.CASH.IP,M5,20475.3,20473.3,20475.7,20473.7,20469.3,20467.3,20470.4,20468.4,373
IG,2025-03-03 21:55:00.000,2025-03-03 22:00:00.000,IX.D.NASDAQ.CASH.IP,M5,20470.3,20468.3,20482,20480,20467.4,20465.4,20481.5,20476.5,696
IG,2025-03-03 22:00:00.000,2025-03-03 22:05:00.000,IX.D.NASDAQ.CASH.IP,M5,20481.2,20476.2,20481.2,20476.2,20476,20471,20476.3,20471.3,0
IG,2025-03-03 22:05:00.000,2025-03-03 22:10:00.000,IX.D.NASDAQ.CASH.IP,M5,20476.4,20471.4,20479,20474,20474.1,20469.1,20476.2,20471.2,0
IG,2025-03-03 22:10:00.000,2025-03-03 22:15:00.000,IX.D.NASDAQ.CASH.IP,M5,20476,20471,20476,20471,20469.2,20464.2,20469.2,20464.2,0
IG,2025-03-03 22:15:00.000,2025-03-03 22:20:00.000,IX.D.NASDAQ.CASH.IP,M5,20469.1,20464.1,20469.3,20464.3,20466.7,20461.7,20466.8,20461.8,0
IG,2025-03-03 22:20:00.000,2025-03-03 22:25:00.000,IX.D.NASDAQ.CASH.IP,M5,20466.7,20461.7,20469.3,20464.3,20465.9,20460.9,20467.6,20462.6,0
IG,2025-03-03 22:25:00.000,2025-03-03 22:30:00.000,IX.D.NASDAQ.CASH.IP,M5,20467.7,20462.7,20467.7,20462.7,20464.3,20459.3,20464.4,20459.4,0
IG,2025-03-03 22:28:00.000,2025-03-03 22:34:54.000,IX.D.NASDAQ.CASH.IP,M5,20465.9,20460.9,20466.3,20461.3,20463.6,20458.6,20465.6,20460.6,0
IG,2025-03-03 22:35:05.000,2025-03-03 22:39:50.000,IX.D.NASDAQ.CASH.IP,M5,20465.7,20460.7,20466.7,20461.7,20460.6,20455.6,20463.4,20458.4,0
IG,2025-03-03 22:40:03.000,2025-03-03 22:44:52.000,IX.D.NASDAQ.CASH.IP,M5,20463.6,20458.6,20463.6,20458.6,20459.4,20454.4,20461.8,20456.8,0
IG,2025-03-03 22:45:04.000,2025-03-03 22:49:31.000,IX.D.NASDAQ.CASH.IP,M5,20461.4,20456.4,20462.6,20457.6,20461.3,20456.3,20462.1,20457.1,0
IG,2025-03-03 22:50:02.000,2025-03-03 22:54:53.000,IX.D.NASDAQ.CASH.IP,M5,20462,20457,20463.2,20458.2,20459.4,20454.4,20461.3,20456.3,0
IG,2025-03-03 22:55:03.000,2025-03-03 23:00:00.000,IX.D.NASDAQ.CASH.IP,M5,20462.1,20457.1,20468.1,20466.1,20461.1,20456.1,20467.4,20465.4,32
IG,2025-03-03 23:00:00.000,2025-03-03 23:05:00.000,IX.D.NASDAQ.CASH.IP,M5,20464.4,20462.4,20468.9,20466.9,20443.4,20441.4,20455.5,20453.5,833
IG,2025-03-03 23:05:00.000,2025-03-03 23:10:00.000,IX.D.NASDAQ.CASH.IP,M5,20455.6,20453.6,20473.9,20471.9,20455.6,20453.6,20463.2,20461.2,467
IG,2025-03-03 23:10:00.000,2025-03-03 23:15:00.000,IX.D.NASDAQ.CASH.IP,M5,20463.1,20461.1,20468.5,20466.5,20451,20449,20462.9,20460.9,469
IG,2025-03-03 23:15:00.000,2025-03-03 23:20:00.000,IX.D.NASDAQ.CASH.IP,M5,20463,20461,20484.6,20482.6,20462.7,20460.7,20476.4,20474.4,742
IG,2025-03-03 23:20:00.000,2025-03-03 23:25:00.000,IX.D.NASDAQ.CASH.IP,M5,20476.7,20474.7,20489.7,20487.7,20465.9,20463.9,20489.1,20487.1,494
IG,2025-03-03 23:25:00.000,2025-03-03 23:30:03.000,IX.D.NASDAQ.CASH.IP,M5,20489,20487,20506.1,20504.1,20486,20484,20500.5,20498.5,611
IG,2025-03-03 23:30:03.000,2025-03-03 23:35:00.000,IX.D.NASDAQ.CASH.IP,M5,20501.4,20499.4,20510.6,20508.6,20487.6,20485.6,20493.4,20491.4,1497
IG,2025-03-03 23:35:00.000,2025-03-03 23:39:59.000,IX.D.NASDAQ.CASH.IP,M5,20493.5,20491.5,20494.5,20492.5,20483.6,20481.6,20490.5,20488.5,554
IG,2025-03-03 23:40:00.000,2025-03-03 23:45:00.000,IX.D.NASDAQ.CASH.IP,M5,20490.4,20488.4,20492.1,20490.1,20468.4,20466.4,20471.5,20469.5,1714
IG,2025-03-03 23:45:00.000,2025-03-03 23:50:00.000,IX.D.NASDAQ.CASH.IP,M5,20471.6,20469.6,20475,20473,20453.2,20451.2,20455,20453,2588
IG,2025-03-03 23:50:00.000,2025-03-03 23:55:00.000,IX.D.NASDAQ.CASH.IP,M5,20455.1,20453.1,20471.7,20469.7,20454.9,20452.9,20470.5,20468.5,3179
IG,2025-03-03 23:55:00.000,2025-03-04 00:00:00.000,IX.D.NASDAQ.CASH.IP,M5,20470.6,20468.6,20480.5,20478.5,20459.4,20457.4,20468.2,20466.2,1090
IG,2025-03-04 00:00:00.000,2025-03-04 00:05:00.000,IX.D.NASDAQ.CASH.IP,M5,20468.5,20466.5,20472.9,20470.9,20452.5,20450.5,20461.2,20459.2,673
IG,2025-03-04 00:05:00.000,2025-03-04 00:10:00.000,IX.D.NASDAQ.CASH.IP,M5,20461.4,20459.4,20483.9,20481.9,20449.6,20447.6,20451.9,20449.9,659
IG,2025-03-04 00:10:00.000,2025-03-04 00:15:01.000,IX.D.NASDAQ.CASH.IP,M5,20451.7,20449.7,20457.2,20455.2,20446.2,20444.2,20451,20449,520
IG,2025-03-04 00:15:01.000,2025-03-04 00:20:00.000,IX.D.NASDAQ.CASH.IP,M5,20451.2,20449.2,20482.6,20480.6,20447.2,20445.2,20480.1,20478.1,653
IG,2025-03-04 00:20:00.000,2025-03-04 00:25:00.000,IX.D.NASDAQ.CASH.IP,M5,20480,20478,20495.5,20493.5,20479.4,20477.4,20488.9,20486.9,690
IG,2025-03-04 00:25:00.000,2025-03-04 00:30:00.000,IX.D.NASDAQ.CASH.IP,M5,20489,20487,20489.5,20487.5,20476.5,20474.5,20482.6,20480.6,447
IG,2025-03-04 00:30:00.000,2025-03-04 00:35:00.000,IX.D.NASDAQ.CASH.IP,M5,20482.7,20480.7,20485.2,20483.2,20468,20466,20473.5,20471.5,355
IG,2025-03-04 00:35:00.000,2025-03-04 00:40:00.000,IX.D.NASDAQ.CASH.IP,M5,20473.4,20471.4,20488.6,20486.6,20467.5,20465.5,20485.4,20483.4,404
IG,2025-03-04 00:40:00.000,2025-03-04 00:44:56.000,IX.D.NASDAQ.CASH.IP,M5,20485.2,20483.2,20487,20485,20461.9,20459.9,20463.9,20461.9,441
IG,2025-03-04 00:45:00.000,2025-03-04 00:50:00.000,IX.D.NASDAQ.CASH.IP,M5,20463.7,20461.7,20470.7,20468.7,20428.4,20426.4,20467.1,20465.1,1515
IG,2025-03-04 00:50:00.000,2025-03-04 00:55:00.000,IX.D.NASDAQ.CASH.IP,M5,20467.2,20465.2,20497.7,20495.7,20458,20456,20493.2,20491.2,996
IG,2025-03-04 00:55:00.000,2025-03-04 01:00:01.000,IX.D.NASDAQ.CASH.IP,M5,20493.4,20491.4,20514.5,20512.5,20490.7,20488.7,20511.2,20509.2,845
IG,2025-03-04 01:00:01.000,2025-03-04 01:05:00.000,IX.D.NASDAQ.CASH.IP,M5,20511,20509,20523,20521,20488.1,20486.1,20492.9,20490.9,938
IG,2025-03-04 01:05:00.000,2025-03-04 01:10:01.000,IX.D.NASDAQ.CASH.IP,M5,20492.7,20490.7,20500,20498,20486.5,20484.5,20490.6,20488.6,354
IG,2025-03-04 01:10:01.000,2025-03-04 01:15:00.000,IX.D.NASDAQ.CASH.IP,M5,20490.5,20488.5,20501.4,20499.4,20462,20460,20467,20465,1004
IG,2025-03-04 01:15:00.000,2025-03-04 01:20:00.000,IX.D.NASDAQ.CASH.IP,M5,20466.9,20464.9,20488.7,20486.7,20457.7,20455.7,20461.5,20459.5,808
IG,2025-03-04 01:20:00.000,2025-03-04 01:25:00.000,IX.D.NASDAQ.CASH.IP,M5,20461.6,20459.6,20471.9,20469.9,20448.6,20446.6,20457,20455,704
IG,2025-03-04 01:25:00.000,2025-03-04 01:30:00.000,IX.D.NASDAQ.CASH.IP,M5,20456.9,20454.9,20461.9,20459.9,20450,20448,20459,20457,423
IG,2025-03-04 01:30:00.000,2025-03-04 01:35:00.000,IX.D.NASDAQ.CASH.IP,M5,20459.1,20457.1,20462.9,20460.9,20420.6,20418.6,20441,20439,1232
IG,2025-03-04 01:35:00.000,2025-03-04 01:40:00.000,IX.D.NASDAQ.CASH.IP,M5,20441.1,20439.1,20450.5,20448.5,20429.1,20427.1,20436,20434,601
IG,2025-03-04 01:40:00.000,2025-03-04 01:45:00.000,IX.D.NASDAQ.CASH.IP,M5,20435.9,20433.9,20463.4,20461.4,20434.1,20432.1,20456.4,20454.4,670
IG,2025-03-04 01:45:00.000,2025-03-04 01:50:00.000,IX.D.NASDAQ.CASH.IP,M5,20456.5,20454.5,20473.5,20471.5,20452.2,20450.2,20465.9,20463.9,537
IG,2025-03-04 01:50:00.000,2025-03-04 01:55:00.000,IX.D.NASDAQ.CASH.IP,M5,20466,20464,20468.5,20466.5,20452,20450,20457.7,20455.7,375
IG,2025-03-04 01:55:00.000,2025-03-04 02:00:00.000,IX.D.NASDAQ.CASH.IP,M5,20457.6,20455.6,20468.5,20466.5,20421.7,20419.7,20427.1,20425.1,902
IG,2025-03-04 02:00:00.000,2025-03-04 02:05:00.000,IX.D.NASDAQ.CASH.IP,M5,20428.4,20426.4,20466.2,20464.2,20424.9,20422.9,20438.9,20436.9,935
IG,2025-03-04 02:05:00.000,2025-03-04 02:10:00.000,IX.D.NASDAQ.CASH.IP,M5,20439,20437,20447.2,20445.2,20428.1,20426.1,20444.9,20442.9,456
IG,2025-03-04 02:10:00.000,2025-03-04 02:15:00.000,IX.D.NASDAQ.CASH.IP,M5,20444.7,20442.7,20464.5,20462.5,20444.4,20442.4,20463.4,20461.4,376
IG,2025-03-04 02:15:00.000,2025-03-04 02:20:01.000,IX.D.NASDAQ.CASH.IP,M5,20463.2,20461.2,20468,20466,20458.5,20456.5,20462,20460,213
IG,2025-03-04 02:20:01.000,2025-03-04 02:25:00.000,IX.D.NASDAQ.CASH.IP,M5,20461.7,20459.7,20475.2,20473.2,20456.1,20454.1,20465.9,20463.9,448
IG,2025-03-04 02:25:00.000,2025-03-04 02:30:01.000,IX.D.NASDAQ.CASH.IP,M5,20465.4,20463.4,20474.2,20472.2,20460.7,20458.7,20470,20468,285
IG,2025-03-04 02:30:01.000,2025-03-04 02:35:00.000,IX.D.NASDAQ.CASH.IP,M5,20469.9,20467.9,20484.6,20482.6,20466,20464,20483,20481,441
IG,2025-03-04 02:35:00.000,2025-03-04 02:40:00.000,IX.D.NASDAQ.CASH.IP,M5,20482.9,20480.9,20490.7,20488.7,20476.1,20474.1,20479.7,20477.7,479
IG,2025-03-04 02:40:01.000,2025-03-04 02:45:01.000,IX.D.NASDAQ.CASH.IP,M5,20481.1,20479.1,20491.5,20489.5,20478.6,20476.6,20482.1,20480.1,336
IG,2025-03-04 02:45:01.000,2025-03-04 02:50:00.000,IX.D.NASDAQ.CASH.IP,M5,20481.2,20479.2,20489.6,20487.6,20478.5,20476.5,20479.7,20477.7,212
IG,2025-03-04 02:50:00.000,2025-03-04 02:55:00.000,IX.D.NASDAQ.CASH.IP,M5,20480.2,20478.2,20487.7,20485.7,20467.6,20465.6,20475.4,20473.4,608
IG,2025-03-04 02:55:00.000,2025-03-04 03:00:02.000,IX.D.NASDAQ.CASH.IP,M5,20475.6,20473.6,20485.4,20483.4,20474.6,20472.6,20477.4,20475.4,196
IG,2025-03-04 03:00:02.000,2025-03-04 03:05:00.000,IX.D.NASDAQ.CASH.IP,M5,20477.5,20475.5,20486.7,20484.7,20465.2,20463.2,20475.2,20473.2,446
IG,2025-03-04 03:05:00.000,2025-03-04 03:10:01.000,IX.D.NASDAQ.CASH.IP,M5,20475.4,20473.4,20490.4,20488.4,20465.2,20463.2,20466,20464,391
IG,2025-03-04 03:10:01.000,2025-03-04 03:15:02.000,IX.D.NASDAQ.CASH.IP,M5,20465.9,20463.9,20479.9,20477.9,20454.7,20452.7,20459.2,20457.2,418
IG,2025-03-04 03:15:02.000,2025-03-04 03:20:01.000,IX.D.NASDAQ.CASH.IP,M5,20459.4,20457.4,20501.7,20499.7,20455.9,20453.9,20499.9,20497.9,664
IG,2025-03-04 03:20:01.000,2025-03-04 03:25:01.000,IX.D.NASDAQ.CASH.IP,M5,20500,20498,20500,20498,20484.7,20482.7,20494.4,20492.4,560
IG,2025-03-04 03:25:01.000,2025-03-04 03:30:00.000,IX.D.NASDAQ.CASH.IP,M5,20494.5,20492.5,20500.5,20498.5,20482.4,20480.4,20493.1,20491.1,320
IG,2025-03-04 03:30:00.000,2025-03-04 03:35:00.000,IX.D.NASDAQ.CASH.IP,M5,20493.2,20491.2,20495.6,20493.6,20480.7,20478.7,20485.5,20483.5,254
IG,2025-03-04 03:35:00.000,2025-03-04 03:40:01.000,IX.D.NASDAQ.CASH.IP,M5,20485.4,20483.4,20489.7,20487.7,20479.6,20477.6,20481,20479,135
IG,2025-03-04 03:40:01.000,2025-03-04 03:45:02.000,IX.D.NASDAQ.CASH.IP,M5,20480.9,20478.9,20488.1,20486.1,20470.4,20468.4,20483.4,20481.4,494
IG,2025-03-04 03:45:03.000,2025-03-04 03:50:00.000,IX.D.NASDAQ.CASH.IP,M5,20483.9,20481.9,20492.2,20490.2,20477.7,20475.7,20489.6,20487.6,375
IG,2025-03-04 03:50:00.000,2025-03-04 03:55:00.000,IX.D.NASDAQ.CASH.IP,M5,20489.7,20487.7,20492.6,20490.6,20482.6,20480.6,20491.4,20489.4,123
IG,2025-03-04 03:55:00.000,2025-03-04 04:00:00.000,IX.D.NASDAQ.CASH.IP,M5,20491.2,20489.2,20497.6,20495.6,20485.7,20483.7,20494.2,20492.2,252
IG,2025-03-04 04:00:00.000,2025-03-04 04:05:01.000,IX.D.NASDAQ.CASH.IP,M5,20494.6,20492.6,20502.2,20500.2,20476.9,20474.9,20486,20484,676
IG,2025-03-04 04:05:01.000,2025-03-04 04:10:00.000,IX.D.NASDAQ.CASH.IP,M5,20486.2,20484.2,20492,20490,20482.5,20480.5,20490.4,20488.4,249
IG,2025-03-04 04:10:02.000,2025-03-04 04:15:00.000,IX.D.NASDAQ.CASH.IP,M5,20490.6,20488.6,20499.1,20497.1,20488.5,20486.5,20492.4,20490.4,259
IG,2025-03-04 04:15:00.000,2025-03-04 04:20:01.000,IX.D.NASDAQ.CASH.IP,M5,20492.5,20490.5,20496.9,20494.9,20481.6,20479.6,20488.7,20486.7,276
IG,2025-03-04 04:20:03.000,2025-03-04 04:25:00.000,IX.D.NASDAQ.CASH.IP,M5,20488.9,20486.9,20512,20510,20488.9,20486.9,20507.2,20505.2,562
IG,2025-03-04 04:25:00.000,2025-03-04 04:30:00.000,IX.D.NASDAQ.CASH.IP,M5,20507.1,20505.1,20514.4,20512.4,20506.2,20504.2,20510.9,20508.9,490
IG,2025-03-04 04:30:00.000,2025-03-04 04:34:59.000,IX.D.NASDAQ.CASH.IP,M5,20511.1,20509.1,20514.7,20512.7,20507.1,20505.1,20508.5,20506.5,298
IG,2025-03-04 04:35:00.000,2025-03-04 04:40:00.000,IX.D.NASDAQ.CASH.IP,M5,20508.4,20506.4,20509,20507,20477.2,20475.2,20478,20476,761
IG,2025-03-04 04:40:00.000,2025-03-04 04:45:00.000,IX.D.NASDAQ.CASH.IP,M5,20478.1,20476.1,20486.5,20484.5,20470.6,20468.6,20479.9,20477.9,641
IG,2025-03-04 04:45:00.000,2025-03-04 04:50:00.000,IX.D.NASDAQ.CASH.IP,M5,20479.7,20477.7,20482.7,20480.7,20472.2,20470.2,20480,20478,309
IG,2025-03-04 04:50:02.000,2025-03-04 04:55:01.000,IX.D.NASDAQ.CASH.IP,M5,20480.1,20478.1,20484.4,20482.4,20474.5,20472.5,20478.9,20476.9,222
IG,2025-03-04 04:55:01.000,2025-03-04 05:00:01.000,IX.D.NASDAQ.CASH.IP,M5,20479,20477,20489.2,20487.2,20476.1,20474.1,20486.4,20484.4,400
IG,2025-03-04 05:00:01.000,2025-03-04 05:05:00.000,IX.D.NASDAQ.CASH.IP,M5,20486.5,20484.5,20534.6,20532.6,20434.1,20432.1,20509.6,20507.6,3226
IG,2025-03-04 05:05:00.000,2025-03-04 05:10:01.000,IX.D.NASDAQ.CASH.IP,M5,20509.2,20507.2,20543.2,20541.2,20503.2,20501.2,20514.1,20512.1,978
IG,2025-03-04 05:10:01.000,2025-03-04 05:15:00.000,IX.D.NASDAQ.CASH.IP,M5,20512.7,20510.7,20513.1,20511.1,20486.2,20484.2,20493.9,20491.9,748
IG,2025-03-04 05:15:00.000,2025-03-04 05:20:00.000,IX.D.NASDAQ.CASH.IP,M5,20493.7,20491.7,20508.2,20506.2,20491.6,20489.6,20501.6,20499.6,320
IG,2025-03-04 05:20:00.000,2025-03-04 05:25:00.000,IX.D.NASDAQ.CASH.IP,M5,20501.7,20499.7,20525.4,20523.4,20499.6,20497.6,20522.6,20520.6,425
IG,2025-03-04 05:25:00.000,2025-03-04 05:30:00.000,IX.D.NASDAQ.CASH.IP,M5,20522.5,20520.5,20534.4,20532.4,20520.2,20518.2,20531.7,20529.7,361
IG,2025-03-04 05:30:00.000,2025-03-04 05:35:00.000,IX.D.NASDAQ.CASH.IP,M5,20531.6,20529.6,20533.9,20531.9,20521.7,20519.7,20532.2,20530.2,397
IG,2025-03-04 05:35:02.000,2025-03-04 05:40:00.000,IX.D.NASDAQ.CASH.IP,M5,20532.4,20530.4,20534.2,20532.2,20519.6,20517.6,20520.5,20518.5,227
IG,2025-03-04 05:40:00.000,2025-03-04 05:45:01.000,IX.D.NASDAQ.CASH.IP,M5,20520.6,20518.6,20526.6,20524.6,20513.5,20511.5,20515.4,20513.4,311
IG,2025-03-04 05:45:02.000,2025-03-04 05:50:00.000,IX.D.NASDAQ.CASH.IP,M5,20515.5,20513.5,20523.6,20521.6,20511.4,20509.4,20514.6,20512.6,184
IG,2025-03-04 05:50:00.000,2025-03-04 05:55:01.000,IX.D.NASDAQ.CASH.IP,M5,20514.7,20512.7,20531.2,20529.2,20514.7,20512.7,20522,20520,229
IG,2025-03-04 05:55:01.000,2025-03-04 06:00:00.000,IX.D.NASDAQ.CASH.IP,M5,20521.9,20519.9,20525.2,20523.2,20515,20513,20524.2,20522.2,189
IG,2025-03-04 06:00:00.000,2025-03-04 06:05:00.000,IX.D.NASDAQ.CASH.IP,M5,20525.2,20523.2,20525.2,20523.2,20506.6,20504.6,20513,20511,371
IG,2025-03-04 06:05:00.000,2025-03-04 06:10:01.000,IX.D.NASDAQ.CASH.IP,M5,20512.9,20510.9,20517.4,20515.4,20487.9,20485.9,20488.4,20486.4,287
IG,2025-03-04 06:10:01.000,2025-03-04 06:15:00.000,IX.D.NASDAQ.CASH.IP,M5,20488.5,20486.5,20493.9,20491.9,20477.9,20475.9,20484.1,20482.1,439
IG,2025-03-04 06:15:00.000,2025-03-04 06:20:02.000,IX.D.NASDAQ.CASH.IP,M5,20484.2,20482.2,20505.9,20503.9,20484.2,20482.2,20505.1,20503.1,387
IG,2025-03-04 06:20:02.000,2025-03-04 06:25:00.000,IX.D.NASDAQ.CASH.IP,M5,20505.2,20503.2,20525.7,20523.7,20504.5,20502.5,20525.1,20523.1,516
IG,2025-03-04 06:25:00.000,2025-03-04 06:30:02.000,IX.D.NASDAQ.CASH.IP,M5,20525.2,20523.2,20535.5,20533.5,20512.6,20510.6,20516.7,20514.7,687
IG,2025-03-04 06:30:02.000,2025-03-04 06:35:00.000,IX.D.NASDAQ.CASH.IP,M5,20517.2,20515.2,20530.2,20528.2,20492.7,20490.7,20494.1,20492.1,634
IG,2025-03-04 06:35:00.000,2025-03-04 06:40:00.000,IX.D.NASDAQ.CASH.IP,M5,20494,20492,20497.5,20495.5,20479.7,20477.7,20497.1,20495.1,923
IG,2025-03-04 06:40:00.000,2025-03-04 06:45:01.000,IX.D.NASDAQ.CASH.IP,M5,20497.5,20495.5,20509.9,20507.9,20488.7,20486.7,20500.6,20498.6,502
IG,2025-03-04 06:45:01.000,2025-03-04 06:50:01.000,IX.D.NASDAQ.CASH.IP,M5,20500.7,20498.7,20523.9,20521.9,20497.7,20495.7,20523.1,20521.1,399
IG,2025-03-04 06:50:01.000,2025-03-04 06:55:00.000,IX.D.NASDAQ.CASH.IP,M5,20522.2,20520.2,20533.2,20531.2,20512.9,20510.9,20517.1,20515.1,692
IG,2025-03-04 06:55:00.000,2025-03-04 07:00:00.000,IX.D.NASDAQ.CASH.IP,M5,20517.2,20515.2,20524.7,20522.7,20510.5,20508.5,20512.9,20510.9,363
IG,2025-03-04 07:00:00.000,2025-03-04 07:05:01.000,IX.D.NASDAQ.CASH.IP,M5,20513,20511,20521.2,20519.2,20496.7,20494.7,20507.7,20505.7,668
IG,2025-03-04 07:05:01.000,2025-03-04 07:10:00.000,IX.D.NASDAQ.CASH.IP,M5,20507.9,20505.9,20511.9,20509.9,20456.1,20454.1,20457.9,20455.9,1117
IG,2025-03-04 07:10:00.000,2025-03-04 07:15:00.000,IX.D.NASDAQ.CASH.IP,M5,20456.1,20454.1,20468.7,20466.7,20436.1,20434.1,20454.2,20452.2,1850
IG,2025-03-04 07:15:00.000,2025-03-04 07:20:01.000,IX.D.NASDAQ.CASH.IP,M5,20454.4,20452.4,20470.9,20468.9,20444.9,20442.9,20470,20468,780
IG,2025-03-04 07:20:01.000,2025-03-04 07:24:57.000,IX.D.NASDAQ.CASH.IP,M5,20470.1,20468.1,20470.1,20468.1,20450.5,20448.5,20457.9,20455.9,444
IG,2025-03-04 07:25:00.000,2025-03-04 07:30:01.000,IX.D.NASDAQ.CASH.IP,M5,20457.7,20455.7,20464.1,20462.1,20450.5,20448.5,20462.2,20460.2,427
IG,2025-03-04 07:30:01.000,2025-03-04 07:35:01.000,IX.D.NASDAQ.CASH.IP,M5,20462.1,20460.1,20470.7,20468.7,20449.6,20447.6,20462.1,20460.1,477
IG,2025-03-04 07:35:01.000,2025-03-04 07:40:00.000,IX.D.NASDAQ.CASH.IP,M5,20462.4,20460.4,20467.4,20465.4,20446.6,20444.6,20453.7,20451.7,400
IG,2025-03-04 07:40:00.000,2025-03-04 07:45:00.000,IX.D.NASDAQ.CASH.IP,M5,20453.6,20451.6,20466.4,20464.4,20436.1,20434.1,20466.2,20464.2,465
IG,2025-03-04 07:45:00.000,2025-03-04 07:50:00.000,IX.D.NASDAQ.CASH.IP,M5,20466.1,20464.1,20470.9,20468.9,20455.1,20453.1,20457.2,20455.2,517
IG,2025-03-04 07:50:00.000,2025-03-04 07:55:00.000,IX.D.NASDAQ.CASH.IP,M5,20455.9,20453.9,20468.4,20466.4,20449,20447,20450.5,20448.5,549
IG,2025-03-04 07:55:00.000,2025-03-04 08:00:00.000,IX.D.NASDAQ.CASH.IP,M5,20450.4,20448.4,20456.2,20454.2,20429.5,20427.5,20436.4,20434.4,856
IG,2025-03-04 08:00:00.000,2025-03-04 08:05:00.000,IX.D.NASDAQ.CASH.IP,M5,20436.5,20434.5,20460.7,20458.7,20430.6,20428.6,20438.9,20436.9,1299
IG,2025-03-04 08:05:00.000,2025-03-04 08:10:00.000,IX.D.NASDAQ.CASH.IP,M5,20438.7,20436.7,20456.2,20454.2,20419.4,20417.4,20431.2,20429.2,1439
IG,2025-03-04 08:10:00.000,2025-03-04 08:15:00.000,IX.D.NASDAQ.CASH.IP,M5,20431.1,20429.1,20469.2,20467.2,20429.7,20427.7,20465.4,20463.4,1077
IG,2025-03-04 08:15:00.000,2025-03-04 08:20:00.000,IX.D.NASDAQ.CASH.IP,M5,20465.5,20463.5,20472.7,20470.7,20441.6,20439.6,20457.4,20455.4,705
IG,2025-03-04 08:20:00.000,2025-03-04 08:25:00.000,IX.D.NASDAQ.CASH.IP,M5,20456.4,20454.4,20479.2,20477.2,20450.5,20448.5,20468.6,20466.6,804
IG,2025-03-04 08:25:00.000,2025-03-04 08:30:00.000,IX.D.NASDAQ.CASH.IP,M5,20468,20466,20483.5,20481.5,20461.1,20459.1,20476.5,20474.5,780
IG,2025-03-04 08:30:00.000,2025-03-04 08:35:00.000,IX.D.NASDAQ.CASH.IP,M5,20476.9,20474.9,20515.1,20513.1,20471.7,20469.7,20494.6,20492.6,1422
IG,2025-03-04 08:35:00.000,2025-03-04 08:40:00.000,IX.D.NASDAQ.CASH.IP,M5,20494.5,20492.5,20512.7,20510.7,20493.4,20491.4,20511.7,20509.7,894
IG,2025-03-04 08:40:00.000,2025-03-04 08:45:00.000,IX.D.NASDAQ.CASH.IP,M5,20511.9,20509.9,20515.6,20513.6,20499.5,20497.5,20509.2,20507.2,910
IG,2025-03-04 08:45:00.000,2025-03-04 08:50:00.000,IX.D.NASDAQ.CASH.IP,M5,20509.4,20507.4,20510.9,20508.9,20468.1,20466.1,20468.1,20466.1,1193
IG,2025-03-04 08:50:00.000,2025-03-04 08:55:00.000,IX.D.NASDAQ.CASH.IP,M5,20468,20466,20469.9,20467.9,20452.4,20450.4,20462.7,20460.7,1033
IG,2025-03-04 08:55:00.000,2025-03-04 09:00:00.000,IX.D.NASDAQ.CASH.IP,M5,20462.6,20460.6,20477.7,20475.7,20462.6,20460.6,20466.9,20464.9,692
IG,2025-03-04 09:00:00.000,2025-03-04 09:05:00.000,IX.D.NASDAQ.CASH.IP,M5,20466.5,20464.5,20505.9,20503.9,20464.6,20462.6,20496.1,20494.1,1287
IG,2025-03-04 09:05:00.000,2025-03-04 09:10:00.000,IX.D.NASDAQ.CASH.IP,M5,20496,20494,20504.1,20502.1,20488.5,20486.5,20503.7,20501.7,829
IG,2025-03-04 09:10:00.000,2025-03-04 09:15:00.000,IX.D.NASDAQ.CASH.IP,M5,20503.9,20501.9,20519.1,20517.1,20481.5,20479.5,20485.5,20483.5,1172
IG,2025-03-04 09:15:00.000,2025-03-04 09:20:00.000,IX.D.NASDAQ.CASH.IP,M5,20485.6,20483.6,20489.5,20487.5,20461,20459,20478,20476,1051
IG,2025-03-04 09:20:00.000,2025-03-04 09:25:01.000,IX.D.NASDAQ.CASH.IP,M5,20478.1,20476.1,20486.9,20484.9,20470.2,20468.2,20480.4,20478.4,715
IG,2025-03-04 09:25:01.000,2025-03-04 09:30:00.000,IX.D.NASDAQ.CASH.IP,M5,20480.2,20478.2,20490.9,20488.9,20467.7,20465.7,20487.6,20485.6,555
IG,2025-03-04 09:30:00.000,2025-03-04 09:35:01.000,IX.D.NASDAQ.CASH.IP,M5,20487.5,20485.5,20490.5,20488.5,20468.5,20466.5,20469.4,20467.4,827
IG,2025-03-04 09:35:01.000,2025-03-04 09:40:00.000,IX.D.NASDAQ.CASH.IP,M5,20469,20467,20472.7,20470.7,20456.1,20454.1,20463.7,20461.7,643
IG,2025-03-04 09:40:00.000,2025-03-04 09:45:00.000,IX.D.NASDAQ.CASH.IP,M5,20462.7,20460.7,20477.9,20475.9,20442.5,20440.5,20475.9,20473.9,1246
IG,2025-03-04 09:45:00.000,2025-03-04 09:50:02.000,IX.D.NASDAQ.CASH.IP,M5,20476,20474,20488.6,20486.6,20471.2,20469.2,20475.6,20473.6,694
IG,2025-03-04 09:50:02.000,2025-03-04 09:55:01.000,IX.D.NASDAQ.CASH.IP,M5,20475.7,20473.7,20475.9,20473.9,20447.1,20445.1,20460.7,20458.7,699
IG,2025-03-04 09:55:01.000,2025-03-04 10:00:00.000,IX.D.NASDAQ.CASH.IP,M5,20460.6,20458.6,20468.9,20466.9,20447.7,20445.7,20448.7,20446.7,583
IG,2025-03-04 10:00:00.000,2025-03-04 10:05:00.000,IX.D.NASDAQ.CASH.IP,M5,20448.9,20446.9,20450.6,20448.6,20397.6,20395.6,20427.4,20425.4,2533
IG,2025-03-04 10:05:00.000,2025-03-04 10:10:00.000,IX.D.NASDAQ.CASH.IP,M5,20427.5,20425.5,20456.2,20454.2,20423.5,20421.5,20446.4,20444.4,979
IG,2025-03-04 10:10:00.000,2025-03-04 10:15:01.000,IX.D.NASDAQ.CASH.IP,M5,20446.5,20444.5,20458.4,20456.4,20444,20442,20450.4,20448.4,623
IG,2025-03-04 10:15:01.000,2025-03-04 10:20:01.000,IX.D.NASDAQ.CASH.IP,M5,20450.5,20448.5,20467.2,20465.2,20446.5,20444.5,20451.6,20449.6,699
IG,2025-03-04 10:20:01.000,2025-03-04 10:25:01.000,IX.D.NASDAQ.CASH.IP,M5,20451.4,20449.4,20454.4,20452.4,20432.7,20430.7,20433.9,20431.9,842
IG,2025-03-04 10:25:01.000,2025-03-04 10:30:00.000,IX.D.NASDAQ.CASH.IP,M5,20433.6,20431.6,20441.7,20439.7,20412.1,20410.1,20417.4,20415.4,833
IG,2025-03-04 10:30:00.000,2025-03-04 10:35:01.000,IX.D.NASDAQ.CASH.IP,M5,20417.2,20415.2,20432.6,20430.6,20404.9,20402.9,20414.7,20412.7,1040
IG,2025-03-04 10:35:01.000,2025-03-04 10:40:00.000,IX.D.NASDAQ.CASH.IP,M5,20414.6,20412.6,20418.4,20416.4,20399.2,20397.2,20417.5,20415.5,1143
IG,2025-03-04 10:40:00.000,2025-03-04 10:45:00.000,IX.D.NASDAQ.CASH.IP,M5,20417.4,20415.4,20425.7,20423.7,20406.2,20404.2,20411.7,20409.7,827
IG,2025-03-04 10:45:00.000,2025-03-04 10:50:01.000,IX.D.NASDAQ.CASH.IP,M5,20411.6,20409.6,20421.7,20419.7,20404.6,20402.6,20416.9,20414.9,687
IG,2025-03-04 10:50:02.000,2025-03-04 10:55:00.000,IX.D.NASDAQ.CASH.IP,M5,20416.7,20414.7,20430.6,20428.6,20411.4,20409.4,20423,20421,718
IG,2025-03-04 10:55:00.000,2025-03-04 11:00:00.000,IX.D.NASDAQ.CASH.IP,M5,20422.9,20420.9,20425,20423,20411.2,20409.2,20414.7,20412.7,547
IG,2025-03-04 11:00:00.000,2025-03-04 11:05:01.000,IX.D.NASDAQ.CASH.IP,M5,20415.7,20413.7,20428.1,20426.1,20404.4,20402.4,20407.2,20405.2,983
IG,2025-03-04 11:05:01.000,2025-03-04 11:10:01.000,IX.D.NASDAQ.CASH.IP,M5,20407,20405,20439.1,20437.1,20407,20405,20425.9,20423.9,838
IG,2025-03-04 11:10:01.000,2025-03-04 11:15:00.000,IX.D.NASDAQ.CASH.IP,M5,20426.1,20424.1,20440.5,20438.5,20420.2,20418.2,20420.9,20418.9,736
IG,2025-03-04 11:15:00.000,2025-03-04 11:20:01.000,IX.D.NASDAQ.CASH.IP,M5,20420.6,20418.6,20420.6,20418.6,20407.5,20405.5,20416.4,20414.4,672
IG,2025-03-04 11:20:01.000,2025-03-04 11:25:01.000,IX.D.NASDAQ.CASH.IP,M5,20416.5,20414.5,20421.6,20419.6,20409.5,20407.5,20421.2,20419.2,479
IG,2025-03-04 11:25:01.000,2025-03-04 11:30:00.000,IX.D.NASDAQ.CASH.IP,M5,20420.9,20418.9,20435.7,20433.7,20418.2,20416.2,20434.4,20432.4,527
IG,2025-03-04 11:30:00.000,2025-03-04 11:35:01.000,IX.D.NASDAQ.CASH.IP,M5,20433,20431,20444.2,20442.2,20421.2,20419.2,20424.9,20422.9,1155
IG,2025-03-04 11:35:01.000,2025-03-04 11:40:01.000,IX.D.NASDAQ.CASH.IP,M5,20424.6,20422.6,20424.6,20422.6,20392.2,20390.2,20407.1,20405.1,1284
IG,2025-03-04 11:40:01.000,2025-03-04 11:45:00.000,IX.D.NASDAQ.CASH.IP,M5,20407,20405,20427,20425,20404.6,20402.6,20425.4,20423.4,681
IG,2025-03-04 11:45:00.000,2025-03-04 11:50:00.000,IX.D.NASDAQ.CASH.IP,M5,20425.2,20423.2,20445.9,20443.9,20423.7,20421.7,20432.4,20430.4,1132
IG,2025-03-04 11:50:00.000,2025-03-04 11:55:01.000,IX.D.NASDAQ.CASH.IP,M5,20432.5,20430.5,20446.2,20444.2,20425.4,20423.4,20429.1,20427.1,699
IG,2025-03-04 11:55:01.000,2025-03-04 12:00:00.000,IX.D.NASDAQ.CASH.IP,M5,20429.2,20427.2,20432.7,20430.7,20421,20419,20421,20419,549
IG,2025-03-04 12:00:00.000,2025-03-04 12:05:01.000,IX.D.NASDAQ.CASH.IP,M5,20421.1,20419.1,20424,20422,20378.9,20376.9,20379,20377,2039
IG,2025-03-04 12:05:01.000,2025-03-04 12:10:01.000,IX.D.NASDAQ.CASH.IP,M5,20378.9,20376.9,20395.7,20393.7,20369.7,20367.7,20385,20383,1611
IG,2025-03-04 12:10:01.000,2025-03-04 12:15:00.000,IX.D.NASDAQ.CASH.IP,M5,20384.6,20382.6,20400.2,20398.2,20365.2,20363.2,20365.2,20363.2,1330
IG,2025-03-04 12:15:00.000,2025-03-04 12:20:01.000,IX.D.NASDAQ.CASH.IP,M5,20365.1,20363.1,20375.9,20373.9,20337.9,20335.9,20338.7,20336.7,2385
IG,2025-03-04 12:20:01.000,2025-03-04 12:25:01.000,IX.D.NASDAQ.CASH.IP,M5,20339.6,20337.6,20349.5,20347.5,20301.5,20299.5,20314.6,20312.6,3448
IG,2025-03-04 12:25:01.000,2025-03-04 12:30:00.000,IX.D.NASDAQ.CASH.IP,M5,20314.9,20312.9,20318.1,20316.1,20259.9,20257.9,20267.5,20265.5,4571
IG,2025-03-04 12:30:00.000,2025-03-04 12:35:01.000,IX.D.NASDAQ.CASH.IP,M5,20267.9,20265.9,20311.4,20309.4,20264.2,20262.2,20301.1,20299.1,2573
IG,2025-03-04 12:35:01.000,2025-03-04 12:40:00.000,IX.D.NASDAQ.CASH.IP,M5,20301,20299,20322.4,20320.4,20289,20287,20310.5,20308.5,1725
IG,2025-03-04 12:40:00.000,2025-03-04 12:45:01.000,IX.D.NASDAQ.CASH.IP,M5,20310.4,20308.4,20324.2,20322.2,20294.4,20292.4,20306,20304,1743
IG,2025-03-04 12:45:01.000,2025-03-04 12:50:00.000,IX.D.NASDAQ.CASH.IP,M5,20306.1,20304.1,20331,20329,20297.7,20295.7,20308.6,20306.6,1886
IG,2025-03-04 12:50:00.000,2025-03-04 12:55:01.000,IX.D.NASDAQ.CASH.IP,M5,20308.5,20306.5,20321.2,20319.2,20282,20280,20285.5,20283.5,1909
IG,2025-03-04 12:55:01.000,2025-03-04 13:00:00.000,IX.D.NASDAQ.CASH.IP,M5,20285.4,20283.4,20291.5,20289.5,20268.6,20266.6,20272,20270,2302
IG,2025-03-04 13:00:00.000,2025-03-04 13:05:01.000,IX.D.NASDAQ.CASH.IP,M5,20272.2,20270.2,20285.9,20283.9,20239.7,20237.7,20247.7,20245.7,3600
IG,2025-03-04 13:05:01.000,2025-03-04 13:10:01.000,IX.D.NASDAQ.CASH.IP,M5,20247.6,20245.6,20284.1,20282.1,20243.5,20241.5,20251.2,20249.2,3320
IG,2025-03-04 13:10:01.000,2025-03-04 13:15:01.000,IX.D.NASDAQ.CASH.IP,M5,20251,20249,20266.4,20264.4,20240.7,20238.7,20241.1,20239.1,2233
IG,2025-03-04 13:15:01.000,2025-03-04 13:20:00.000,IX.D.NASDAQ.CASH.IP,M5,20240.9,20238.9,20267.4,20265.4,20227.4,20225.4,20232,20230,2700
IG,2025-03-04 13:20:00.000,2025-03-04 13:25:00.000,IX.D.NASDAQ.CASH.IP,M5,20232.1,20230.1,20254,20252,20225.6,20223.6,20241.9,20239.9,2344
IG,2025-03-04 13:25:00.000,2025-03-04 13:30:01.000,IX.D.NASDAQ.CASH.IP,M5,20241.6,20239.6,20247.7,20245.7,20215.2,20213.2,20225.5,20223.5,1934
IG,2025-03-04 13:30:01.000,2025-03-04 13:35:00.000,IX.D.NASDAQ.CASH.IP,M5,20225.4,20223.4,20270.4,20268.4,20223.5,20221.5,20262.2,20260.2,3467
IG,2025-03-04 13:35:00.000,2025-03-04 13:40:00.000,IX.D.NASDAQ.CASH.IP,M5,20263.1,20261.1,20294.5,20292.5,20259.2,20257.2,20283.1,20281.1,3408
IG,2025-03-04 13:40:00.000,2025-03-04 13:45:00.000,IX.D.NASDAQ.CASH.IP,M5,20283,20281,20306,20304,20275.2,20273.2,20288.7,20286.7,2993
IG,2025-03-04 13:45:00.000,2025-03-04 13:50:01.000,IX.D.NASDAQ.CASH.IP,M5,20288.6,20286.6,20303.6,20301.6,20279.4,20277.4,20300,20298,2389
IG,2025-03-04 13:50:01.000,2025-03-04 13:55:01.000,IX.D.NASDAQ.CASH.IP,M5,20301.1,20299.1,20308.9,20306.9,20273.7,20271.7,20299.6,20297.6,3281
IG,2025-03-04 13:55:01.000,2025-03-04 14:00:00.000,IX.D.NASDAQ.CASH.IP,M5,20299.5,20297.5,20300.1,20298.1,20262.5,20260.5,20274.7,20272.7,2781
IG,2025-03-04 14:00:00.000,2025-03-04 14:05:01.000,IX.D.NASDAQ.CASH.IP,M5,20274.6,20272.6,20338.2,20336.2,20274.6,20272.6,20328,20326,4836
IG,2025-03-04 14:05:01.000,2025-03-04 14:10:00.000,IX.D.NASDAQ.CASH.IP,M5,20328.1,20326.1,20347.9,20345.9,20324,20322,20346.5,20344.5,3572
IG,2025-03-04 14:10:00.000,2025-03-04 14:15:00.000,IX.D.NASDAQ.CASH.IP,M5,20346.4,20344.4,20351.5,20349.5,20331.2,20329.2,20337,20335,2893
IG,2025-03-04 14:15:00.000,2025-03-04 14:20:00.000,IX.D.NASDAQ.CASH.IP,M5,20337.2,20335.2,20337.7,20335.7,20299,20297,20301.2,20299.2,3926
IG,2025-03-04 14:20:00.000,2025-03-04 14:25:00.000,IX.D.NASDAQ.CASH.IP,M5,20301.4,20299.4,20321.6,20319.6,20282.1,20280.1,20283.6,20281.6,3956
IG,2025-03-04 14:25:00.000,2025-03-04 14:30:00.000,IX.D.NASDAQ.CASH.IP,M5,20283.9,20281.9,20339.2,20337.2,20278.6,20276.6,20281.6,20280.6,9463
IG,2025-03-04 14:30:00.000,2025-03-04 14:35:01.000,IX.D.NASDAQ.CASH.IP,M5,20282.4,20281.4,20316,20315,20213.1,20212.1,20254.1,20253.1,23895
IG,2025-03-04 14:35:01.000,2025-03-04 14:40:01.000,IX.D.NASDAQ.CASH.IP,M5,20253.7,20252.7,20382.1,20381.1,20253.1,20252.1,20310.1,20309.1,19592
IG,2025-03-04 14:40:01.000,2025-03-04 14:45:00.000,IX.D.NASDAQ.CASH.IP,M5,20310,20309,20354.9,20353.9,20214.6,20213.6,20285.5,20284.5,17254
IG,2025-03-04 14:45:00.000,2025-03-04 14:50:00.000,IX.D.NASDAQ.CASH.IP,M5,20283.9,20282.9,20364.9,20363.9,20259.6,20258.6,20285.9,20284.9,11059
IG,2025-03-04 14:50:00.000,2025-03-04 14:55:01.000,IX.D.NASDAQ.CASH.IP,M5,20284.5,20283.5,20292.1,20291.1,20222.1,20221.1,20265,20264,10569
IG,2025-03-04 14:55:01.000,2025-03-04 15:00:01.000,IX.D.NASDAQ.CASH.IP,M5,20265.4,20264.4,20300.6,20299.6,20168.5,20167.5,20168.6,20167.6,12432
IG,2025-03-04 15:00:01.000,2025-03-04 15:05:01.000,IX.D.NASDAQ.CASH.IP,M5,20168.5,20167.5,20207.9,20206.9,20131.1,20130.1,20175.9,20174.9,14524
IG,2025-03-04 15:05:01.000,2025-03-04 15:10:01.000,IX.D.NASDAQ.CASH.IP,M5,20176.1,20175.1,20202,20201,20120.6,20119.6,20125,20124,12209
IG,2025-03-04 15:10:01.000,2025-03-04 15:15:01.000,IX.D.NASDAQ.CASH.IP,M5,20125.5,20124.5,20197.4,20196.4,20114,20113,20148.9,20147.9,13330
IG,2025-03-04 15:15:01.000,2025-03-04 15:20:00.000,IX.D.NASDAQ.CASH.IP,M5,20148.7,20147.7,20157.1,20156.1,20043.2,20042.2,20066.5,20065.5,15397
IG,2025-03-04 15:20:00.000,2025-03-04 15:25:01.000,IX.D.NASDAQ.CASH.IP,M5,20066.1,20065.1,20091.2,20090.2,20028.6,20027.6,20068.1,20067.1,13729
IG,2025-03-04 15:25:01.000,2025-03-04 15:30:00.000,IX.D.NASDAQ.CASH.IP,M5,20067.5,20066.5,20137.4,20136.4,20049.9,20048.9,20104.1,20103.1,14025
IG,2025-03-04 15:30:00.000,2025-03-04 15:35:01.000,IX.D.NASDAQ.CASH.IP,M5,20104.6,20103.6,20195.5,20194.5,20087.4,20086.4,20166.6,20165.6,13926
IG,2025-03-04 15:35:01.000,2025-03-04 15:40:01.000,IX.D.NASDAQ.CASH.IP,M5,20166.5,20165.5,20190.7,20189.7,20125.5,20124.5,20134,20133,10756
IG,2025-03-04 15:40:01.000,2025-03-04 15:45:00.000,IX.D.NASDAQ.CASH.IP,M5,20133.9,20132.9,20188.9,20187.9,20124.2,20123.2,20183.2,20182.2,11186
IG,2025-03-04 15:45:00.000,2025-03-04 15:50:02.000,IX.D.NASDAQ.CASH.IP,M5,20184.6,20183.6,20215.7,20214.7,20129.4,20128.4,20184,20183,13465
IG,2025-03-04 15:50:02.000,2025-03-04 15:55:00.000,IX.D.NASDAQ.CASH.IP,M5,20184.9,20183.9,20190.6,20189.6,20121,20120,20133.7,20132.7,8943
IG,2025-03-04 15:55:00.000,2025-03-04 16:00:01.000,IX.D.NASDAQ.CASH.IP,M5,20133.6,20132.6,20165.7,20164.7,20111,20110,20147.6,20146.6,8391
IG,2025-03-04 16:00:01.000,2025-03-04 16:05:01.000,IX.D.NASDAQ.CASH.IP,M5,20146.6,20145.6,20175.4,20174.4,20102.2,20101.2,20131.4,20130.4,10155
IG,2025-03-04 16:05:01.000,2025-03-04 16:10:00.000,IX.D.NASDAQ.CASH.IP,M5,20133.2,20132.2,20138.5,20137.5,20063.5,20062.5,20082,20081,9087
IG,2025-03-04 16:10:00.000,2025-03-04 16:15:00.000,IX.D.NASDAQ.CASH.IP,M5,20081.2,20080.2,20163.1,20162.1,20064.4,20063.4,20155,20154,9390
IG,2025-03-04 16:15:00.000,2025-03-04 16:20:00.000,IX.D.NASDAQ.CASH.IP,M5,20152.9,20151.9,20182.2,20181.2,20109.2,20108.2,20118.5,20117.5,8310
IG,2025-03-04 16:20:00.000,2025-03-04 16:25:00.000,IX.D.NASDAQ.CASH.IP,M5,20118.7,20117.7,20151.6,20150.6,20098.4,20097.4,20115,20114,6623
IG,2025-03-04 16:25:00.000,2025-03-04 16:30:01.000,IX.D.NASDAQ.CASH.IP,M5,20115.4,20114.4,20116.9,20115.9,20061.6,20060.6,20109.4,20108.4,7701
IG,2025-03-04 16:30:01.000,2025-03-04 16:35:00.000,IX.D.NASDAQ.CASH.IP,M5,20110.7,20109.7,20158.9,20157.9,20110,20109,20128.9,20127.9,7901
IG,2025-03-04 16:35:00.000,2025-03-04 16:40:01.000,IX.D.NASDAQ.CASH.IP,M5,20128.6,20127.6,20173,20172,20122,20121,20134,20133,7194
IG,2025-03-04 16:40:01.000,2025-03-04 16:45:00.000,IX.D.NASDAQ.CASH.IP,M5,20134.4,20133.4,20216.1,20215.1,20133.1,20132.1,20200.1,20199.1,8238
IG,2025-03-04 16:45:00.000,2025-03-04 16:50:01.000,IX.D.NASDAQ.CASH.IP,M5,20199.9,20198.9,20247.2,20246.2,20185.2,20184.2,20230.4,20229.4,8381
IG,2025-03-04 16:50:01.000,2025-03-04 16:55:01.000,IX.D.NASDAQ.CASH.IP,M5,20231.7,20230.7,20269.7,20268.7,20201.2,20200.2,20251,20250,10543
IG,2025-03-04 16:55:01.000,2025-03-04 17:00:00.000,IX.D.NASDAQ.CASH.IP,M5,20251.7,20250.7,20290,20289,20244.7,20243.7,20254.7,20253.7,8123
IG,2025-03-04 17:00:00.000,2025-03-04 17:05:01.000,IX.D.NASDAQ.CASH.IP,M5,20257.5,20256.5,20269.4,20268.4,20230.5,20229.5,20256.7,20255.7,6803
IG,2025-03-04 17:05:01.000,2025-03-04 17:10:01.000,IX.D.NASDAQ.CASH.IP,M5,20256.6,20255.6,20260.1,20259.1,20218.6,20217.6,20234.2,20233.2,5622
IG,2025-03-04 17:10:01.000,2025-03-04 17:15:00.000,IX.D.NASDAQ.CASH.IP,M5,20235,20234,20280.1,20279.1,20234,20233,20249.6,20248.6,6091
IG,2025-03-04 17:15:00.000,2025-03-04 17:20:00.000,IX.D.NASDAQ.CASH.IP,M5,20249.7,20248.7,20285,20284,20239.7,20238.7,20274,20273,5558
IG,2025-03-04 17:20:00.000,2025-03-04 17:25:01.000,IX.D.NASDAQ.CASH.IP,M5,20274.6,20273.6,20335.6,20334.6,20271.6,20270.6,20307.2,20306.2,9473
IG,2025-03-04 17:25:01.000,2025-03-04 17:30:01.000,IX.D.NASDAQ.CASH.IP,M5,20306.7,20305.7,20384,20383,20305,20304,20340.7,20339.7,10657
IG,2025-03-04 17:30:01.000,2025-03-04 17:35:01.000,IX.D.NASDAQ.CASH.IP,M5,20340.6,20339.6,20342.2,20341.2,20284,20283,20315.7,20314.7,8777
IG,2025-03-04 17:35:01.000,2025-03-04 17:40:00.000,IX.D.NASDAQ.CASH.IP,M5,20315.2,20314.2,20356,20355,20309.1,20308.1,20336.7,20335.7,5704
IG,2025-03-04 17:40:00.000,2025-03-04 17:45:01.000,IX.D.NASDAQ.CASH.IP,M5,20336.6,20335.6,20354.2,20353.2,20291.9,20290.9,20321.4,20320.4,9406
IG,2025-03-04 17:45:01.000,2025-03-04 17:50:00.000,IX.D.NASDAQ.CASH.IP,M5,20320.7,20319.7,20366,20365,20313.7,20312.7,20329.1,20328.1,6244
IG,2025-03-04 17:50:00.000,2025-03-04 17:55:01.000,IX.D.NASDAQ.CASH.IP,M5,20328,20327,20331.6,20330.6,20271,20270,20309.5,20308.5,7007
IG,2025-03-04 17:55:01.000,2025-03-04 18:00:00.000,IX.D.NASDAQ.CASH.IP,M5,20310,20309,20310.6,20309.6,20275.4,20274.4,20289.4,20288.4,4104
IG,2025-03-04 18:00:00.000,2025-03-04 18:05:00.000,IX.D.NASDAQ.CASH.IP,M5,20284.9,20283.9,20324.2,20323.2,20265.4,20264.4,20295.2,20294.2,6340
IG,2025-03-04 18:05:00.000,2025-03-04 18:10:01.000,IX.D.NASDAQ.CASH.IP,M5,20296,20295,20379.2,20378.2,20294,20293,20369,20368,7958
IG,2025-03-04 18:10:01.000,2025-03-04 18:15:00.000,IX.D.NASDAQ.CASH.IP,M5,20370.6,20369.6,20447.9,20446.9,20366.6,20365.6,20432.5,20431.5,10998
IG,2025-03-04 18:15:00.000,2025-03-04 18:20:00.000,IX.D.NASDAQ.CASH.IP,M5,20431.7,20430.7,20436.4,20435.4,20353.7,20352.7,20383.9,20382.9,8068
IG,2025-03-04 18:20:00.000,2025-03-04 18:25:00.000,IX.D.NASDAQ.CASH.IP,M5,20383.2,20382.2,20390.7,20389.7,20332.9,20331.9,20351.1,20350.1,5374
IG,2025-03-04 18:25:00.000,2025-03-04 18:30:00.000,IX.D.NASDAQ.CASH.IP,M5,20352.5,20351.5,20358.2,20357.2,20321.7,20320.7,20331,20330,4697
IG,2025-03-04 18:30:00.000,2025-03-04 18:35:00.000,IX.D.NASDAQ.CASH.IP,M5,20331.5,20330.5,20369.6,20368.6,20304.1,20303.1,20363,20362,5778
IG,2025-03-04 18:35:00.000,2025-03-04 18:40:01.000,IX.D.NASDAQ.CASH.IP,M5,20362.9,20361.9,20393.9,20392.9,20344.6,20343.6,20392,20391,4354
IG,2025-03-04 18:40:01.000,2025-03-04 18:45:01.000,IX.D.NASDAQ.CASH.IP,M5,20391.7,20390.7,20429.2,20428.2,20383.7,20382.7,20405.5,20404.5,6266
IG,2025-03-04 18:45:01.000,2025-03-04 18:50:01.000,IX.D.NASDAQ.CASH.IP,M5,20406.7,20405.7,20431.1,20430.1,20389,20388,20398.6,20397.6,4209
IG,2025-03-04 18:50:01.000,2025-03-04 18:55:01.000,IX.D.NASDAQ.CASH.IP,M5,20397.2,20396.2,20440,20439,20387,20386,20429.4,20428.4,4936
IG,2025-03-04 18:55:01.000,2025-03-04 19:00:00.000,IX.D.NASDAQ.CASH.IP,M5,20429.2,20428.2,20475.2,20474.2,20429.2,20428.2,20453.2,20452.2,7046
IG,2025-03-04 19:00:00.000,2025-03-04 19:05:01.000,IX.D.NASDAQ.CASH.IP,M5,20453,20452,20514,20513,20450.7,20449.7,20492.4,20491.4,9345
IG,2025-03-04 19:05:01.000,2025-03-04 19:10:02.000,IX.D.NASDAQ.CASH.IP,M5,20494,20493,20540.5,20539.5,20491.7,20490.7,20520.6,20519.6,7924
IG,2025-03-04 19:10:02.000,2025-03-04 19:15:01.000,IX.D.NASDAQ.CASH.IP,M5,20520.7,20519.7,20524.6,20523.6,20485,20484,20501.7,20500.7,6342
IG,2025-03-04 19:15:01.000,2025-03-04 19:20:00.000,IX.D.NASDAQ.CASH.IP,M5,20501.5,20500.5,20520.7,20519.7,20488.9,20487.9,20509.1,20508.1,4752
IG,2025-03-04 19:20:00.000,2025-03-04 19:25:01.000,IX.D.NASDAQ.CASH.IP,M5,20509.2,20508.2,20570,20569,20504.2,20503.2,20562.6,20561.6,7893
IG,2025-03-04 19:25:01.000,2025-03-04 19:30:00.000,IX.D.NASDAQ.CASH.IP,M5,20562.9,20561.9,20576.5,20575.5,20512.2,20511.2,20524.5,20523.5,7480
IG,2025-03-04 19:30:00.000,2025-03-04 19:35:01.000,IX.D.NASDAQ.CASH.IP,M5,20524.2,20523.2,20529.2,20528.2,20490.9,20489.9,20506.6,20505.6,6353
IG,2025-03-04 19:35:01.000,2025-03-04 19:40:00.000,IX.D.NASDAQ.CASH.IP,M5,20505.6,20504.6,20544.7,20543.7,20498,20497,20539.1,20538.1,4242
IG,2025-03-04 19:40:00.000,2025-03-04 19:45:01.000,IX.D.NASDAQ.CASH.IP,M5,20539,20538,20568.7,20567.7,20522.2,20521.2,20553.9,20552.9,5751
IG,2025-03-04 19:45:01.000,2025-03-04 19:50:01.000,IX.D.NASDAQ.CASH.IP,M5,20554.2,20553.2,20584.1,20583.1,20535.2,20534.2,20545,20544,5716
IG,2025-03-04 19:50:01.000,2025-03-04 19:55:01.000,IX.D.NASDAQ.CASH.IP,M5,20545.1,20544.1,20567.1,20566.1,20537.4,20536.4,20547.4,20546.4,3519
IG,2025-03-04 19:55:01.000,2025-03-04 20:00:01.000,IX.D.NASDAQ.CASH.IP,M5,20547,20546,20583.1,20582.1,20545.5,20544.5,20573.5,20572.5,3994
IG,2025-03-04 20:00:01.000,2025-03-04 20:05:01.000,IX.D.NASDAQ.CASH.IP,M5,20573.6,20572.6,20607.5,20606.5,20551.5,20550.5,20564.2,20563.2,6455
IG,2025-03-04 20:05:01.000,2025-03-04 20:10:01.000,IX.D.NASDAQ.CASH.IP,M5,20564.1,20563.1,20609.5,20608.5,20555.7,20554.7,20592.1,20591.1,4407
IG,2025-03-04 20:10:01.000,2025-03-04 20:15:00.000,IX.D.NASDAQ.CASH.IP,M5,20592.5,20591.5,20633.9,20632.9,20591,20590,20617.4,20616.4,5673
IG,2025-03-04 20:15:00.000,2025-03-04 20:20:01.000,IX.D.NASDAQ.CASH.IP,M5,20617.1,20616.1,20641.9,20640.9,20594.5,20593.5,20640.7,20639.7,5536
IG,2025-03-04 20:20:01.000,2025-03-04 20:25:01.000,IX.D.NASDAQ.CASH.IP,M5,20640.5,20639.5,20685.1,20684.1,20631.9,20630.9,20675.6,20674.6,7406
IG,2025-03-04 20:25:01.000,2025-03-04 20:30:00.000,IX.D.NASDAQ.CASH.IP,M5,20672.7,20671.7,20672.9,20671.9,20622.1,20621.1,20628.6,20627.6,7780
IG,2025-03-04 20:30:00.000,2025-03-04 20:35:01.000,IX.D.NASDAQ.CASH.IP,M5,20628.9,20627.9,20632.5,20631.5,20498.5,20497.5,20524.2,20523.2,14175
IG,2025-03-04 20:35:01.000,2025-03-04 20:40:01.000,IX.D.NASDAQ.CASH.IP,M5,20525,20524,20544.7,20543.7,20469.2,20468.2,20470.2,20469.2,10330
IG,2025-03-04 20:40:01.000,2025-03-04 20:45:00.000,IX.D.NASDAQ.CASH.IP,M5,20470.7,20469.7,20499.4,20498.4,20436.6,20435.6,20490.9,20489.9,11149
IG,2025-03-04 20:45:00.000,2025-03-04 20:50:01.000,IX.D.NASDAQ.CASH.IP,M5,20490.6,20489.6,20505,20504,20377.9,20376.9,20377.9,20376.9,9710
IG,2025-03-04 20:50:01.000,2025-03-04 20:55:01.000,IX.D.NASDAQ.CASH.IP,M5,20382.7,20381.7,20387.1,20386.1,20277,20276,20349,20348,19184
IG,2025-03-04 20:55:01.000,2025-03-04 21:00:00.000,IX.D.NASDAQ.CASH.IP,M5,20347.4,20346.4,20372.6,20371.6,20335.9,20334.9,20348.9,20346.9,20911
IG,2025-03-04 21:00:00.000,2025-03-04 21:05:01.000,IX.D.NASDAQ.CASH.IP,M5,20348.5,20346.5,20428.5,20426.5,20348.5,20346.5,20394.6,20392.6,11248
IG,2025-03-04 21:05:01.000,2025-03-04 21:10:01.000,IX.D.NASDAQ.CASH.IP,M5,20394.5,20392.5,20434.8,20432.8,20381.5,20379.5,20406.5,20404.5,5071
IG,2025-03-04 21:10:01.000,2025-03-04 21:15:01.000,IX.D.NASDAQ.CASH.IP,M5,20406.1,20404.1,20466.6,20464.6,20394.9,20392.9,20432.4,20430.4,5794
IG,2025-03-04 21:15:01.000,2025-03-04 21:20:01.000,IX.D.NASDAQ.CASH.IP,M5,20432.5,20430.5,20478.8,20476.8,20411.8,20409.8,20466.8,20464.8,3073
IG,2025-03-04 21:20:01.000,2025-03-04 21:25:01.000,IX.D.NASDAQ.CASH.IP,M5,20466.9,20464.9,20532.4,20530.4,20447.6,20445.6,20530.1,20528.1,3937
IG,2025-03-04 21:25:01.000,2025-03-04 21:30:01.000,IX.D.NASDAQ.CASH.IP,M5,20530,20528,20544.3,20542.3,20512,20510,20519.5,20517.5,3136
IG,2025-03-04 21:30:01.000,2025-03-04 21:35:01.000,IX.D.NASDAQ.CASH.IP,M5,20519.6,20517.6,20524.6,20522.6,20476.6,20474.6,20478.1,20476.1,2367
IG,2025-03-04 21:35:01.000,2025-03-04 21:40:01.000,IX.D.NASDAQ.CASH.IP,M5,20477.5,20475.5,20500.3,20498.3,20458,20456,20459.8,20457.8,1870
IG,2025-03-04 21:40:01.000,2025-03-04 21:45:00.000,IX.D.NASDAQ.CASH.IP,M5,20459.5,20457.5,20476.6,20474.6,20436.5,20434.5,20470.3,20468.3,1647
IG,2025-03-04 21:45:00.000,2025-03-04 21:50:01.000,IX.D.NASDAQ.CASH.IP,M5,20470.4,20468.4,20493.5,20491.5,20458.3,20456.3,20487.8,20485.8,1041
IG,2025-03-04 21:50:01.000,2025-03-04 21:55:02.000,IX.D.NASDAQ.CASH.IP,M5,20487.6,20485.6,20491.3,20489.3,20475,20473,20482,20480,549
IG,2025-03-04 21:55:02.000,2025-03-04 22:00:00.000,IX.D.NASDAQ.CASH.IP,M5,20481.5,20479.5,20494.8,20492.8,20480.3,20478.3,20492.9,20487.9,694
IG,2025-03-04 22:00:01.000,2025-03-04 22:04:59.000,IX.D.NASDAQ.CASH.IP,M5,20492.8,20487.8,20496.4,20491.4,20492,20487,20492.2,20487.2,0
IG,2025-03-04 22:05:09.000,2025-03-04 22:09:42.000,IX.D.NASDAQ.CASH.IP,M5,20492.5,20487.5,20493.4,20488.4,20489.1,20484.1,20491.8,20486.8,0
IG,2025-03-04 22:10:05.000,2025-03-04 22:14:53.000,IX.D.NASDAQ.CASH.IP,M5,20491.7,20486.7,20493,20488,20490.3,20485.3,20491.4,20486.4,0
IG,2025-03-04 22:15:18.000,2025-03-04 22:19:55.000,IX.D.NASDAQ.CASH.IP,M5,20492,20487,20492.7,20487.7,20491.1,20486.1,20492.4,20487.4,0
IG,2025-03-04 22:20:04.000,2025-03-04 22:25:00.000,IX.D.NASDAQ.CASH.IP,M5,20492.8,20487.8,20492.8,20487.8,20482.4,20477.4,20485.3,20480.3,0
IG,2025-03-04 22:25:05.000,2025-03-04 22:29:48.000,IX.D.NASDAQ.CASH.IP,M5,20484.8,20479.8,20487.8,20482.8,20483.5,20478.5,20487.3,20482.3,0
IG,2025-03-04 22:30:01.000,2025-03-04 22:34:57.000,IX.D.NASDAQ.CASH.IP,M5,20488.6,20483.6,20492,20487,20488.4,20483.4,20491.9,20486.9,0
IG,2025-03-04 22:35:06.000,2025-03-04 22:39:31.000,IX.D.NASDAQ.CASH.IP,M5,20491.7,20486.7,20493.5,20488.5,20491.7,20486.7,20493.5,20488.5,0
IG,2025-03-04 22:40:02.000,2025-03-04 22:45:01.000,IX.D.NASDAQ.CASH.IP,M5,20493.8,20488.8,20499,20494,20493.8,20488.8,20497.1,20492.1,0
IG,2025-03-04 22:45:21.000,2025-03-04 22:50:01.000,IX.D.NASDAQ.CASH.IP,M5,20497.3,20492.3,20500,20495,20497.3,20492.3,20498.2,20493.2,0
IG,2025-03-04 22:50:02.000,2025-03-04 22:54:52.000,IX.D.NASDAQ.CASH.IP,M5,20497.9,20492.9,20499.7,20494.7,20497.9,20492.9,20499.3,20494.3,0
IG,2025-03-04 23:00:59.000,2025-03-04 23:10:01.000,IX.D.NASDAQ.CASH.IP,M5,20492.3,20490.3,20524.1,20522.1,20485.1,20483.1,20516.5,20514.5,1339
IG,2025-03-04 23:10:01.000,2025-03-04 23:15:01.000,IX.D.NASDAQ.CASH.IP,M5,20516.6,20514.6,20526.4,20524.4,20516.4,20514.4,20521.5,20519.5,339
IG,2025-03-04 23:15:03.000,2025-03-04 23:20:01.000,IX.D.NASDAQ.CASH.IP,M5,20521.8,20519.8,20528.9,20526.9,20510.3,20508.3,20514.6,20512.6,359
IG,2025-03-04 23:20:01.000,2025-03-04 23:25:00.000,IX.D.NASDAQ.CASH.IP,M5,20514.8,20512.8,20519.5,20517.5,20511.6,20509.6,20514.5,20512.5,189
IG,2025-03-04 23:25:01.000,2025-03-04 23:30:01.000,IX.D.NASDAQ.CASH.IP,M5,20514.7,20512.7,20547.4,20545.4,20514.3,20512.3,20545.8,20543.8,541
IG,2025-03-04 23:30:02.000,2025-03-04 23:35:01.000,IX.D.NASDAQ.CASH.IP,M5,20545.7,20543.7,20551.2,20549.2,20537.5,20535.5,20539.9,20537.9,379
IG,2025-03-04 23:35:01.000,2025-03-04 23:40:00.000,IX.D.NASDAQ.CASH.IP,M5,20539.8,20537.8,20548.2,20546.2,20534.4,20532.4,20537.8,20535.8,473
IG,2025-03-04 23:40:01.000,2025-03-04 23:45:01.000,IX.D.NASDAQ.CASH.IP,M5,20537.7,20535.7,20548.7,20546.7,20526.7,20524.7,20532.8,20530.8,498
IG,2025-03-04 23:45:01.000,2025-03-04 23:50:01.000,IX.D.NASDAQ.CASH.IP,M5,20531.8,20529.8,20537.8,20535.8,20516.5,20514.5,20525.9,20523.9,538
IG,2025-03-04 23:50:01.000,2025-03-04 23:55:01.000,IX.D.NASDAQ.CASH.IP,M5,20526,20524,20529.3,20527.3,20518.7,20516.7,20522.3,20520.3,205
IG,2025-03-04 23:55:01.000,2025-03-05 00:00:01.000,IX.D.NASDAQ.CASH.IP,M5,20522.4,20520.4,20535.9,20533.9,20515.7,20513.7,20528,20526,520
IG,2025-03-05 00:00:01.000,2025-03-05 00:05:01.000,IX.D.NASDAQ.CASH.IP,M5,20528.2,20526.2,20540.8,20538.8,20522.7,20520.7,20538.8,20536.8,472
IG,2025-03-05 00:05:01.000,2025-03-05 00:10:01.000,IX.D.NASDAQ.CASH.IP,M5,20538.9,20536.9,20545,20543,20525.2,20523.2,20539.9,20537.9,327
IG,2025-03-05 00:10:01.000,2025-03-05 00:15:01.000,IX.D.NASDAQ.CASH.IP,M5,20540,20538,20540.2,20538.2,20518.2,20516.2,20521.8,20519.8,466
IG,2025-03-05 00:15:01.000,2025-03-05 00:20:01.000,IX.D.NASDAQ.CASH.IP,M5,20519.8,20517.8,20525.2,20523.2,20502.9,20500.9,20508.7,20506.7,651
IG,2025-03-05 00:20:01.000,2025-03-05 00:25:02.000,IX.D.NASDAQ.CASH.IP,M5,20508.4,20506.4,20512.7,20510.7,20484.7,20482.7,20491.8,20489.8,704
IG,2025-03-05 00:25:02.000,2025-03-05 00:30:01.000,IX.D.NASDAQ.CASH.IP,M5,20491.9,20489.9,20499,20497,20477.2,20475.2,20498.7,20496.7,756
IG,2025-03-05 00:30:01.000,2025-03-05 00:35:01.000,IX.D.NASDAQ.CASH.IP,M5,20498.5,20496.5,20502.9,20500.9,20469.2,20467.2,20474,20472,710
IG,2025-03-05 00:35:01.000,2025-03-05 00:40:01.000,IX.D.NASDAQ.CASH.IP,M5,20473.9,20471.9,20474.2,20472.2,20450.7,20448.7,20450.7,20448.7,932
IG,2025-03-05 00:40:01.000,2025-03-05 00:45:02.000,IX.D.NASDAQ.CASH.IP,M5,20450.5,20448.5,20484.5,20482.5,20442.4,20440.4,20482.5,20480.5,1102
IG,2025-03-05 00:45:02.000,2025-03-05 00:50:01.000,IX.D.NASDAQ.CASH.IP,M5,20482.7,20480.7,20496.2,20494.2,20470.8,20468.8,20472.2,20470.2,620
IG,2025-03-05 00:50:01.000,2025-03-05 00:55:01.000,IX.D.NASDAQ.CASH.IP,M5,20472,20470,20485.2,20483.2,20471.3,20469.3,20483.9,20481.9,423
IG,2025-03-05 00:55:01.000,2025-03-05 01:00:01.000,IX.D.NASDAQ.CASH.IP,M5,20484,20482,20494.9,20492.9,20475.5,20473.5,20486.8,20484.8,524
IG,2025-03-05 01:00:01.000,2025-03-05 01:05:01.000,IX.D.NASDAQ.CASH.IP,M5,20486.7,20484.7,20498.7,20496.7,20466.5,20464.5,20470,20468,880
IG,2025-03-05 01:05:01.000,2025-03-05 01:10:01.000,IX.D.NASDAQ.CASH.IP,M5,20470.3,20468.3,20484.4,20482.4,20461.2,20459.2,20481.7,20479.7,672
IG,2025-03-05 01:10:01.000,2025-03-05 01:15:01.000,IX.D.NASDAQ.CASH.IP,M5,20481.5,20479.5,20487.9,20485.9,20470.2,20468.2,20475.4,20473.4,519
IG,2025-03-05 01:15:01.000,2025-03-05 01:20:01.000,IX.D.NASDAQ.CASH.IP,M5,20476.2,20474.2,20484.8,20482.8,20464.4,20462.4,20475.7,20473.7,418
IG,2025-03-05 01:20:01.000,2025-03-05 01:25:01.000,IX.D.NASDAQ.CASH.IP,M5,20475.5,20473.5,20495.3,20493.3,20450.8,20448.8,20483.2,20481.2,1034
IG,2025-03-05 01:25:01.000,2025-03-05 01:30:01.000,IX.D.NASDAQ.CASH.IP,M5,20483,20481,20495.3,20493.3,20462,20460,20480.3,20478.3,832
IG,2025-03-05 01:30:01.000,2025-03-05 01:35:01.000,IX.D.NASDAQ.CASH.IP,M5,20478.4,20476.4,20481,20479,20409.2,20407.2,20468.3,20466.3,2441
IG,2025-03-05 01:35:01.000,2025-03-05 01:40:01.000,IX.D.NASDAQ.CASH.IP,M5,20468.4,20466.4,20488.9,20486.9,20468.4,20466.4,20481.5,20479.5,778
IG,2025-03-05 01:40:01.000,2025-03-05 01:45:01.000,IX.D.NASDAQ.CASH.IP,M5,20481.7,20479.7,20495.5,20493.5,20475.8,20473.8,20492.2,20490.2,502
IG,2025-03-05 01:45:01.000,2025-03-05 01:50:01.000,IX.D.NASDAQ.CASH.IP,M5,20491.9,20489.9,20494.8,20492.8,20484.3,20482.3,20487.8,20485.8,597
IG,2025-03-05 01:50:01.000,2025-03-05 01:55:01.000,IX.D.NASDAQ.CASH.IP,M5,20487.9,20485.9,20495.2,20493.2,20477.8,20475.8,20479.8,20477.8,529
IG,2025-03-05 01:55:01.000,2025-03-05 02:00:01.000,IX.D.NASDAQ.CASH.IP,M5,20479.7,20477.7,20484.8,20482.8,20457.8,20455.8,20459,20457,658
IG,2025-03-05 02:00:01.000,2025-03-05 02:05:01.000,IX.D.NASDAQ.CASH.IP,M5,20457.9,20455.9,20460.7,20458.7,20434.2,20432.2,20458.8,20456.8,691
IG,2025-03-05 02:05:01.000,2025-03-05 02:10:01.000,IX.D.NASDAQ.CASH.IP,M5,20458.5,20456.5,20461.3,20459.3,20441.7,20439.7,20452.7,20450.7,401
IG,2025-03-05 02:10:01.000,2025-03-05 02:15:01.000,IX.D.NASDAQ.CASH.IP,M5,20452.8,20450.8,20457.2,20455.2,20416,20414,20424.8,20422.8,883
IG,2025-03-05 02:15:01.000,2025-03-05 02:20:01.000,IX.D.NASDAQ.CASH.IP,M5,20423.3,20421.3,20446.9,20444.9,20412.9,20410.9,20432.7,20430.7,759
IG,2025-03-05 02:20:01.000,2025-03-05 02:25:02.000,IX.D.NASDAQ.CASH.IP,M5,20432.8,20430.8,20458.5,20456.5,20432,20430,20452.4,20450.4,818
IG,2025-03-05 02:25:03.000,2025-03-05 02:30:01.000,IX.D.NASDAQ.CASH.IP,M5,20452.7,20450.7,20452.7,20450.7,20421.3,20419.3,20432.2,20430.2,747
IG,2025-03-05 02:30:01.000,2025-03-05 02:35:01.000,IX.D.NASDAQ.CASH.IP,M5,20432,20430,20432.8,20430.8,20401.5,20399.5,20405.7,20403.7,891
IG,2025-03-05 02:35:01.000,2025-03-05 02:40:01.000,IX.D.NASDAQ.CASH.IP,M5,20405.8,20403.8,20437.4,20435.4,20397.4,20395.4,20432.8,20430.8,678
IG,2025-03-05 02:40:01.000,2025-03-05 02:45:02.000,IX.D.NASDAQ.CASH.IP,M5,20432.4,20430.4,20451.7,20449.7,20430,20428,20450.3,20448.3,547
IG,2025-03-05 02:45:02.000,2025-03-05 02:50:01.000,IX.D.NASDAQ.CASH.IP,M5,20450.4,20448.4,20452.8,20450.8,20435.2,20433.2,20446.9,20444.9,488
IG,2025-03-05 02:50:01.000,2025-03-05 02:55:02.000,IX.D.NASDAQ.CASH.IP,M5,20446.8,20444.8,20466.8,20464.8,20444.4,20442.4,20459.7,20457.7,666
IG,2025-03-05 02:55:02.000,2025-03-05 03:00:02.000,IX.D.NASDAQ.CASH.IP,M5,20459.8,20457.8,20461.3,20459.3,20430.5,20428.5,20438.9,20436.9,852
IG,2025-03-05 03:00:02.000,2025-03-05 03:05:02.000,IX.D.NASDAQ.CASH.IP,M5,20438.8,20436.8,20457.5,20455.5,20415.3,20413.3,20445.2,20443.2,890
IG,2025-03-05 03:05:03.000,2025-03-05 03:10:02.000,IX.D.NASDAQ.CASH.IP,M5,20445,20443,20485.9,20483.9,20438.5,20436.5,20471.8,20469.8,756
IG,2025-03-05 03:10:02.000,2025-03-05 03:15:02.000,IX.D.NASDAQ.CASH.IP,M5,20472.2,20470.2,20513.2,20511.2,20470.2,20468.2,20508.2,20506.2,1041
IG,2025-03-05 03:15:02.000,2025-03-05 03:20:01.000,IX.D.NASDAQ.CASH.IP,M5,20508.3,20506.3,20509.8,20507.8,20491.2,20489.2,20500,20498,627
IG,2025-03-05 03:20:01.000,2025-03-05 03:25:02.000,IX.D.NASDAQ.CASH.IP,M5,20499.9,20497.9,20503.7,20501.7,20490.9,20488.9,20495.8,20493.8,462
IG,2025-03-05 03:25:02.000,2025-03-05 03:30:02.000,IX.D.NASDAQ.CASH.IP,M5,20495.9,20493.9,20503.4,20501.4,20489.4,20487.4,20490,20488,321
IG,2025-03-05 03:30:02.000,2025-03-05 03:35:01.000,IX.D.NASDAQ.CASH.IP,M5,20489.5,20487.5,20504.3,20502.3,20483.9,20481.9,20487,20485,596
IG,2025-03-05 03:35:01.000,2025-03-05 03:40:01.000,IX.D.NASDAQ.CASH.IP,M5,20487.2,20485.2,20489.5,20487.5,20460.8,20458.8,20462.9,20460.9,588
IG,2025-03-05 03:40:01.000,2025-03-05 03:45:01.000,IX.D.NASDAQ.CASH.IP,M5,20462.8,20460.8,20475.8,20473.8,20455.2,20453.2,20465.5,20463.5,506
IG,2025-03-05 03:45:01.000,2025-03-05 03:50:01.000,IX.D.NASDAQ.CASH.IP,M5,20465.4,20463.4,20509.3,20507.3,20456.3,20454.3,20495.5,20493.5,1191
IG,2025-03-05 03:50:01.000,2025-03-05 03:55:01.000,IX.D.NASDAQ.CASH.IP,M5,20495.4,20493.4,20501.3,20499.3,20485.4,20483.4,20494.4,20492.4,381
IG,2025-03-05 03:55:02.000,2025-03-05 04:00:02.000,IX.D.NASDAQ.CASH.IP,M5,20494.5,20492.5,20519.2,20517.2,20494.3,20492.3,20510.7,20508.7,624
IG,2025-03-05 04:00:02.000,2025-03-05 04:05:01.000,IX.D.NASDAQ.CASH.IP,M5,20510.8,20508.8,20512.3,20510.3,20487.2,20485.2,20503.3,20501.3,531
IG,2025-03-05 04:05:01.000,2025-03-05 04:10:01.000,IX.D.NASDAQ.CASH.IP,M5,20503,20501,20523.7,20521.7,20495.8,20493.8,20520.5,20518.5,507
IG,2025-03-05 04:10:01.000,2025-03-05 04:15:02.000,IX.D.NASDAQ.CASH.IP,M5,20520.3,20518.3,20520.4,20518.4,20509.2,20507.2,20513.5,20511.5,250
IG,2025-03-05 04:15:02.000,2025-03-05 04:20:02.000,IX.D.NASDAQ.CASH.IP,M5,20513.4,20511.4,20516,20514,20502.3,20500.3,20504.5,20502.5,317
IG,2025-03-05 04:20:02.000,2025-03-05 04:25:01.000,IX.D.NASDAQ.CASH.IP,M5,20504.4,20502.4,20510.7,20508.7,20494.5,20492.5,20501.5,20499.5,377
IG,2025-03-05 04:25:02.000,2025-03-05 04:29:59.000,IX.D.NASDAQ.CASH.IP,M5,20501.4,20499.4,20505.5,20503.5,20497.2,20495.2,20499.7,20497.7,103
IG,2025-03-05 04:30:02.000,2025-03-05 04:35:01.000,IX.D.NASDAQ.CASH.IP,M5,20499,20497,20499.2,20497.2,20489.2,20487.2,20489.9,20487.9,201
IG,2025-03-05 04:35:01.000,2025-03-05 04:40:00.000,IX.D.NASDAQ.CASH.IP,M5,20489.8,20487.8,20498.8,20496.8,20485.3,20483.3,20498.2,20496.2,225
IG,2025-03-05 04:40:01.000,2025-03-05 04:45:01.000,IX.D.NASDAQ.CASH.IP,M5,20498,20496,20499.7,20497.7,20490.7,20488.7,20495.8,20493.8,151
IG,2025-03-05 04:45:01.000,2025-03-05 04:49:59.000,IX.D.NASDAQ.CASH.IP,M5,20494.7,20492.7,20498.3,20496.3,20489.4,20487.4,20495.3,20493.3,153
IG,2025-03-05 04:50:01.000,2025-03-05 04:55:01.000,IX.D.NASDAQ.CASH.IP,M5,20495.2,20493.2,20499.3,20497.3,20487.9,20485.9,20490.5,20488.5,157
IG,2025-03-05 04:55:01.000,2025-03-05 05:00:01.000,IX.D.NASDAQ.CASH.IP,M5,20490.7,20488.7,20497.8,20495.8,20490,20488,20494.2,20492.2,77
IG,2025-03-05 05:00:01.000,2025-03-05 05:05:00.000,IX.D.NASDAQ.CASH.IP,M5,20495.2,20493.2,20505.9,20503.9,20490.4,20488.4,20502.9,20500.9,231
IG,2025-03-05 05:05:01.000,2025-03-05 05:10:02.000,IX.D.NASDAQ.CASH.IP,M5,20503,20501,20509.4,20507.4,20501.9,20499.9,20507.5,20505.5,125
IG,2025-03-05 05:10:03.000,2025-03-05 05:15:02.000,IX.D.NASDAQ.CASH.IP,M5,20507.7,20505.7,20508.5,20506.5,20495.5,20493.5,20495.5,20493.5,317
IG,2025-03-05 05:15:02.000,2025-03-05 05:20:02.000,IX.D.NASDAQ.CASH.IP,M5,20495.4,20493.4,20496.4,20494.4,20473.3,20471.3,20478.8,20476.8,552
IG,2025-03-05 05:20:02.000,2025-03-05 05:25:01.000,IX.D.NASDAQ.CASH.IP,M5,20478.9,20476.9,20483.7,20481.7,20467.2,20465.2,20482.9,20480.9,421
IG,2025-03-05 05:25:01.000,2025-03-05 05:30:02.000,IX.D.NASDAQ.CASH.IP,M5,20483,20481,20485.3,20483.3,20462.5,20460.5,20465.5,20463.5,481
IG,2025-03-05 05:30:02.000,2025-03-05 05:35:01.000,IX.D.NASDAQ.CASH.IP,M5,20465.8,20463.8,20481.7,20479.7,20465,20463,20477.9,20475.9,515
IG,2025-03-05 05:35:02.000,2025-03-05 05:40:01.000,IX.D.NASDAQ.CASH.IP,M5,20477.8,20475.8,20492.4,20490.4,20477.3,20475.3,20490.3,20488.3,309
IG,2025-03-05 05:40:01.000,2025-03-05 05:45:01.000,IX.D.NASDAQ.CASH.IP,M5,20490.4,20488.4,20505.2,20503.2,20489.8,20487.8,20502.3,20500.3,432
IG,2025-03-05 05:45:01.000,2025-03-05 05:50:01.000,IX.D.NASDAQ.CASH.IP,M5,20503.7,20501.7,20510,20508,20501.4,20499.4,20506.2,20504.2,335
IG,2025-03-05 05:50:01.000,2025-03-05 05:55:01.000,IX.D.NASDAQ.CASH.IP,M5,20506.3,20504.3,20513.8,20511.8,20500.9,20498.9,20511.8,20509.8,209
IG,2025-03-05 05:55:01.000,2025-03-05 06:00:02.000,IX.D.NASDAQ.CASH.IP,M5,20511.9,20509.9,20512.3,20510.3,20503.3,20501.3,20507.2,20505.2,265
IG,2025-03-05 06:00:02.000,2025-03-05 06:05:01.000,IX.D.NASDAQ.CASH.IP,M5,20507,20505,20509.7,20507.7,20500.9,20498.9,20506,20504,210
IG,2025-03-05 06:05:01.000,2025-03-05 06:10:02.000,IX.D.NASDAQ.CASH.IP,M5,20505.9,20503.9,20512.2,20510.2,20501.2,20499.2,20507.2,20505.2,197
IG,2025-03-05 06:10:02.000,2025-03-05 06:15:02.000,IX.D.NASDAQ.CASH.IP,M5,20507.3,20505.3,20523,20521,20505.5,20503.5,20521,20519,308
IG,2025-03-05 06:15:02.000,2025-03-05 06:20:01.000,IX.D.NASDAQ.CASH.IP,M5,20520.8,20518.8,20520.9,20518.9,20504.7,20502.7,20506,20504,280
IG,2025-03-05 06:20:01.000,2025-03-05 06:25:01.000,IX.D.NASDAQ.CASH.IP,M5,20506.2,20504.2,20509.7,20507.7,20491.8,20489.8,20493.3,20491.3,259
IG,2025-03-05 06:25:01.000,2025-03-05 06:30:01.000,IX.D.NASDAQ.CASH.IP,M5,20493.4,20491.4,20494.9,20492.9,20478,20476,20489.3,20487.3,438
IG,2025-03-05 06:30:01.000,2025-03-05 06:35:01.000,IX.D.NASDAQ.CASH.IP,M5,20489.7,20487.7,20490.4,20488.4,20474.4,20472.4,20478.9,20476.9,398
IG,2025-03-05 06:35:01.000,2025-03-05 06:40:01.000,IX.D.NASDAQ.CASH.IP,M5,20479,20477,20498.3,20496.3,20478.7,20476.7,20487.8,20485.8,521
IG,2025-03-05 06:40:01.000,2025-03-05 06:45:01.000,IX.D.NASDAQ.CASH.IP,M5,20487.9,20485.9,20505.7,20503.7,20487.9,20485.9,20497.4,20495.4,263
IG,2025-03-05 06:45:01.000,2025-03-05 06:50:01.000,IX.D.NASDAQ.CASH.IP,M5,20497.3,20495.3,20503.8,20501.8,20492.3,20490.3,20498.8,20496.8,217
IG,2025-03-05 06:50:01.000,2025-03-05 06:55:00.000,IX.D.NASDAQ.CASH.IP,M5,20498.7,20496.7,20512.4,20510.4,20497.4,20495.4,20511.4,20509.4,175
IG,2025-03-05 06:55:01.000,2025-03-05 07:00:03.000,IX.D.NASDAQ.CASH.IP,M5,20511.3,20509.3,20515.4,20513.4,20503.8,20501.8,20507.4,20505.4,385
IG,2025-03-05 07:00:03.000,2025-03-05 07:05:01.000,IX.D.NASDAQ.CASH.IP,M5,20506.9,20504.9,20533.3,20531.3,20503.5,20501.5,20507.2,20505.2,1235
IG,2025-03-05 07:05:04.000,2025-03-05 07:10:01.000,IX.D.NASDAQ.CASH.IP,M5,20507,20505,20523,20521,20503.7,20501.7,20512.7,20510.7,325
IG,2025-03-05 07:10:01.000,2025-03-05 07:15:01.000,IX.D.NASDAQ.CASH.IP,M5,20512.8,20510.8,20514,20512,20493.5,20491.5,20499.2,20497.2,452
IG,2025-03-05 07:15:01.000,2025-03-05 07:20:01.000,IX.D.NASDAQ.CASH.IP,M5,20497.4,20495.4,20507,20505,20495.9,20493.9,20497.5,20495.5,371
IG,2025-03-05 07:20:01.000,2025-03-05 07:25:01.000,IX.D.NASDAQ.CASH.IP,M5,20497.4,20495.4,20511.4,20509.4,20497,20495,20508.2,20506.2,374
IG,2025-03-05 07:25:01.000,2025-03-05 07:30:01.000,IX.D.NASDAQ.CASH.IP,M5,20508.3,20506.3,20513.3,20511.3,20499.7,20497.7,20507,20505,315
IG,2025-03-05 07:30:01.000,2025-03-05 07:35:01.000,IX.D.NASDAQ.CASH.IP,M5,20506.9,20504.9,20509.5,20507.5,20498,20496,20505.7,20503.7,330
IG,2025-03-05 07:35:01.000,2025-03-05 07:40:01.000,IX.D.NASDAQ.CASH.IP,M5,20505.8,20503.8,20517,20515,20503.3,20501.3,20505.2,20503.2,468
IG,2025-03-05 07:40:01.000,2025-03-05 07:45:01.000,IX.D.NASDAQ.CASH.IP,M5,20505.4,20503.4,20509.2,20507.2,20494,20492,20503,20501,384
IG,2025-03-05 07:45:01.000,2025-03-05 07:50:02.000,IX.D.NASDAQ.CASH.IP,M5,20502.9,20500.9,20512.8,20510.8,20497.4,20495.4,20509.9,20507.9,388
IG,2025-03-05 07:50:02.000,2025-03-05 07:55:01.000,IX.D.NASDAQ.CASH.IP,M5,20509.8,20507.8,20509.8,20507.8,20492.3,20490.3,20500.4,20498.4,377
IG,2025-03-05 07:55:01.000,2025-03-05 08:00:02.000,IX.D.NASDAQ.CASH.IP,M5,20500.2,20498.2,20517.9,20515.9,20491.2,20489.2,20494.4,20492.4,666
IG,2025-03-05 08:00:02.000,2025-03-05 08:05:01.000,IX.D.NASDAQ.CASH.IP,M5,20496.5,20494.5,20502.3,20500.3,20478.5,20476.5,20485.2,20483.2,1412
IG,2025-03-05 08:05:01.000,2025-03-05 08:10:01.000,IX.D.NASDAQ.CASH.IP,M5,20485.3,20483.3,20495.2,20493.2,20470.8,20468.8,20478.2,20476.2,1098
IG,2025-03-05 08:10:01.000,2025-03-05 08:15:01.000,IX.D.NASDAQ.CASH.IP,M5,20478.7,20476.7,20499.7,20497.7,20470.2,20468.2,20495.3,20493.3,1078
IG,2025-03-05 08:15:01.000,2025-03-05 08:20:01.000,IX.D.NASDAQ.CASH.IP,M5,20495.2,20493.2,20528.7,20526.7,20493.7,20491.7,20527.3,20525.3,1295
IG,2025-03-05 08:20:01.000,2025-03-05 08:25:01.000,IX.D.NASDAQ.CASH.IP,M5,20527.2,20525.2,20534.4,20532.4,20514.8,20512.8,20527.5,20525.5,947
IG,2025-03-05 08:25:01.000,2025-03-05 08:30:01.000,IX.D.NASDAQ.CASH.IP,M5,20527.4,20525.4,20565.7,20563.7,20521.3,20519.3,20561,20559,1579
IG,2025-03-05 08:30:01.000,2025-03-05 08:35:01.000,IX.D.NASDAQ.CASH.IP,M5,20560.9,20558.9,20562.4,20560.4,20531.8,20529.8,20532.8,20530.8,1055
IG,2025-03-05 08:35:01.000,2025-03-05 08:40:02.000,IX.D.NASDAQ.CASH.IP,M5,20533.2,20531.2,20543.3,20541.3,20509.2,20507.2,20522,20520,1049
IG,2025-03-05 08:40:02.000,2025-03-05 08:45:01.000,IX.D.NASDAQ.CASH.IP,M5,20522.2,20520.2,20525.5,20523.5,20511.2,20509.2,20517,20515,633
IG,2025-03-05 08:45:01.000,2025-03-05 08:50:01.000,IX.D.NASDAQ.CASH.IP,M5,20516.7,20514.7,20520,20518,20501.9,20499.9,20509.8,20507.8,732
IG,2025-03-05 08:50:01.000,2025-03-05 08:55:01.000,IX.D.NASDAQ.CASH.IP,M5,20509.9,20507.9,20512.8,20510.8,20497,20495,20509.4,20507.4,643
IG,2025-03-05 08:55:02.000,2025-03-05 09:00:01.000,IX.D.NASDAQ.CASH.IP,M5,20509.7,20507.7,20511.5,20509.5,20493.3,20491.3,20498.3,20496.3,725
IG,2025-03-05 09:00:01.000,2025-03-05 09:05:01.000,IX.D.NASDAQ.CASH.IP,M5,20498.4,20496.4,20515,20513,20483.5,20481.5,20500.8,20498.8,1608
IG,2025-03-05 09:05:01.000,2025-03-05 09:10:01.000,IX.D.NASDAQ.CASH.IP,M5,20500.7,20498.7,20516.5,20514.5,20491.8,20489.8,20514.5,20512.5,652
IG,2025-03-05 09:10:01.000,2025-03-05 09:15:02.000,IX.D.NASDAQ.CASH.IP,M5,20514.4,20512.4,20526.7,20524.7,20508.7,20506.7,20523.2,20521.2,616
IG,2025-03-05 09:15:02.000,2025-03-05 09:20:02.000,IX.D.NASDAQ.CASH.IP,M5,20523.3,20521.3,20526.9,20524.9,20507.4,20505.4,20519.9,20517.9,632
IG,2025-03-05 09:20:02.000,2025-03-05 09:25:01.000,IX.D.NASDAQ.CASH.IP,M5,20519.8,20517.8,20549.8,20547.8,20519,20517,20548.2,20546.2,951
IG,2025-03-05 09:25:01.000,2025-03-05 09:30:02.000,IX.D.NASDAQ.CASH.IP,M5,20547.9,20545.9,20558.8,20556.8,20542.9,20540.9,20550.5,20548.5,861
IG,2025-03-05 09:30:02.000,2025-03-05 09:35:01.000,IX.D.NASDAQ.CASH.IP,M5,20550.8,20548.8,20572.9,20570.9,20548.3,20546.3,20565.2,20563.2,1147
IG,2025-03-05 09:35:01.000,2025-03-05 09:40:01.000,IX.D.NASDAQ.CASH.IP,M5,20564.4,20562.4,20574,20572,20554.2,20552.2,20560.2,20558.2,973
IG,2025-03-05 09:40:01.000,2025-03-05 09:45:01.000,IX.D.NASDAQ.CASH.IP,M5,20560.3,20558.3,20577.3,20575.3,20555,20553,20577.3,20575.3,754
IG,2025-03-05 09:45:01.000,2025-03-05 09:50:01.000,IX.D.NASDAQ.CASH.IP,M5,20576.7,20574.7,20585.5,20583.5,20568.9,20566.9,20580.3,20578.3,924
IG,2025-03-05 09:50:01.000,2025-03-05 09:55:01.000,IX.D.NASDAQ.CASH.IP,M5,20580.4,20578.4,20584.7,20582.7,20564,20562,20564.4,20562.4,763
IG,2025-03-05 09:55:01.000,2025-03-05 10:00:02.000,IX.D.NASDAQ.CASH.IP,M5,20564.3,20562.3,20568.8,20566.8,20557.4,20555.4,20566.8,20564.8,503
IG,2025-03-05 10:00:02.000,2025-03-05 10:05:01.000,IX.D.NASDAQ.CASH.IP,M5,20566.9,20564.9,20575.2,20573.2,20552.8,20550.8,20556.8,20554.8,865
IG,2025-03-05 10:05:01.000,2025-03-05 10:10:01.000,IX.D.NASDAQ.CASH.IP,M5,20556.9,20554.9,20578.5,20576.5,20556.8,20554.8,20557.2,20555.2,961
IG,2025-03-05 10:10:01.000,2025-03-05 10:15:01.000,IX.D.NASDAQ.CASH.IP,M5,20557,20555,20561.3,20559.3,20515.5,20513.5,20530.4,20528.4,1682
IG,2025-03-05 10:15:01.000,2025-03-05 10:20:01.000,IX.D.NASDAQ.CASH.IP,M5,20530,20528,20530.8,20528.8,20506.4,20504.4,20520.9,20518.9,1063
IG,2025-03-05 10:20:01.000,2025-03-05 10:25:01.000,IX.D.NASDAQ.CASH.IP,M5,20520.2,20518.2,20520.8,20518.8,20502.8,20500.8,20507.3,20505.3,512
IG,2025-03-05 10:25:01.000,2025-03-05 10:30:01.000,IX.D.NASDAQ.CASH.IP,M5,20507.9,20505.9,20513.8,20511.8,20491.3,20489.3,20497.8,20495.8,762
IG,2025-03-05 10:30:01.000,2025-03-05 10:35:01.000,IX.D.NASDAQ.CASH.IP,M5,20497.7,20495.7,20520.2,20518.2,20497.7,20495.7,20511.7,20509.7,778
IG,2025-03-05 10:35:01.000,2025-03-05 10:40:01.000,IX.D.NASDAQ.CASH.IP,M5,20511.5,20509.5,20534.2,20532.2,20511,20509,20531.9,20529.9,892
IG,2025-03-05 10:40:01.000,2025-03-05 10:45:01.000,IX.D.NASDAQ.CASH.IP,M5,20532,20530,20540.8,20538.8,20528.5,20526.5,20531.5,20529.5,680
IG,2025-03-05 10:45:01.000,2025-03-05 10:50:01.000,IX.D.NASDAQ.CASH.IP,M5,20531.4,20529.4,20545.2,20543.2,20516.7,20514.7,20517.4,20515.4,712
IG,2025-03-05 10:50:01.000,2025-03-05 10:55:02.000,IX.D.NASDAQ.CASH.IP,M5,20517.5,20515.5,20524.4,20522.4,20509.5,20507.5,20509.9,20507.9,415
IG,2025-03-05 10:55:02.000,2025-03-05 11:00:01.000,IX.D.NASDAQ.CASH.IP,M5,20510,20508,20512.5,20510.5,20495.9,20493.9,20503.9,20501.9,638
IG,2025-03-05 11:00:01.000,2025-03-05 11:05:02.000,IX.D.NASDAQ.CASH.IP,M5,20503.8,20501.8,20509.7,20507.7,20490.4,20488.4,20505.3,20503.3,889
IG,2025-03-05 11:05:02.000,2025-03-05 11:10:01.000,IX.D.NASDAQ.CASH.IP,M5,20505.5,20503.5,20506.4,20504.4,20483.4,20481.4,20500.7,20498.7,780
IG,2025-03-05 11:10:01.000,2025-03-05 11:15:01.000,IX.D.NASDAQ.CASH.IP,M5,20500.5,20498.5,20508.7,20506.7,20487,20485,20499.3,20497.3,766
IG,2025-03-05 11:15:01.000,2025-03-05 11:20:01.000,IX.D.NASDAQ.CASH.IP,M5,20499.4,20497.4,20508.5,20506.5,20493.3,20491.3,20498.4,20496.4,510
IG,2025-03-05 11:20:01.000,2025-03-05 11:25:01.000,IX.D.NASDAQ.CASH.IP,M5,20498.5,20496.5,20509.3,20507.3,20487.4,20485.4,20492.9,20490.9,451
IG,2025-03-05 11:25:01.000,2025-03-05 11:30:02.000,IX.D.NASDAQ.CASH.IP,M5,20492.7,20490.7,20502.2,20500.2,20482,20480,20496.8,20494.8,643
IG,2025-03-05 11:30:02.000,2025-03-05 11:35:02.000,IX.D.NASDAQ.CASH.IP,M5,20496.9,20494.9,20509,20507,20490.2,20488.2,20492.2,20490.2,594
IG,2025-03-05 11:35:02.000,2025-03-05 11:40:01.000,IX.D.NASDAQ.CASH.IP,M5,20492,20490,20502.4,20500.4,20484.9,20482.9,20501.7,20499.7,609
IG,2025-03-05 11:40:01.000,2025-03-05 11:45:01.000,IX.D.NASDAQ.CASH.IP,M5,20502.9,20500.9,20509.4,20507.4,20491.3,20489.3,20508.2,20506.2,613
IG,2025-03-05 11:45:01.000,2025-03-05 11:50:01.000,IX.D.NASDAQ.CASH.IP,M5,20508,20506,20514,20512,20503.3,20501.3,20510.3,20508.3,606
IG,2025-03-05 11:50:01.000,2025-03-05 11:55:01.000,IX.D.NASDAQ.CASH.IP,M5,20510,20508,20510,20508,20398.5,20396.5,20413.9,20411.9,3512
IG,2025-03-05 11:55:01.000,2025-03-05 12:00:02.000,IX.D.NASDAQ.CASH.IP,M5,20414.2,20412.2,20457,20455,20408.7,20406.7,20451.2,20449.2,1635
IG,2025-03-05 12:00:02.000,2025-03-05 12:05:01.000,IX.D.NASDAQ.CASH.IP,M5,20451,20449,20473.7,20471.7,20441.8,20439.8,20443,20441,1291
IG,2025-03-05 12:05:01.000,2025-03-05 12:10:01.000,IX.D.NASDAQ.CASH.IP,M5,20442.9,20440.9,20470.4,20468.4,20437.3,20435.3,20465.5,20463.5,755
IG,2025-03-05 12:10:01.000,2025-03-05 12:15:00.000,IX.D.NASDAQ.CASH.IP,M5,20465.3,20463.3,20482.7,20480.7,20450.8,20448.8,20456.9,20454.9,776
IG,2025-03-05 12:15:01.000,2025-03-05 12:20:01.000,IX.D.NASDAQ.CASH.IP,M5,20457,20455,20462.4,20460.4,20437.5,20435.5,20449.4,20447.4,979
IG,2025-03-05 12:20:01.000,2025-03-05 12:25:01.000,IX.D.NASDAQ.CASH.IP,M5,20449.5,20447.5,20453.5,20451.5,20416.9,20414.9,20450.2,20448.2,1203
IG,2025-03-05 12:25:01.000,2025-03-05 12:30:01.000,IX.D.NASDAQ.CASH.IP,M5,20450,20448,20456.8,20454.8,20431.8,20429.8,20450.5,20448.5,799
IG,2025-03-05 12:30:01.000,2025-03-05 12:35:02.000,IX.D.NASDAQ.CASH.IP,M5,20451.5,20449.5,20469,20467,20449.5,20447.5,20462,20460,846
IG,2025-03-05 12:35:02.000,2025-03-05 12:40:01.000,IX.D.NASDAQ.CASH.IP,M5,20461.9,20459.9,20476.9,20474.9,20461.5,20459.5,20470,20468,600
IG,2025-03-05 12:40:01.000,2025-03-05 12:45:01.000,IX.D.NASDAQ.CASH.IP,M5,20469.9,20467.9,20479.8,20477.8,20467.7,20465.7,20479.2,20477.2,2151
IG,2025-03-05 12:45:01.000,2025-03-05 12:50:01.000,IX.D.NASDAQ.CASH.IP,M5,20479,20477,20481.7,20479.7,20438.2,20436.2,20454.2,20452.2,2222
IG,2025-03-05 12:50:01.000,2025-03-05 12:55:01.000,IX.D.NASDAQ.CASH.IP,M5,20454.3,20452.3,20465.2,20463.2,20446.4,20444.4,20447.3,20445.3,964
IG,2025-03-05 12:55:01.000,2025-03-05 13:00:01.000,IX.D.NASDAQ.CASH.IP,M5,20447,20445,20451.5,20449.5,20430,20428,20446.5,20444.5,922
IG,2025-03-05 13:00:01.000,2025-03-05 13:05:01.000,IX.D.NASDAQ.CASH.IP,M5,20447.2,20445.2,20478.9,20476.9,20412.2,20410.2,20462.9,20460.9,4116
IG,2025-03-05 13:05:01.000,2025-03-05 13:10:01.000,IX.D.NASDAQ.CASH.IP,M5,20462.8,20460.8,20470,20468,20435,20433,20457,20455,1483
IG,2025-03-05 13:10:01.000,2025-03-05 13:15:01.000,IX.D.NASDAQ.CASH.IP,M5,20457.2,20455.2,20471.5,20469.5,20432.7,20430.7,20435.2,20433.2,1344
IG,2025-03-05 13:15:01.000,2025-03-05 13:20:01.000,IX.D.NASDAQ.CASH.IP,M5,20432.3,20430.3,20444.4,20442.4,20389.7,20387.7,20401.2,20399.2,3028
IG,2025-03-05 13:20:01.000,2025-03-05 13:25:01.000,IX.D.NASDAQ.CASH.IP,M5,20402.3,20400.3,20427.7,20425.7,20401.7,20399.7,20419,20417,1511
IG,2025-03-05 13:25:01.000,2025-03-05 13:30:01.000,IX.D.NASDAQ.CASH.IP,M5,20418.9,20416.9,20423.5,20421.5,20362.9,20360.9,20383.5,20381.5,2434
IG,2025-03-05 13:30:01.000,2025-03-05 13:35:01.000,IX.D.NASDAQ.CASH.IP,M5,20383.4,20381.4,20425.2,20423.2,20380.3,20378.3,20417.4,20415.4,2139
IG,2025-03-05 13:35:01.000,2025-03-05 13:40:01.000,IX.D.NASDAQ.CASH.IP,M5,20417.5,20415.5,20417.5,20415.5,20389.8,20387.8,20392.2,20390.2,1347
IG,2025-03-05 13:40:01.000,2025-03-05 13:45:02.000,IX.D.NASDAQ.CASH.IP,M5,20392,20390,20417.5,20415.5,20370.3,20368.3,20373.2,20371.2,1767
IG,2025-03-05 13:45:02.000,2025-03-05 13:50:01.000,IX.D.NASDAQ.CASH.IP,M5,20373,20371,20414.4,20412.4,20364.9,20362.9,20389.7,20387.7,3519
IG,2025-03-05 13:50:01.000,2025-03-05 13:55:01.000,IX.D.NASDAQ.CASH.IP,M5,20389.8,20387.8,20405.7,20403.7,20381.4,20379.4,20403.3,20401.3,1173
IG,2025-03-05 13:55:01.000,2025-03-05 14:00:01.000,IX.D.NASDAQ.CASH.IP,M5,20403.4,20401.4,20403.7,20401.7,20368.7,20366.7,20368.9,20366.9,1377
IG,2025-03-05 14:00:01.000,2025-03-05 14:05:01.000,IX.D.NASDAQ.CASH.IP,M5,20368.8,20366.8,20373.7,20371.7,20336.2,20334.2,20340,20338,2969
IG,2025-03-05 14:05:01.000,2025-03-05 14:10:01.000,IX.D.NASDAQ.CASH.IP,M5,20339.5,20337.5,20376.5,20374.5,20337.9,20335.9,20359.9,20357.9,2207
IG,2025-03-05 14:10:01.000,2025-03-05 14:15:01.000,IX.D.NASDAQ.CASH.IP,M5,20359.8,20357.8,20400.8,20398.8,20354.3,20352.3,20398.9,20396.9,1755
IG,2025-03-05 14:15:01.000,2025-03-05 14:20:01.000,IX.D.NASDAQ.CASH.IP,M5,20398.8,20396.8,20421.7,20419.7,20395,20393,20400.8,20398.8,2815
IG,2025-03-05 14:20:01.000,2025-03-05 14:25:01.000,IX.D.NASDAQ.CASH.IP,M5,20400.2,20398.2,20404.8,20402.8,20377.4,20375.4,20382.9,20380.9,1821
IG,2025-03-05 14:25:01.000,2025-03-05 14:30:01.000,IX.D.NASDAQ.CASH.IP,M5,20383,20381,20406.9,20404.9,20356.4,20355.4,20358.4,20357.4,3661
IG,2025-03-05 14:30:01.000,2025-03-05 14:35:02.000,IX.D.NASDAQ.CASH.IP,M5,20360.3,20359.3,20401.5,20400.5,20338.8,20337.8,20362.9,20361.9,14227
IG,2025-03-05 14:35:02.000,2025-03-05 14:40:01.000,IX.D.NASDAQ.CASH.IP,M5,20363.9,20362.9,20390.3,20389.3,20270.3,20269.3,20342.5,20341.5,17988
IG,2025-03-05 14:40:01.000,2025-03-05 14:45:01.000,IX.D.NASDAQ.CASH.IP,M5,20343.2,20342.2,20410.8,20409.8,20343.2,20342.2,20386,20385,12984
IG,2025-03-05 14:45:01.000,2025-03-05 14:50:01.000,IX.D.NASDAQ.CASH.IP,M5,20386.4,20385.4,20389.7,20388.7,20297.3,20296.3,20297.3,20296.3,11639
IG,2025-03-05 14:50:01.000,2025-03-05 14:55:02.000,IX.D.NASDAQ.CASH.IP,M5,20297.8,20296.8,20363.7,20362.7,20273,20272,20298,20297,11737
IG,2025-03-05 14:55:02.000,2025-03-05 15:00:02.000,IX.D.NASDAQ.CASH.IP,M5,20298.3,20297.3,20321.4,20320.4,20226.8,20225.8,20321.4,20320.4,13080
IG,2025-03-05 15:00:02.000,2025-03-05 15:05:02.000,IX.D.NASDAQ.CASH.IP,M5,20321.7,20320.7,20438.2,20437.2,20321.7,20320.7,20395.5,20394.5,14943
IG,2025-03-05 15:05:02.000,2025-03-05 15:10:01.000,IX.D.NASDAQ.CASH.IP,M5,20395.8,20394.8,20452,20451,20375.4,20374.4,20414.3,20413.3,12966
IG,2025-03-05 15:10:01.000,2025-03-05 15:15:01.000,IX.D.NASDAQ.CASH.IP,M5,20414,20413,20433.3,20432.3,20365.5,20364.5,20390.7,20389.7,10058
IG,2025-03-05 15:15:01.000,2025-03-05 15:20:02.000,IX.D.NASDAQ.CASH.IP,M5,20390.3,20389.3,20397.4,20396.4,20318.4,20317.4,20331.9,20330.9,10908
IG,2025-03-05 15:20:02.000,2025-03-05 15:25:01.000,IX.D.NASDAQ.CASH.IP,M5,20331.8,20330.8,20350.7,20349.7,20255.9,20254.9,20298.5,20297.5,14502
IG,2025-03-05 15:25:01.000,2025-03-05 15:30:01.000,IX.D.NASDAQ.CASH.IP,M5,20298.7,20297.7,20316.7,20315.7,20264,20263,20285,20284,10871
IG,2025-03-05 15:30:01.000,2025-03-05 15:35:01.000,IX.D.NASDAQ.CASH.IP,M5,20284.5,20283.5,20341.9,20340.9,20268.2,20267.2,20317.9,20316.9,9057
IG,2025-03-05 15:35:01.000,2025-03-05 15:40:02.000,IX.D.NASDAQ.CASH.IP,M5,20323.8,20322.8,20395.3,20394.3,20315.3,20314.3,20375.5,20374.5,8669
IG,2025-03-05 15:40:02.000,2025-03-05 15:45:01.000,IX.D.NASDAQ.CASH.IP,M5,20375.7,20374.7,20379.8,20378.8,20327.4,20326.4,20364.5,20363.5,6867
IG,2025-03-05 15:45:01.000,2025-03-05 15:50:01.000,IX.D.NASDAQ.CASH.IP,M5,20364,20363,20390.5,20389.5,20310.3,20309.3,20328.4,20327.4,7776
IG,2025-03-05 15:50:01.000,2025-03-05 15:55:01.000,IX.D.NASDAQ.CASH.IP,M5,20328,20327,20374.8,20373.8,20291.4,20290.4,20371.5,20370.5,7716
IG,2025-03-05 15:55:01.000,2025-03-05 16:00:02.000,IX.D.NASDAQ.CASH.IP,M5,20371.8,20370.8,20393.5,20392.5,20331.7,20330.7,20332,20331,6522
IG,2025-03-05 16:00:02.000,2025-03-05 16:05:01.000,IX.D.NASDAQ.CASH.IP,M5,20332.2,20331.2,20343.4,20342.4,20289,20288,20311,20310,7860
IG,2025-03-05 16:05:01.000,2025-03-05 16:10:01.000,IX.D.NASDAQ.CASH.IP,M5,20309.8,20308.8,20316.8,20315.8,20272.4,20271.4,20283,20282,5871
IG,2025-03-05 16:10:01.000,2025-03-05 16:15:01.000,IX.D.NASDAQ.CASH.IP,M5,20283.3,20282.3,20287.3,20286.3,20208.9,20207.9,20260.3,20259.3,11044
IG,2025-03-05 16:15:01.000,2025-03-05 16:20:02.000,IX.D.NASDAQ.CASH.IP,M5,20261,20260,20261.3,20260.3,20222.7,20221.7,20234.8,20233.8,5784
IG,2025-03-05 16:20:02.000,2025-03-05 16:25:01.000,IX.D.NASDAQ.CASH.IP,M5,20234.9,20233.9,20262.5,20261.5,20209.8,20208.8,20262.2,20261.2,6840
IG,2025-03-05 16:25:01.000,2025-03-05 16:30:01.000,IX.D.NASDAQ.CASH.IP,M5,20261.9,20260.9,20264.3,20263.3,20213.4,20212.4,20250.8,20249.8,6639
IG,2025-03-05 16:30:01.000,2025-03-05 16:35:01.000,IX.D.NASDAQ.CASH.IP,M5,20251.2,20250.2,20251.2,20250.2,20184.8,20183.8,20194.5,20193.5,6970
IG,2025-03-05 16:35:01.000,2025-03-05 16:40:01.000,IX.D.NASDAQ.CASH.IP,M5,20194.3,20193.3,20246.8,20245.8,20183.5,20182.5,20219,20218,6843
IG,2025-03-05 16:40:01.000,2025-03-05 16:45:01.000,IX.D.NASDAQ.CASH.IP,M5,20219.2,20218.2,20219.2,20218.2,20175.4,20174.4,20195.3,20194.3,7094
IG,2025-03-05 16:45:01.000,2025-03-05 16:50:03.000,IX.D.NASDAQ.CASH.IP,M5,20194.5,20193.5,20222.5,20221.5,20171.3,20170.3,20196.8,20195.8,6416
IG,2025-03-05 16:50:03.000,2025-03-05 16:55:01.000,IX.D.NASDAQ.CASH.IP,M5,20197.3,20196.3,20225.7,20224.7,20176.2,20175.2,20220.5,20219.5,5421
IG,2025-03-05 16:55:01.000,2025-03-05 17:00:02.000,IX.D.NASDAQ.CASH.IP,M5,20220.7,20219.7,20335.2,20334.2,20211.3,20210.3,20306.4,20305.4,18407
IG,2025-03-05 17:00:02.000,2025-03-05 17:05:01.000,IX.D.NASDAQ.CASH.IP,M5,20307.2,20306.2,20353.7,20352.7,20288,20287,20294.8,20293.8,12310
IG,2025-03-05 17:05:01.000,2025-03-05 17:10:02.000,IX.D.NASDAQ.CASH.IP,M5,20294.7,20293.7,20335,20334,20294.7,20293.7,20331.4,20330.4,6267
IG,2025-03-05 17:10:02.000,2025-03-05 17:15:01.000,IX.D.NASDAQ.CASH.IP,M5,20331.3,20330.3,20356.4,20355.4,20314.8,20313.8,20327.8,20326.8,5972
IG,2025-03-05 17:15:01.000,2025-03-05 17:20:01.000,IX.D.NASDAQ.CASH.IP,M5,20327.5,20326.5,20374.5,20373.5,20320.8,20319.8,20353.8,20352.8,5927
IG,2025-03-05 17:20:01.000,2025-03-05 17:25:02.000,IX.D.NASDAQ.CASH.IP,M5,20353.7,20352.7,20418,20417,20344,20343,20406.5,20405.5,7413
IG,2025-03-05 17:25:02.000,2025-03-05 17:30:01.000,IX.D.NASDAQ.CASH.IP,M5,20406.7,20405.7,20433.9,20432.9,20390,20389,20431.3,20430.3,6227
IG,2025-03-05 17:30:01.000,2025-03-05 17:35:01.000,IX.D.NASDAQ.CASH.IP,M5,20431.9,20430.9,20442.4,20441.4,20420,20419,20432.2,20431.2,4515
IG,2025-03-05 17:35:01.000,2025-03-05 17:40:01.000,IX.D.NASDAQ.CASH.IP,M5,20432.5,20431.5,20462.5,20461.5,20418.2,20417.2,20461.8,20460.8,4645
IG,2025-03-05 17:40:01.000,2025-03-05 17:45:01.000,IX.D.NASDAQ.CASH.IP,M5,20462,20461,20467.8,20466.8,20440.2,20439.2,20449,20448,5098
IG,2025-03-05 17:45:01.000,2025-03-05 17:50:01.000,IX.D.NASDAQ.CASH.IP,M5,20449.3,20448.3,20455.2,20454.2,20396.3,20395.3,20453.8,20452.8,7183
IG,2025-03-05 17:50:01.000,2025-03-05 17:55:01.000,IX.D.NASDAQ.CASH.IP,M5,20452.8,20451.8,20524,20523,20449.3,20448.3,20493.4,20492.4,7390
IG,2025-03-05 17:55:01.000,2025-03-05 18:00:02.000,IX.D.NASDAQ.CASH.IP,M5,20494,20493,20531.3,20530.3,20493.8,20492.8,20525.9,20524.9,5629
IG,2025-03-05 18:00:02.000,2025-03-05 18:05:01.000,IX.D.NASDAQ.CASH.IP,M5,20526.2,20525.2,20538.4,20537.4,20496.5,20495.5,20525.4,20524.4,8244
IG,2025-03-05 18:05:01.000,2025-03-05 18:10:01.000,IX.D.NASDAQ.CASH.IP,M5,20525.3,20524.3,20541.3,20540.3,20402.9,20401.9,20421.9,20420.9,12736
IG,2025-03-05 18:10:01.000,2025-03-05 18:15:01.000,IX.D.NASDAQ.CASH.IP,M5,20422,20421,20504.3,20503.3,20422,20421,20470.3,20469.3,7216
IG,2025-03-05 18:15:01.000,2025-03-05 18:20:01.000,IX.D.NASDAQ.CASH.IP,M5,20470.2,20469.2,20503.3,20502.3,20452.4,20451.4,20484.5,20483.5,5415
IG,2025-03-05 18:20:01.000,2025-03-05 18:25:01.000,IX.D.NASDAQ.CASH.IP,M5,20485.8,20484.8,20499,20498,20457.8,20456.8,20477.3,20476.3,4319
IG,2025-03-05 18:25:01.000,2025-03-05 18:30:01.000,IX.D.NASDAQ.CASH.IP,M5,20476.5,20475.5,20482.3,20481.3,20439.5,20438.5,20448.4,20447.4,4883
IG,2025-03-05 18:30:01.000,2025-03-05 18:35:01.000,IX.D.NASDAQ.CASH.IP,M5,20448.3,20447.3,20483.9,20482.9,20404.4,20403.4,20446.4,20445.4,8798
IG,2025-03-05 18:35:01.000,2025-03-05 18:40:01.000,IX.D.NASDAQ.CASH.IP,M5,20444.3,20443.3,20476.5,20475.5,20427.5,20426.5,20468.7,20467.7,6007
IG,2025-03-05 18:40:01.000,2025-03-05 18:45:02.000,IX.D.NASDAQ.CASH.IP,M5,20468.5,20467.5,20471,20470,20425.4,20424.4,20444.9,20443.9,4176
IG,2025-03-05 18:45:02.000,2025-03-05 18:50:01.000,IX.D.NASDAQ.CASH.IP,M5,20444.8,20443.8,20507.3,20506.3,20442.3,20441.3,20496.4,20495.4,5419
IG,2025-03-05 18:50:01.000,2025-03-05 18:55:01.000,IX.D.NASDAQ.CASH.IP,M5,20496,20495,20527.7,20526.7,20494,20493,20517.2,20516.2,5680
IG,2025-03-05 18:55:01.000,2025-03-05 19:00:02.000,IX.D.NASDAQ.CASH.IP,M5,20517.3,20516.3,20552,20551,20515.5,20514.5,20545.8,20544.8,4221
IG,2025-03-05 19:00:02.000,2025-03-05 19:05:01.000,IX.D.NASDAQ.CASH.IP,M5,20545.5,20544.5,20572.3,20571.3,20514.7,20513.7,20571.3,20570.3,6412
IG,2025-03-05 19:05:01.000,2025-03-05 19:10:01.000,IX.D.NASDAQ.CASH.IP,M5,20570.3,20569.3,20642.7,20641.7,20556.7,20555.7,20641.4,20640.4,9838
IG,2025-03-05 19:10:01.000,2025-03-05 19:15:01.000,IX.D.NASDAQ.CASH.IP,M5,20641.2,20640.2,20660.9,20659.9,20623.5,20622.5,20653.7,20652.7,6046
IG,2025-03-05 19:15:01.000,2025-03-05 19:20:01.000,IX.D.NASDAQ.CASH.IP,M5,20653.4,20652.4,20666.5,20665.5,20599.4,20598.4,20607.8,20606.8,7804
IG,2025-03-05 19:20:01.000,2025-03-05 19:25:01.000,IX.D.NASDAQ.CASH.IP,M5,20608,20607,20651.3,20650.3,20588.5,20587.5,20648,20647,5065
IG,2025-03-05 19:25:01.000,2025-03-05 19:30:01.000,IX.D.NASDAQ.CASH.IP,M5,20648.2,20647.2,20648.2,20647.2,20592.3,20591.3,20602,20601,5291
IG,2025-03-05 19:30:01.000,2025-03-05 19:35:02.000,IX.D.NASDAQ.CASH.IP,M5,20603.2,20602.2,20626.5,20625.5,20597.9,20596.9,20608.7,20607.7,4251
IG,2025-03-05 19:35:02.000,2025-03-05 19:40:02.000,IX.D.NASDAQ.CASH.IP,M5,20608.2,20607.2,20624.8,20623.8,20555.8,20554.8,20595,20594,5850
IG,2025-03-05 19:40:02.000,2025-03-05 19:45:01.000,IX.D.NASDAQ.CASH.IP,M5,20597.2,20596.2,20622,20621,20585.3,20584.3,20592.3,20591.3,4308
IG,2025-03-05 19:45:01.000,2025-03-05 19:50:01.000,IX.D.NASDAQ.CASH.IP,M5,20592,20591,20630.3,20629.3,20579.9,20578.9,20628.3,20627.3,4053
IG,2025-03-05 19:50:01.000,2025-03-05 19:55:01.000,IX.D.NASDAQ.CASH.IP,M5,20628.2,20627.2,20638.2,20637.2,20604.7,20603.7,20624,20623,3878
IG,2025-03-05 19:55:01.000,2025-03-05 20:00:01.000,IX.D.NASDAQ.CASH.IP,M5,20623.8,20622.8,20648.9,20647.9,20602.7,20601.7,20608.3,20607.3,4681
IG,2025-03-05 20:00:01.000,2025-03-05 20:05:01.000,IX.D.NASDAQ.CASH.IP,M5,20608.5,20607.5,20674.7,20673.7,20602.3,20601.3,20653.7,20652.7,5717
IG,2025-03-05 20:05:01.000,2025-03-05 20:10:01.000,IX.D.NASDAQ.CASH.IP,M5,20654.8,20653.8,20680.4,20679.4,20642,20641,20668.5,20667.5,4523
IG,2025-03-05 20:10:01.000,2025-03-05 20:15:01.000,IX.D.NASDAQ.CASH.IP,M5,20668.8,20667.8,20677.8,20676.8,20647.8,20646.8,20667.9,20666.9,4001
IG,2025-03-05 20:15:01.000,2025-03-05 20:20:01.000,IX.D.NASDAQ.CASH.IP,M5,20667.5,20666.5,20678.3,20677.3,20571.7,20570.7,20618,20617,8045
IG,2025-03-05 20:20:01.000,2025-03-05 20:25:01.000,IX.D.NASDAQ.CASH.IP,M5,20617.9,20616.9,20623.7,20622.7,20561.9,20560.9,20597.8,20596.8,6092
IG,2025-03-05 20:25:01.000,2025-03-05 20:30:01.000,IX.D.NASDAQ.CASH.IP,M5,20598,20597,20652.8,20651.8,20592,20591,20645.3,20644.3,4742
IG,2025-03-05 20:30:01.000,2025-03-05 20:35:01.000,IX.D.NASDAQ.CASH.IP,M5,20645.8,20644.8,20645.8,20644.8,20595.5,20594.5,20619.3,20618.3,6355
IG,2025-03-05 20:35:01.000,2025-03-05 20:40:01.000,IX.D.NASDAQ.CASH.IP,M5,20619.5,20618.5,20630,20629,20595.5,20594.5,20620.5,20619.5,4287
IG,2025-03-05 20:40:01.000,2025-03-05 20:45:01.000,IX.D.NASDAQ.CASH.IP,M5,20618,20617,20647.5,20646.5,20610.7,20609.7,20636.7,20635.7,4116
IG,2025-03-05 20:45:01.000,2025-03-05 20:50:02.000,IX.D.NASDAQ.CASH.IP,M5,20636.8,20635.8,20638.3,20637.3,20596.7,20595.7,20606.7,20605.7,5443
IG,2025-03-05 20:50:02.000,2025-03-05 20:55:01.000,IX.D.NASDAQ.CASH.IP,M5,20606.5,20605.5,20659.7,20658.7,20558.8,20557.8,20627.9,20626.9,10818
IG,2025-03-05 20:55:01.000,2025-03-05 21:00:02.000,IX.D.NASDAQ.CASH.IP,M5,20628.2,20627.2,20644.2,20643.2,20604.9,20603.9,20611.8,20609.8,17507
IG,2025-03-05 21:00:02.000,2025-03-05 21:05:01.000,IX.D.NASDAQ.CASH.IP,M5,20611.6,20609.6,20617,20615,20582.1,20580.1,20596.5,20594.5,6104
IG,2025-03-05 21:05:01.000,2025-03-05 21:10:01.000,IX.D.NASDAQ.CASH.IP,M5,20596.6,20594.6,20609,20607,20532.6,20530.6,20560.3,20558.3,4121
IG,2025-03-05 21:10:01.000,2025-03-05 21:15:03.000,IX.D.NASDAQ.CASH.IP,M5,20559,20557,20563.9,20561.9,20542.9,20540.9,20553.8,20551.8,1482
IG,2025-03-05 21:15:03.000,2025-03-05 21:20:01.000,IX.D.NASDAQ.CASH.IP,M5,20553.6,20551.6,20583.1,20581.1,20552.8,20550.8,20570.9,20568.9,1181
IG,2025-03-05 21:20:01.000,2025-03-05 21:25:01.000,IX.D.NASDAQ.CASH.IP,M5,20571,20569,20575.1,20573.1,20554.3,20552.3,20556.5,20554.5,514
IG,2025-03-05 21:25:01.000,2025-03-05 21:30:02.000,IX.D.NASDAQ.CASH.IP,M5,20557,20555,20570,20568,20552.3,20550.3,20563.9,20561.9,328
IG,2025-03-05 21:30:02.000,2025-03-05 21:35:01.000,IX.D.NASDAQ.CASH.IP,M5,20564,20562,20568.8,20566.8,20551.8,20549.8,20560,20558,605
IG,2025-03-05 21:35:01.000,2025-03-05 21:40:02.000,IX.D.NASDAQ.CASH.IP,M5,20560.1,20558.1,20570.8,20568.8,20556.8,20554.8,20569.1,20567.1,519
IG,2025-03-05 21:40:02.000,2025-03-05 21:45:01.000,IX.D.NASDAQ.CASH.IP,M5,20569.9,20567.9,20573,20571,20556.3,20554.3,20562.3,20560.3,574
IG,2025-03-05 21:45:01.000,2025-03-05 21:50:01.000,IX.D.NASDAQ.CASH.IP,M5,20562.4,20560.4,20567.5,20565.5,20548.5,20546.5,20557,20555,645
IG,2025-03-05 21:50:02.000,2025-03-05 21:55:01.000,IX.D.NASDAQ.CASH.IP,M5,20556.9,20554.9,20559.1,20557.1,20552.4,20550.4,20557.6,20555.6,394
IG,2025-03-05 21:55:01.000,2025-03-05 22:00:01.000,IX.D.NASDAQ.CASH.IP,M5,20557.5,20555.5,20574.4,20572.4,20557.5,20555.5,20567.8,20562.8,718
IG,2025-03-05 22:00:03.000,2025-03-05 22:04:58.000,IX.D.NASDAQ.CASH.IP,M5,20568,20563,20576.3,20571.3,20563.5,20558.5,20571.3,20566.3,0
IG,2025-03-05 22:05:04.000,2025-03-05 22:09:37.000,IX.D.NASDAQ.CASH.IP,M5,20571.4,20566.4,20574,20569,20571.2,20566.2,20574,20569,0
IG,2025-03-05 22:10:17.000,2025-03-05 22:15:00.000,IX.D.NASDAQ.CASH.IP,M5,20574.1,20569.1,20576.1,20571.1,20573.5,20568.5,20574.8,20569.8,0
IG,2025-03-05 22:15:16.000,2025-03-05 22:19:44.000,IX.D.NASDAQ.CASH.IP,M5,20574.6,20569.6,20575.9,20570.9,20573.1,20568.1,20573.3,20568.3,0
IG,2025-03-05 22:21:01.000,2025-03-05 22:24:48.000,IX.D.NASDAQ.CASH.IP,M5,20573.8,20568.8,20574,20569,20572.6,20567.6,20574,20569,0
IG,2025-03-05 22:26:27.000,2025-03-05 22:29:38.000,IX.D.NASDAQ.CASH.IP,M5,20573.6,20568.6,20574,20569,20572.6,20567.6,20573.1,20568.1,0
IG,2025-03-05 22:30:08.000,2025-03-05 22:34:41.000,IX.D.NASDAQ.CASH.IP,M5,20573.2,20568.2,20576.4,20571.4,20572.9,20567.9,20574.2,20569.2,0
IG,2025-03-05 22:35:02.000,2025-03-05 22:39:42.000,IX.D.NASDAQ.CASH.IP,M5,20574.4,20569.4,20574.4,20569.4,20570.9,20565.9,20570.9,20565.9,0
IG,2025-03-05 22:40:08.000,2025-03-05 22:44:48.000,IX.D.NASDAQ.CASH.IP,M5,20571,20566,20576.9,20571.9,20570.9,20565.9,20573.4,20568.4,0
IG,2025-03-05 22:45:10.000,2025-03-05 22:49:56.000,IX.D.NASDAQ.CASH.IP,M5,20573.9,20568.9,20576.7,20571.7,20570,20565,20571.8,20566.8,0
IG,2025-03-05 22:51:26.000,2025-03-05 22:54:55.000,IX.D.NASDAQ.CASH.IP,M5,20571.7,20566.7,20572.3,20567.3,20570.6,20565.6,20571.3,20566.3,0
IG,2025-03-05 22:55:03.000,2025-03-05 23:00:01.000,IX.D.NASDAQ.CASH.IP,M5,20569.3,20564.3,20571,20568.3,20565.6,20562.6,20569.8,20567.8,43
IG,2025-03-05 23:00:01.000,2025-03-05 23:05:01.000,IX.D.NASDAQ.CASH.IP,M5,20568.8,20566.8,20587.9,20585.9,20563.2,20561.2,20587.7,20585.7,569
IG,2025-03-05 23:05:01.000,2025-03-05 23:10:01.000,IX.D.NASDAQ.CASH.IP,M5,20587.8,20585.8,20588.4,20586.4,20579.2,20577.2,20584.3,20582.3,152
IG,2025-03-05 23:10:02.000,2025-03-05 23:15:01.000,IX.D.NASDAQ.CASH.IP,M5,20584.4,20582.4,20600.3,20598.3,20584.4,20582.4,20592.8,20590.8,357
IG,2025-03-05 23:15:01.000,2025-03-05 23:20:00.000,IX.D.NASDAQ.CASH.IP,M5,20592.9,20590.9,20594.3,20592.3,20582.2,20580.2,20583.8,20581.8,199
IG,2025-03-05 23:20:01.000,2025-03-05 23:25:01.000,IX.D.NASDAQ.CASH.IP,M5,20583.9,20581.9,20590.1,20588.1,20572.1,20570.1,20578.9,20576.9,306
IG,2025-03-05 23:25:01.000,2025-03-05 23:30:01.000,IX.D.NASDAQ.CASH.IP,M5,20578.4,20576.4,20581.3,20579.3,20575.6,20573.6,20579.3,20577.3,147
IG,2025-03-05 23:30:02.000,2025-03-05 23:35:02.000,IX.D.NASDAQ.CASH.IP,M5,20579.4,20577.4,20580.2,20578.2,20549.8,20547.8,20554.1,20552.1,557
IG,2025-03-05 23:35:02.000,2025-03-05 23:40:00.000,IX.D.NASDAQ.CASH.IP,M5,20554.6,20552.6,20565.7,20563.7,20546.6,20544.6,20562.8,20560.8,353
IG,2025-03-05 23:40:01.000,2025-03-05 23:45:01.000,IX.D.NASDAQ.CASH.IP,M5,20562.9,20560.9,20572.6,20570.6,20562.1,20560.1,20571.6,20569.6,197
IG,2025-03-05 23:52:20.000,2025-03-06 00:00:00.000,IX.D.NASDAQ.CASH.IP,M5,20570.9,20568.9,20573.1,20571.1,20560.9,20558.9,20561.9,20559.9,218
IG,2025-03-06 00:00:00.000,2025-03-06 00:05:00.000,IX.D.NASDAQ.CASH.IP,M5,20561.6,20559.6,20575.3,20573.3,20551.8,20549.8,20569.1,20567.1,407
IG,2025-03-06 00:05:00.000,2025-03-06 00:10:00.000,IX.D.NASDAQ.CASH.IP,M5,20569.2,20567.2,20574.7,20572.7,20562.6,20560.6,20568.3,20566.3,154
IG,2025-03-06 00:10:02.000,2025-03-06 00:15:00.000,IX.D.NASDAQ.CASH.IP,M5,20568.4,20566.4,20588.4,20586.4,20564.9,20562.9,20586.6,20584.6,427
IG,2025-03-06 00:15:00.000,2025-03-06 00:20:00.000,IX.D.NASDAQ.CASH.IP,M5,20586.9,20584.9,20594.6,20592.6,20582.9,20580.9,20587.8,20585.8,616
IG,2025-03-06 00:20:01.000,2025-03-06 00:25:00.000,IX.D.NASDAQ.CASH.IP,M5,20587.7,20585.7,20591.7,20589.7,20580.4,20578.4,20583.2,20581.2,256
IG,2025-03-06 00:25:02.000,2025-03-06 00:30:00.000,IX.D.NASDAQ.CASH.IP,M5,20583.3,20581.3,20592.3,20590.3,20583.3,20581.3,20590.7,20588.7,204
IG,2025-03-06 00:30:00.000,2025-03-06 00:34:58.000,IX.D.NASDAQ.CASH.IP,M5,20590.6,20588.6,20591.7,20589.7,20588.2,20586.2,20589.2,20587.2,110
IG,2025-03-06 00:35:00.000,2025-03-06 00:40:00.000,IX.D.NASDAQ.CASH.IP,M5,20589.3,20587.3,20589.4,20587.4,20579.4,20577.4,20581.9,20579.9,199
IG,2025-03-06 00:40:02.000,2025-03-06 00:45:00.000,IX.D.NASDAQ.CASH.IP,M5,20582.1,20580.1,20585.4,20583.4,20578.9,20576.9,20581.2,20579.2,148
IG,2025-03-06 00:45:00.000,2025-03-06 00:50:00.000,IX.D.NASDAQ.CASH.IP,M5,20581.1,20579.1,20581.1,20579.1,20568.1,20566.1,20569.8,20567.8,241
IG,2025-03-06 00:50:01.000,2025-03-06 00:55:00.000,IX.D.NASDAQ.CASH.IP,M5,20569.9,20567.9,20574.9,20572.9,20561.1,20559.1,20564.1,20562.1,320
IG,2025-03-06 00:55:00.000,2025-03-06 01:00:01.000,IX.D.NASDAQ.CASH.IP,M5,20564.2,20562.2,20564.4,20562.4,20541.3,20539.3,20549.4,20547.4,564
IG,2025-03-06 01:00:01.000,2025-03-06 01:05:00.000,IX.D.NASDAQ.CASH.IP,M5,20549.3,20547.3,20561.3,20559.3,20542.4,20540.4,20542.4,20540.4,470
IG,2025-03-06 01:05:00.000,2025-03-06 01:10:00.000,IX.D.NASDAQ.CASH.IP,M5,20542.6,20540.6,20558.9,20556.9,20541.4,20539.4,20558.9,20556.9,361
IG,2025-03-06 01:10:00.000,2025-03-06 01:15:00.000,IX.D.NASDAQ.CASH.IP,M5,20559.1,20557.1,20568.8,20566.8,20558.6,20556.6,20566.9,20564.9,318
IG,2025-03-06 01:15:00.000,2025-03-06 01:20:00.000,IX.D.NASDAQ.CASH.IP,M5,20566.8,20564.8,20569.7,20567.7,20555.9,20553.9,20557.4,20555.4,345
IG,2025-03-06 01:20:02.000,2025-03-06 01:25:01.000,IX.D.NASDAQ.CASH.IP,M5,20557.6,20555.6,20562.8,20560.8,20556.3,20554.3,20558.1,20556.1,121
IG,2025-03-06 01:25:01.000,2025-03-06 01:30:00.000,IX.D.NASDAQ.CASH.IP,M5,20558.2,20556.2,20571.4,20569.4,20555.2,20553.2,20568.6,20566.6,471
IG,2025-03-06 01:30:00.000,2025-03-06 01:35:00.000,IX.D.NASDAQ.CASH.IP,M5,20568.4,20566.4,20569.2,20567.2,20551.9,20549.9,20555.6,20553.6,273
IG,2025-03-06 01:35:03.000,2025-03-06 01:40:00.000,IX.D.NASDAQ.CASH.IP,M5,20555.7,20553.7,20560.9,20558.9,20548.8,20546.8,20550.9,20548.9,202
IG,2025-03-06 01:40:01.000,2025-03-06 01:45:00.000,IX.D.NASDAQ.CASH.IP,M5,20551.1,20549.1,20559.8,20557.8,20545.4,20543.4,20556.3,20554.3,499
IG,2025-03-06 01:45:00.000,2025-03-06 01:50:01.000,IX.D.NASDAQ.CASH.IP,M5,20555.9,20553.9,20557.6,20555.6,20553.7,20551.7,20555.7,20553.7,105
IG,2025-03-06 01:50:02.000,2025-03-06 01:55:00.000,IX.D.NASDAQ.CASH.IP,M5,20555.6,20553.6,20574.4,20572.4,20551.6,20549.6,20574.3,20572.3,309
IG,2025-03-06 01:55:00.000,2025-03-06 02:00:01.000,IX.D.NASDAQ.CASH.IP,M5,20574.4,20572.4,20574.8,20572.8,20567.7,20565.7,20573.2,20571.2,269
IG,2025-03-06 02:00:01.000,2025-03-06 02:05:00.000,IX.D.NASDAQ.CASH.IP,M5,20573.1,20571.1,20582.8,20580.8,20571.3,20569.3,20580.6,20578.6,646
IG,2025-03-06 02:05:00.000,2025-03-06 02:10:00.000,IX.D.NASDAQ.CASH.IP,M5,20580.4,20578.4,20588.4,20586.4,20578.6,20576.6,20583.9,20581.9,306
IG,2025-03-06 02:10:00.000,2025-03-06 02:15:00.000,IX.D.NASDAQ.CASH.IP,M5,20583.8,20581.8,20583.8,20581.8,20570.9,20568.9,20576.1,20574.1,271
IG,2025-03-06 02:15:00.000,2025-03-06 02:20:00.000,IX.D.NASDAQ.CASH.IP,M5,20575.9,20573.9,20576.1,20574.1,20562.8,20560.8,20563.4,20561.4,272
IG,2025-03-06 02:20:00.000,2025-03-06 02:25:00.000,IX.D.NASDAQ.CASH.IP,M5,20563.6,20561.6,20564.4,20562.4,20548.1,20546.1,20555.3,20553.3,515
IG,2025-03-06 02:25:00.000,2025-03-06 02:30:00.000,IX.D.NASDAQ.CASH.IP,M5,20555.2,20553.2,20558.6,20556.6,20554.1,20552.1,20555.2,20553.2,164
IG,2025-03-06 02:30:00.000,2025-03-06 02:35:00.000,IX.D.NASDAQ.CASH.IP,M5,20553.1,20551.1,20580.9,20578.9,20551.9,20549.9,20578.6,20576.6,863
IG,2025-03-06 02:35:00.000,2025-03-06 02:40:00.000,IX.D.NASDAQ.CASH.IP,M5,20578.1,20576.1,20578.1,20576.1,20561.7,20559.7,20566.7,20564.7,285
IG,2025-03-06 02:40:00.000,2025-03-06 02:45:00.000,IX.D.NASDAQ.CASH.IP,M5,20566.6,20564.6,20566.8,20564.8,20558.2,20556.2,20560.6,20558.6,108
IG,2025-03-06 02:45:00.000,2025-03-06 02:50:00.000,IX.D.NASDAQ.CASH.IP,M5,20560.4,20558.4,20564.6,20562.6,20559.2,20557.2,20562.2,20560.2,99
IG,2025-03-06 02:50:00.000,2025-03-06 02:54:55.000,IX.D.NASDAQ.CASH.IP,M5,20562.1,20560.1,20567.9,20565.9,20561.1,20559.1,20566.1,20564.1,123
IG,2025-03-06 02:55:00.000,2025-03-06 03:00:00.000,IX.D.NASDAQ.CASH.IP,M5,20565.9,20563.9,20567.4,20565.4,20561.1,20559.1,20564.9,20562.9,152
IG,2025-03-06 03:00:00.000,2025-03-06 03:04:59.000,IX.D.NASDAQ.CASH.IP,M5,20564.8,20562.8,20565.2,20563.2,20553.2,20551.2,20561.4,20559.4,194
IG,2025-03-06 03:05:03.000,2025-03-06 03:09:59.000,IX.D.NASDAQ.CASH.IP,M5,20561.6,20559.6,20562.6,20560.6,20550.4,20548.4,20553.9,20551.9,167
IG,2025-03-06 03:10:00.000,2025-03-06 03:15:01.000,IX.D.NASDAQ.CASH.IP,M5,20554.1,20552.1,20559.3,20557.3,20551.6,20549.6,20552.8,20550.8,189
IG,2025-03-06 03:15:01.000,2025-03-06 03:20:00.000,IX.D.NASDAQ.CASH.IP,M5,20552.7,20550.7,20561.3,20559.3,20551.7,20549.7,20559.9,20557.9,144
IG,2025-03-06 03:20:00.000,2025-03-06 03:24:58.000,IX.D.NASDAQ.CASH.IP,M5,20560.1,20558.1,20562.4,20560.4,20551.3,20549.3,20552.3,20550.3,177
IG,2025-03-06 03:25:02.000,2025-03-06 03:29:59.000,IX.D.NASDAQ.CASH.IP,M5,20550.4,20548.4,20562.7,20560.7,20550.3,20548.3,20561.1,20559.1,204
IG,2025-03-06 03:30:01.000,2025-03-06 03:34:59.000,IX.D.NASDAQ.CASH.IP,M5,20560.9,20558.9,20563.2,20561.2,20554.2,20552.2,20560.7,20558.7,187
IG,2025-03-06 03:35:00.000,2025-03-06 03:40:00.000,IX.D.NASDAQ.CASH.IP,M5,20560.4,20558.4,20567.1,20565.1,20560.4,20558.4,20564.1,20562.1,160
IG,2025-03-06 03:40:00.000,2025-03-06 03:44:58.000,IX.D.NASDAQ.CASH.IP,M5,20564.2,20562.2,20574.9,20572.9,20562.8,20560.8,20571.1,20569.1,263
IG,2025-03-06 03:45:00.000,2025-03-06 03:50:00.000,IX.D.NASDAQ.CASH.IP,M5,20571.2,20569.2,20576.7,20574.7,20570.7,20568.7,20574.2,20572.2,205
IG,2025-03-06 03:50:00.000,2025-03-06 03:55:00.000,IX.D.NASDAQ.CASH.IP,M5,20574.1,20572.1,20581.8,20579.8,20573.2,20571.2,20578.4,20576.4,143
IG,2025-03-06 03:55:00.000,2025-03-06 04:00:00.000,IX.D.NASDAQ.CASH.IP,M5,20578.3,20576.3,20584.6,20582.6,20578.1,20576.1,20580.3,20578.3,156
IG,2025-03-06 04:00:00.000,2025-03-06 04:04:56.000,IX.D.NASDAQ.CASH.IP,M5,20580.2,20578.2,20587.9,20585.9,20578.3,20576.3,20579.2,20577.2,277
IG,2025-03-06 04:05:02.000,2025-03-06 04:09:58.000,IX.D.NASDAQ.CASH.IP,M5,20579.1,20577.1,20585.8,20583.8,20577.8,20575.8,20582.9,20580.9,231
IG,2025-03-06 04:10:02.000,2025-03-06 04:15:00.000,IX.D.NASDAQ.CASH.IP,M5,20583.1,20581.1,20586.4,20584.4,20580.6,20578.6,20584.4,20582.4,100
IG,2025-03-06 04:15:00.000,2025-03-06 04:20:00.000,IX.D.NASDAQ.CASH.IP,M5,20584.6,20582.6,20592.8,20590.8,20582.3,20580.3,20591.4,20589.4,262
IG,2025-03-06 04:20:00.000,2025-03-06 04:25:00.000,IX.D.NASDAQ.CASH.IP,M5,20591.2,20589.2,20591.7,20589.7,20581.6,20579.6,20587.8,20585.8,160
IG,2025-03-06 04:25:03.000,2025-03-06 04:30:00.000,IX.D.NASDAQ.CASH.IP,M5,20587.7,20585.7,20590.1,20588.1,20583.7,20581.7,20585.9,20583.9,123
IG,2025-03-06 04:30:00.000,2025-03-06 04:35:00.000,IX.D.NASDAQ.CASH.IP,M5,20586.3,20584.3,20596.9,20594.9,20586.2,20584.2,20591.9,20589.9,305
IG,2025-03-06 04:35:00.000,2025-03-06 04:40:00.000,IX.D.NASDAQ.CASH.IP,M5,20591.7,20589.7,20593.8,20591.8,20589.8,20587.8,20591.1,20589.1,118
IG,2025-03-06 04:40:00.000,2025-03-06 04:45:00.000,IX.D.NASDAQ.CASH.IP,M5,20590.9,20588.9,20594.6,20592.6,20590.8,20588.8,20591.4,20589.4,102
IG,2025-03-06 04:45:00.000,2025-03-06 04:50:00.000,IX.D.NASDAQ.CASH.IP,M5,20591.3,20589.3,20602.4,20600.4,20591.2,20589.2,20601.6,20599.6,342
IG,2025-03-06 04:50:00.000,2025-03-06 04:55:00.000,IX.D.NASDAQ.CASH.IP,M5,20601.7,20599.7,20602.7,20600.7,20595.8,20593.8,20596.7,20594.7,215
IG,2025-03-06 04:55:01.000,2025-03-06 05:00:00.000,IX.D.NASDAQ.CASH.IP,M5,20596.6,20594.6,20596.8,20594.8,20592.8,20590.8,20595.6,20593.6,130
IG,2025-03-06 05:00:00.000,2025-03-06 05:05:00.000,IX.D.NASDAQ.CASH.IP,M5,20595.4,20593.4,20600.6,20598.6,20594.2,20592.2,20596.3,20594.3,166
IG,2025-03-06 05:05:01.000,2025-03-06 05:10:00.000,IX.D.NASDAQ.CASH.IP,M5,20596.2,20594.2,20597.8,20595.8,20591.7,20589.7,20596.8,20594.8,171
IG,2025-03-06 05:10:00.000,2025-03-06 05:15:00.000,IX.D.NASDAQ.CASH.IP,M5,20596.7,20594.7,20602.1,20600.1,20593.8,20591.8,20601.7,20599.7,239
IG,2025-03-06 05:15:00.000,2025-03-06 05:20:00.000,IX.D.NASDAQ.CASH.IP,M5,20601.6,20599.6,20604.7,20602.7,20600.3,20598.3,20602.1,20600.1,201
IG,2025-03-06 05:20:00.000,2025-03-06 05:25:00.000,IX.D.NASDAQ.CASH.IP,M5,20601.8,20599.8,20602.3,20600.3,20597.9,20595.9,20598.7,20596.7,79
IG,2025-03-06 05:25:00.000,2025-03-06 05:30:00.000,IX.D.NASDAQ.CASH.IP,M5,20598.6,20596.6,20598.6,20596.6,20591.8,20589.8,20592.4,20590.4,163
IG,2025-03-06 05:30:00.000,2025-03-06 05:35:00.000,IX.D.NASDAQ.CASH.IP,M5,20591.9,20589.9,20596.6,20594.6,20589.3,20587.3,20590.8,20588.8,164
IG,2025-03-06 05:35:00.000,2025-03-06 05:40:00.000,IX.D.NASDAQ.CASH.IP,M5,20590.9,20588.9,20593.7,20591.7,20584.7,20582.7,20586.8,20584.8,192
IG,2025-03-06 05:40:04.000,2025-03-06 05:44:59.000,IX.D.NASDAQ.CASH.IP,M5,20586.7,20584.7,20588.4,20586.4,20583.4,20581.4,20584.4,20582.4,149
IG,2025-03-06 05:45:00.000,2025-03-06 05:50:00.000,IX.D.NASDAQ.CASH.IP,M5,20584.6,20582.6,20586.4,20584.4,20566.3,20564.3,20569.4,20567.4,564
IG,2025-03-06 05:50:00.000,2025-03-06 05:54:58.000,IX.D.NASDAQ.CASH.IP,M5,20569.3,20567.3,20573.7,20571.7,20564.1,20562.1,20572.7,20570.7,205
IG,2025-03-06 05:55:00.000,2025-03-06 06:00:00.000,IX.D.NASDAQ.CASH.IP,M5,20573.7,20571.7,20576.6,20574.6,20568.6,20566.6,20569.9,20567.9,316
IG,2025-03-06 06:00:00.000,2025-03-06 06:05:00.000,IX.D.NASDAQ.CASH.IP,M5,20569.8,20567.8,20569.8,20567.8,20557.8,20555.8,20560.9,20558.9,568
IG,2025-03-06 06:05:00.000,2025-03-06 06:10:00.000,IX.D.NASDAQ.CASH.IP,M5,20560.8,20558.8,20562.9,20560.9,20554.1,20552.1,20562.4,20560.4,314
IG,2025-03-06 06:10:00.000,2025-03-06 06:15:00.000,IX.D.NASDAQ.CASH.IP,M5,20564.3,20562.3,20581.4,20579.4,20560.2,20558.2,20578.6,20576.6,625
IG,2025-03-06 06:15:00.000,2025-03-06 06:20:00.000,IX.D.NASDAQ.CASH.IP,M5,20578.4,20576.4,20584.2,20582.2,20575.1,20573.1,20584.2,20582.2,259
IG,2025-03-06 06:20:00.000,2025-03-06 06:25:00.000,IX.D.NASDAQ.CASH.IP,M5,20584.3,20582.3,20591.1,20589.1,20583.9,20581.9,20589.1,20587.1,254
IG,2025-03-06 06:25:00.000,2025-03-06 06:30:00.000,IX.D.NASDAQ.CASH.IP,M5,20589.2,20587.2,20589.6,20587.6,20582.1,20580.1,20588.6,20586.6,188
IG,2025-03-06 06:30:00.000,2025-03-06 06:35:00.000,IX.D.NASDAQ.CASH.IP,M5,20588.4,20586.4,20596.8,20594.8,20587.7,20585.7,20589.3,20587.3,266
IG,2025-03-06 06:35:00.000,2025-03-06 06:39:59.000,IX.D.NASDAQ.CASH.IP,M5,20589.4,20587.4,20592.9,20590.9,20588.8,20586.8,20589.6,20587.6,81
IG,2025-03-06 06:40:01.000,2025-03-06 06:44:59.000,IX.D.NASDAQ.CASH.IP,M5,20589.7,20587.7,20595.4,20593.4,20587.9,20585.9,20595.1,20593.1,154
IG,2025-03-06 06:45:00.000,2025-03-06 06:50:00.000,IX.D.NASDAQ.CASH.IP,M5,20594.9,20592.9,20596.9,20594.9,20588.6,20586.6,20588.7,20586.7,168
IG,2025-03-06 06:50:00.000,2025-03-06 06:55:00.000,IX.D.NASDAQ.CASH.IP,M5,20588.8,20586.8,20591.7,20589.7,20586.2,20584.2,20588.4,20586.4,124
IG,2025-03-06 06:55:00.000,2025-03-06 07:00:00.000,IX.D.NASDAQ.CASH.IP,M5,20588.6,20586.6,20593.6,20591.6,20587.1,20585.1,20591.7,20589.7,141
IG,2025-03-06 07:00:00.000,2025-03-06 07:05:00.000,IX.D.NASDAQ.CASH.IP,M5,20592.1,20590.1,20598.9,20596.9,20587.9,20585.9,20589.9,20587.9,314
IG,2025-03-06 07:05:00.000,2025-03-06 07:10:01.000,IX.D.NASDAQ.CASH.IP,M5,20589.8,20587.8,20599.3,20597.3,20589.7,20587.7,20598.4,20596.4,243
IG,2025-03-06 07:10:01.000,2025-03-06 07:15:00.000,IX.D.NASDAQ.CASH.IP,M5,20598.9,20596.9,20599.4,20597.4,20584.1,20582.1,20584.4,20582.4,488
IG,2025-03-06 07:15:00.000,2025-03-06 07:20:00.000,IX.D.NASDAQ.CASH.IP,M5,20584.3,20582.3,20585.1,20583.1,20571.6,20569.6,20576.8,20574.8,460
IG,2025-03-06 07:20:02.000,2025-03-06 07:25:00.000,IX.D.NASDAQ.CASH.IP,M5,20576.7,20574.7,20592.9,20590.9,20575.1,20573.1,20587.3,20585.3,451
IG,2025-03-06 07:25:02.000,2025-03-06 07:30:01.000,IX.D.NASDAQ.CASH.IP,M5,20587.4,20585.4,20587.7,20585.7,20568.3,20566.3,20570.3,20568.3,439
IG,2025-03-06 07:30:01.000,2025-03-06 07:35:00.000,IX.D.NASDAQ.CASH.IP,M5,20572.7,20570.7,20581.3,20579.3,20563.1,20561.1,20568.8,20566.8,513
IG,2025-03-06 07:35:00.000,2025-03-06 07:40:00.000,IX.D.NASDAQ.CASH.IP,M5,20568.7,20566.7,20570.9,20568.9,20561.7,20559.7,20563.9,20561.9,360
IG,2025-03-06 07:40:00.000,2025-03-06 07:45:00.000,IX.D.NASDAQ.CASH.IP,M5,20563.8,20561.8,20565.7,20563.7,20533.3,20531.3,20536.8,20534.8,1369
IG,2025-03-06 07:45:00.000,2025-03-06 07:50:00.000,IX.D.NASDAQ.CASH.IP,M5,20536.7,20534.7,20543.4,20541.4,20522.8,20520.8,20526.8,20524.8,1196
IG,2025-03-06 07:50:00.000,2025-03-06 07:55:00.000,IX.D.NASDAQ.CASH.IP,M5,20525.4,20523.4,20533.4,20531.4,20510.7,20508.7,20519.3,20517.3,874
IG,2025-03-06 07:55:00.000,2025-03-06 08:00:00.000,IX.D.NASDAQ.CASH.IP,M5,20519.2,20517.2,20523.8,20521.8,20484.7,20482.7,20484.7,20482.7,1741
IG,2025-03-06 08:00:00.000,2025-03-06 08:05:00.000,IX.D.NASDAQ.CASH.IP,M5,20484.2,20482.2,20502.6,20500.6,20469.9,20467.9,20497.4,20495.4,2518
IG,2025-03-06 08:05:00.000,2025-03-06 08:10:00.000,IX.D.NASDAQ.CASH.IP,M5,20496.9,20494.9,20513.9,20511.9,20488.6,20486.6,20492.3,20490.3,1670
IG,2025-03-06 08:10:00.000,2025-03-06 08:15:00.000,IX.D.NASDAQ.CASH.IP,M5,20492.2,20490.2,20504.2,20502.2,20428.4,20426.4,20457.8,20455.8,2739
IG,2025-03-06 08:15:00.000,2025-03-06 08:20:00.000,IX.D.NASDAQ.CASH.IP,M5,20457.7,20455.7,20490.8,20488.8,20457.6,20455.6,20479.3,20477.3,1388
IG,2025-03-06 08:20:00.000,2025-03-06 08:25:00.000,IX.D.NASDAQ.CASH.IP,M5,20479.2,20477.2,20483.4,20481.4,20457.8,20455.8,20458.7,20456.7,1148
IG,2025-03-06 08:25:00.000,2025-03-06 08:30:00.000,IX.D.NASDAQ.CASH.IP,M5,20458.6,20456.6,20466.2,20464.2,20434.3,20432.3,20462.6,20460.6,1237
IG,2025-03-06 08:30:00.000,2025-03-06 08:35:00.000,IX.D.NASDAQ.CASH.IP,M5,20462.2,20460.2,20478.6,20476.6,20449.4,20447.4,20466.4,20464.4,809
IG,2025-03-06 08:35:00.000,2025-03-06 08:40:00.000,IX.D.NASDAQ.CASH.IP,M5,20465.4,20463.4,20475.4,20473.4,20452.8,20450.8,20459.3,20457.3,809
IG,2025-03-06 08:40:00.000,2025-03-06 08:45:00.000,IX.D.NASDAQ.CASH.IP,M5,20459.2,20457.2,20459.4,20457.4,20422.1,20420.1,20439.3,20437.3,1182
IG,2025-03-06 08:45:00.000,2025-03-06 08:50:00.000,IX.D.NASDAQ.CASH.IP,M5,20440.1,20438.1,20448.9,20446.9,20423.8,20421.8,20430.8,20428.8,883
IG,2025-03-06 08:50:00.000,2025-03-06 08:55:00.000,IX.D.NASDAQ.CASH.IP,M5,20430.9,20428.9,20439.2,20437.2,20416.2,20414.2,20430.8,20428.8,818
IG,2025-03-06 08:55:00.000,2025-03-06 09:00:00.000,IX.D.NASDAQ.CASH.IP,M5,20430.9,20428.9,20434.4,20432.4,20389.9,20387.9,20399.6,20397.6,1365
IG,2025-03-06 09:00:00.000,2025-03-06 09:05:01.000,IX.D.NASDAQ.CASH.IP,M5,20398.9,20396.9,20439.3,20437.3,20378.4,20376.4,20425.6,20423.6,2054
IG,2025-03-06 09:05:01.000,2025-03-06 09:10:00.000,IX.D.NASDAQ.CASH.IP,M5,20425.4,20423.4,20443.3,20441.3,20425.1,20423.1,20429.8,20427.8,977
IG,2025-03-06 09:10:00.000,2025-03-06 09:15:00.000,IX.D.NASDAQ.CASH.IP,M5,20429.6,20427.6,20430.3,20428.3,20402.3,20400.3,20402.8,20400.8,1323
IG,2025-03-06 09:15:00.000,2025-03-06 09:20:01.000,IX.D.NASDAQ.CASH.IP,M5,20402.9,20400.9,20416.7,20414.7,20379.4,20377.4,20384.9,20382.9,1259
IG,2025-03-06 09:20:01.000,2025-03-06 09:25:00.000,IX.D.NASDAQ.CASH.IP,M5,20386.1,20384.1,20408.2,20406.2,20373.9,20371.9,20375.4,20373.4,1243
IG,2025-03-06 09:25:00.000,2025-03-06 09:30:00.000,IX.D.NASDAQ.CASH.IP,M5,20375.6,20373.6,20385.2,20383.2,20348.3,20346.3,20351.4,20349.4,1556
IG,2025-03-06 09:30:00.000,2025-03-06 09:35:00.000,IX.D.NASDAQ.CASH.IP,M5,20351.9,20349.9,20380.3,20378.3,20333.8,20331.8,20372.7,20370.7,1737
IG,2025-03-06 09:35:00.000,2025-03-06 09:40:00.000,IX.D.NASDAQ.CASH.IP,M5,20372.6,20370.6,20383.8,20381.8,20365.9,20363.9,20379.8,20377.8,844
IG,2025-03-06 09:40:00.000,2025-03-06 09:45:00.000,IX.D.NASDAQ.CASH.IP,M5,20380.1,20378.1,20395.3,20393.3,20378.3,20376.3,20394.3,20392.3,1054
IG,2025-03-06 09:45:00.000,2025-03-06 09:50:00.000,IX.D.NASDAQ.CASH.IP,M5,20394.4,20392.4,20401.6,20399.6,20365.8,20363.8,20371.8,20369.8,1137
IG,2025-03-06 09:50:00.000,2025-03-06 09:55:00.000,IX.D.NASDAQ.CASH.IP,M5,20371.9,20369.9,20383.4,20381.4,20353.7,20351.7,20364.9,20362.9,1291
IG,2025-03-06 09:55:00.000,2025-03-06 10:00:00.000,IX.D.NASDAQ.CASH.IP,M5,20364.8,20362.8,20367.2,20365.2,20348.4,20346.4,20365.1,20363.1,867
IG,2025-03-06 10:00:00.000,2025-03-06 10:05:00.000,IX.D.NASDAQ.CASH.IP,M5,20364.2,20362.2,20365.3,20363.3,20329.2,20327.2,20356.1,20354.1,1672
IG,2025-03-06 10:05:00.000,2025-03-06 10:10:00.000,IX.D.NASDAQ.CASH.IP,M5,20356.2,20354.2,20373.8,20371.8,20352.9,20350.9,20367.4,20365.4,990
IG,2025-03-06 10:10:00.000,2025-03-06 10:15:00.000,IX.D.NASDAQ.CASH.IP,M5,20367.6,20365.6,20376.8,20374.8,20357.9,20355.9,20361.2,20359.2,876
IG,2025-03-06 10:15:00.000,2025-03-06 10:20:00.000,IX.D.NASDAQ.CASH.IP,M5,20361.3,20359.3,20380.9,20378.9,20354.1,20352.1,20380.1,20378.1,783
IG,2025-03-06 10:20:00.000,2025-03-06 10:25:00.000,IX.D.NASDAQ.CASH.IP,M5,20379.8,20377.8,20392.9,20390.9,20376.2,20374.2,20391.6,20389.6,921
IG,2025-03-06 10:25:00.000,2025-03-06 10:30:00.000,IX.D.NASDAQ.CASH.IP,M5,20391.4,20389.4,20396.1,20394.1,20383.4,20381.4,20384.2,20382.2,958
IG,2025-03-06 10:30:00.000,2025-03-06 10:35:00.000,IX.D.NASDAQ.CASH.IP,M5,20384.4,20382.4,20386.6,20384.6,20372.1,20370.1,20375.8,20373.8,657
IG,2025-03-06 10:35:00.000,2025-03-06 10:40:00.000,IX.D.NASDAQ.CASH.IP,M5,20375.9,20373.9,20378.4,20376.4,20349.3,20347.3,20354.4,20352.4,1083
IG,2025-03-06 10:40:00.000,2025-03-06 10:45:00.000,IX.D.NASDAQ.CASH.IP,M5,20354.6,20352.6,20360.1,20358.1,20343.3,20341.3,20351.9,20349.9,1037
IG,2025-03-06 10:45:00.000,2025-03-06 10:50:00.000,IX.D.NASDAQ.CASH.IP,M5,20352.1,20350.1,20359.4,20357.4,20343.4,20341.4,20349.6,20347.6,537
IG,2025-03-06 10:50:00.000,2025-03-06 10:55:00.000,IX.D.NASDAQ.CASH.IP,M5,20349.7,20347.7,20355.9,20353.9,20326.6,20324.6,20329.2,20327.2,1164
IG,2025-03-06 10:55:00.000,2025-03-06 11:00:00.000,IX.D.NASDAQ.CASH.IP,M5,20329.6,20327.6,20347.7,20345.7,20323.1,20321.1,20335.9,20333.9,970
IG,2025-03-06 11:00:00.000,2025-03-06 11:05:00.000,IX.D.NASDAQ.CASH.IP,M5,20336.1,20334.1,20340.6,20338.6,20309.8,20307.8,20321.8,20319.8,1335
IG,2025-03-06 11:05:00.000,2025-03-06 11:10:00.000,IX.D.NASDAQ.CASH.IP,M5,20321.9,20319.9,20346.9,20344.9,20320.6,20318.6,20333.8,20331.8,998
IG,2025-03-06 11:10:00.000,2025-03-06 11:15:00.000,IX.D.NASDAQ.CASH.IP,M5,20334.1,20332.1,20341.2,20339.2,20327.3,20325.3,20336.3,20334.3,647
IG,2025-03-06 11:15:00.000,2025-03-06 11:20:01.000,IX.D.NASDAQ.CASH.IP,M5,20336.4,20334.4,20349.8,20347.8,20326.4,20324.4,20345.9,20343.9,845
IG,2025-03-06 11:20:01.000,2025-03-06 11:25:00.000,IX.D.NASDAQ.CASH.IP,M5,20347.2,20345.2,20358.9,20356.9,20344.6,20342.6,20355.1,20353.1,822
IG,2025-03-06 11:25:00.000,2025-03-06 11:30:00.000,IX.D.NASDAQ.CASH.IP,M5,20354.9,20352.9,20356.9,20354.9,20340.8,20338.8,20341.8,20339.8,942
IG,2025-03-06 11:30:00.000,2025-03-06 11:35:01.000,IX.D.NASDAQ.CASH.IP,M5,20341.6,20339.6,20358.4,20356.4,20340.2,20338.2,20347.6,20345.6,776
IG,2025-03-06 11:35:01.000,2025-03-06 11:40:00.000,IX.D.NASDAQ.CASH.IP,M5,20347.4,20345.4,20361.3,20359.3,20344.3,20342.3,20349.8,20347.8,946
IG,2025-03-06 11:40:00.000,2025-03-06 11:45:00.000,IX.D.NASDAQ.CASH.IP,M5,20349.7,20347.7,20376.4,20374.4,20346.6,20344.6,20373.3,20371.3,1149
IG,2025-03-06 11:45:00.000,2025-03-06 11:50:01.000,IX.D.NASDAQ.CASH.IP,M5,20373.2,20371.2,20384.8,20382.8,20366.9,20364.9,20382.4,20380.4,902
IG,2025-03-06 11:50:01.000,2025-03-06 11:55:00.000,IX.D.NASDAQ.CASH.IP,M5,20382.3,20380.3,20385.3,20383.3,20373.6,20371.6,20378.9,20376.9,786
IG,2025-03-06 11:55:00.000,2025-03-06 12:00:00.000,IX.D.NASDAQ.CASH.IP,M5,20379.1,20377.1,20386.6,20384.6,20375.7,20373.7,20384.3,20382.3,916
IG,2025-03-06 12:00:00.000,2025-03-06 12:05:00.000,IX.D.NASDAQ.CASH.IP,M5,20384.1,20382.1,20385.6,20383.6,20363.7,20361.7,20366.9,20364.9,1139
IG,2025-03-06 12:05:00.000,2025-03-06 12:10:00.000,IX.D.NASDAQ.CASH.IP,M5,20367.1,20365.1,20367.9,20365.9,20350.1,20348.1,20351.4,20349.4,989
IG,2025-03-06 12:10:00.000,2025-03-06 12:15:00.000,IX.D.NASDAQ.CASH.IP,M5,20351.6,20349.6,20360.3,20358.3,20344.2,20342.2,20350.4,20348.4,825
IG,2025-03-06 12:15:00.000,2025-03-06 12:20:00.000,IX.D.NASDAQ.CASH.IP,M5,20350.6,20348.6,20352.4,20350.4,20330.7,20328.7,20351.8,20349.8,1234
IG,2025-03-06 12:20:00.000,2025-03-06 12:25:00.000,IX.D.NASDAQ.CASH.IP,M5,20352.1,20350.1,20352.9,20350.9,20334.8,20332.8,20340.3,20338.3,747
IG,2025-03-06 12:25:00.000,2025-03-06 12:30:00.000,IX.D.NASDAQ.CASH.IP,M5,20340.4,20338.4,20365.6,20363.6,20339.3,20337.3,20362.7,20360.7,1000
IG,2025-03-06 12:30:00.000,2025-03-06 12:34:58.000,IX.D.NASDAQ.CASH.IP,M5,20362.8,20360.8,20368.3,20366.3,20329.8,20327.8,20340.1,20338.1,1192
IG,2025-03-06 12:35:00.000,2025-03-06 12:40:00.000,IX.D.NASDAQ.CASH.IP,M5,20340.7,20338.7,20340.7,20338.7,20312.9,20310.9,20313.1,20311.1,1229
IG,2025-03-06 12:40:00.000,2025-03-06 12:45:00.000,IX.D.NASDAQ.CASH.IP,M5,20312.8,20310.8,20333.6,20331.6,20311.4,20309.4,20331.2,20329.2,1483
IG,2025-03-06 12:45:00.000,2025-03-06 12:50:01.000,IX.D.NASDAQ.CASH.IP,M5,20331.1,20329.1,20342.4,20340.4,20319.2,20317.2,20326.2,20324.2,1150
IG,2025-03-06 12:50:01.000,2025-03-06 12:55:00.000,IX.D.NASDAQ.CASH.IP,M5,20326.1,20324.1,20340.8,20338.8,20321.4,20319.4,20336.3,20334.3,777
IG,2025-03-06 12:55:00.000,2025-03-06 13:00:00.000,IX.D.NASDAQ.CASH.IP,M5,20336.2,20334.2,20347.7,20345.7,20327.4,20325.4,20329.9,20327.9,889
IG,2025-03-06 13:00:00.000,2025-03-06 13:05:00.000,IX.D.NASDAQ.CASH.IP,M5,20329.3,20327.3,20331.6,20329.6,20296.8,20294.8,20297.9,20295.9,1718
IG,2025-03-06 13:05:00.000,2025-03-06 13:10:00.000,IX.D.NASDAQ.CASH.IP,M5,20298.2,20296.2,20313.1,20311.1,20285.2,20283.2,20306.7,20304.7,2204
IG,2025-03-06 13:10:00.000,2025-03-06 13:15:00.000,IX.D.NASDAQ.CASH.IP,M5,20306.6,20304.6,20306.9,20304.9,20282.4,20280.4,20287.9,20285.9,1208
IG,2025-03-06 13:15:00.000,2025-03-06 13:20:00.000,IX.D.NASDAQ.CASH.IP,M5,20288.1,20286.1,20302.4,20300.4,20265.2,20263.2,20266.2,20264.2,1510
IG,2025-03-06 13:20:00.000,2025-03-06 13:25:00.000,IX.D.NASDAQ.CASH.IP,M5,20266.3,20264.3,20280.2,20278.2,20256.9,20254.9,20265.9,20263.9,2163
IG,2025-03-06 13:25:00.000,2025-03-06 13:30:00.000,IX.D.NASDAQ.CASH.IP,M5,20265.8,20263.8,20284.7,20282.7,20258.3,20256.3,20275.6,20273.6,1391
IG,2025-03-06 13:30:00.000,2025-03-06 13:35:00.000,IX.D.NASDAQ.CASH.IP,M5,20276.3,20274.3,20322.1,20320.1,20266.2,20264.2,20319.8,20317.8,3388
IG,2025-03-06 13:35:00.000,2025-03-06 13:40:00.000,IX.D.NASDAQ.CASH.IP,M5,20319.9,20317.9,20341.7,20339.7,20313.3,20311.3,20329.6,20327.6,2162
IG,2025-03-06 13:40:00.000,2025-03-06 13:45:00.000,IX.D.NASDAQ.CASH.IP,M5,20329.7,20327.7,20329.9,20327.9,20286.6,20284.6,20304.9,20302.9,2376
IG,2025-03-06 13:45:00.000,2025-03-06 13:50:00.000,IX.D.NASDAQ.CASH.IP,M5,20304.6,20302.6,20307.3,20305.3,20275.8,20273.8,20304.7,20302.7,2279
IG,2025-03-06 13:50:00.000,2025-03-06 13:55:00.000,IX.D.NASDAQ.CASH.IP,M5,20306.3,20304.3,20307.1,20305.1,20273.9,20271.9,20282.4,20280.4,1671
IG,2025-03-06 13:55:00.000,2025-03-06 14:00:00.000,IX.D.NASDAQ.CASH.IP,M5,20282.3,20280.3,20297.1,20295.1,20278.1,20276.1,20285.6,20283.6,1245
IG,2025-03-06 14:00:00.000,2025-03-06 14:05:00.000,IX.D.NASDAQ.CASH.IP,M5,20285.4,20283.4,20305.1,20303.1,20263.1,20261.1,20303.3,20301.3,2206
IG,2025-03-06 14:05:00.000,2025-03-06 14:10:00.000,IX.D.NASDAQ.CASH.IP,M5,20303.2,20301.2,20329.4,20327.4,20295.2,20293.2,20312.9,20310.9,2426
IG,2025-03-06 14:10:00.000,2025-03-06 14:15:00.000,IX.D.NASDAQ.CASH.IP,M5,20312.8,20310.8,20321.4,20319.4,20303.6,20301.6,20313.7,20311.7,1240
IG,2025-03-06 14:15:00.000,2025-03-06 14:20:00.000,IX.D.NASDAQ.CASH.IP,M5,20313.8,20311.8,20315.7,20313.7,20291.1,20289.1,20307.3,20305.3,2032
IG,2025-03-06 14:20:00.000,2025-03-06 14:25:00.000,IX.D.NASDAQ.CASH.IP,M5,20307.7,20305.7,20308.6,20306.6,20277.6,20275.6,20279.2,20277.2,1706
IG,2025-03-06 14:25:00.000,2025-03-06 14:30:00.000,IX.D.NASDAQ.CASH.IP,M5,20280.9,20278.9,20291.1,20289.1,20261.9,20260.2,20265.2,20264.2,3232
IG,2025-03-06 14:30:00.000,2025-03-06 14:35:00.000,IX.D.NASDAQ.CASH.IP,M5,20264.7,20263.7,20265.1,20264.1,20195.8,20194.8,20232.1,20231.1,16267
IG,2025-03-06 14:35:00.000,2025-03-06 14:40:00.000,IX.D.NASDAQ.CASH.IP,M5,20233.2,20232.2,20274.3,20273.3,20185.6,20184.6,20247.6,20246.6,15350
IG,2025-03-06 14:40:00.000,2025-03-06 14:45:00.000,IX.D.NASDAQ.CASH.IP,M5,20247.7,20246.7,20272.8,20271.8,20200.3,20199.3,20200.3,20199.3,11920
IG,2025-03-06 14:45:00.000,2025-03-06 14:50:00.000,IX.D.NASDAQ.CASH.IP,M5,20200.7,20199.7,20264.4,20263.4,20198.2,20197.2,20244.1,20243.1,9888
IG,2025-03-06 14:50:00.000,2025-03-06 14:55:00.000,IX.D.NASDAQ.CASH.IP,M5,20244.6,20243.6,20299.6,20298.6,20240.8,20239.8,20250.4,20249.4,11024
IG,2025-03-06 14:55:00.000,2025-03-06 15:00:00.000,IX.D.NASDAQ.CASH.IP,M5,20250.7,20249.7,20277.2,20276.2,20219.4,20218.4,20228.2,20227.2,7372
IG,2025-03-06 15:00:00.000,2025-03-06 15:05:00.000,IX.D.NASDAQ.CASH.IP,M5,20227.1,20226.1,20341.7,20340.7,20210.7,20209.7,20316.1,20315.1,14281
IG,2025-03-06 15:05:00.000,2025-03-06 15:10:00.000,IX.D.NASDAQ.CASH.IP,M5,20316.9,20315.9,20383.6,20382.6,20313.4,20312.4,20359.1,20358.1,12765
IG,2025-03-06 15:10:00.000,2025-03-06 15:15:01.000,IX.D.NASDAQ.CASH.IP,M5,20359.2,20358.2,20380.7,20379.7,20341.6,20340.6,20355.6,20354.6,8127
IG,2025-03-06 15:15:01.000,2025-03-06 15:20:00.000,IX.D.NASDAQ.CASH.IP,M5,20354.7,20353.7,20416.1,20415.1,20353.2,20352.2,20398.6,20397.6,10645
IG,2025-03-06 15:20:00.000,2025-03-06 15:25:00.000,IX.D.NASDAQ.CASH.IP,M5,20395.9,20394.9,20439.9,20438.9,20393.1,20392.1,20407.8,20406.8,8221
IG,2025-03-06 15:25:00.000,2025-03-06 15:30:00.000,IX.D.NASDAQ.CASH.IP,M5,20407.6,20406.6,20425.2,20424.2,20357.7,20356.7,20417.1,20416.1,8993
IG,2025-03-06 15:30:00.000,2025-03-06 15:35:00.000,IX.D.NASDAQ.CASH.IP,M5,20417.3,20416.3,20424.4,20423.4,20378.1,20377.1,20385.7,20384.7,6131
IG,2025-03-06 15:35:00.000,2025-03-06 15:40:00.000,IX.D.NASDAQ.CASH.IP,M5,20384.4,20383.4,20457.9,20456.9,20372.1,20371.1,20448.2,20447.2,6984
IG,2025-03-06 15:40:00.000,2025-03-06 15:45:00.000,IX.D.NASDAQ.CASH.IP,M5,20448.7,20447.7,20469.7,20468.7,20422.2,20421.2,20449.1,20448.1,7234
IG,2025-03-06 15:45:00.000,2025-03-06 15:50:00.000,IX.D.NASDAQ.CASH.IP,M5,20449.8,20448.8,20464.6,20463.6,20411.8,20410.8,20417.7,20416.7,6365
IG,2025-03-06 15:50:00.000,2025-03-06 15:55:00.000,IX.D.NASDAQ.CASH.IP,M5,20417.9,20416.9,20419.6,20418.6,20357.6,20356.6,20370.1,20369.1,7176
IG,2025-03-06 15:55:00.000,2025-03-06 16:00:00.000,IX.D.NASDAQ.CASH.IP,M5,20369.6,20368.6,20391.9,20390.9,20342.9,20341.9,20391.9,20390.9,7289
IG,2025-03-06 16:00:00.000,2025-03-06 16:05:00.000,IX.D.NASDAQ.CASH.IP,M5,20392.2,20391.2,20433.8,20432.8,20391.3,20390.3,20407.2,20406.2,5824
IG,2025-03-06 16:05:00.000,2025-03-06 16:10:00.000,IX.D.NASDAQ.CASH.IP,M5,20408.3,20407.3,20446.8,20445.8,20381.6,20380.6,20440.6,20439.6,5495
IG,2025-03-06 16:10:00.000,2025-03-06 16:15:00.000,IX.D.NASDAQ.CASH.IP,M5,20440.8,20439.8,20452.4,20451.4,20402.2,20401.2,20414.9,20413.9,5215
IG,2025-03-06 16:15:00.000,2025-03-06 16:20:00.000,IX.D.NASDAQ.CASH.IP,M5,20414.1,20413.1,20423.9,20422.9,20390.9,20389.9,20397.6,20396.6,4542
IG,2025-03-06 16:20:00.000,2025-03-06 16:25:00.000,IX.D.NASDAQ.CASH.IP,M5,20397.7,20396.7,20407.1,20406.1,20333.4,20332.4,20374.4,20373.4,7012
IG,2025-03-06 16:25:00.000,2025-03-06 16:30:00.000,IX.D.NASDAQ.CASH.IP,M5,20375.3,20374.3,20394.7,20393.7,20306.1,20305.1,20364.3,20363.3,10058
IG,2025-03-06 16:30:00.000,2025-03-06 16:35:00.000,IX.D.NASDAQ.CASH.IP,M5,20364.4,20363.4,20433.2,20432.2,20353.3,20352.3,20397.1,20396.1,8865
IG,2025-03-06 16:35:00.000,2025-03-06 16:40:00.000,IX.D.NASDAQ.CASH.IP,M5,20394.8,20393.8,20404.1,20403.1,20300.6,20299.6,20308.7,20307.7,7389
IG,2025-03-06 16:40:00.000,2025-03-06 16:45:00.000,IX.D.NASDAQ.CASH.IP,M5,20308.6,20307.6,20315.1,20314.1,20282.1,20281.1,20302.9,20301.9,7172
IG,2025-03-06 16:45:00.000,2025-03-06 16:50:00.000,IX.D.NASDAQ.CASH.IP,M5,20302.6,20301.6,20315.3,20314.3,20272.3,20271.3,20273.3,20272.3,5283
IG,2025-03-06 16:50:00.000,2025-03-06 16:55:00.000,IX.D.NASDAQ.CASH.IP,M5,20270.4,20269.4,20275.1,20274.1,20226.6,20225.6,20240.8,20239.8,8471
IG,2025-03-06 16:55:00.000,2025-03-06 17:00:01.000,IX.D.NASDAQ.CASH.IP,M5,20240.4,20239.4,20245.6,20244.6,20199.1,20198.1,20202.4,20201.4,7820
IG,2025-03-06 17:00:01.000,2025-03-06 17:05:00.000,IX.D.NASDAQ.CASH.IP,M5,20201.9,20200.9,20232.8,20231.8,20140.4,20139.4,20143.9,20142.9,12686
IG,2025-03-06 17:05:00.000,2025-03-06 17:10:00.000,IX.D.NASDAQ.CASH.IP,M5,20143.7,20142.7,20176.1,20175.1,20115.2,20114.2,20172.3,20171.3,11821
IG,2025-03-06 17:10:00.000,2025-03-06 17:15:00.000,IX.D.NASDAQ.CASH.IP,M5,20173.1,20172.1,20173.9,20172.9,20122.7,20121.7,20128.6,20127.6,6477
IG,2025-03-06 17:15:00.000,2025-03-06 17:20:00.000,IX.D.NASDAQ.CASH.IP,M5,20127.6,20126.6,20150.6,20149.6,20107.7,20106.7,20142.1,20141.1,6802
IG,2025-03-06 17:20:00.000,2025-03-06 17:25:00.000,IX.D.NASDAQ.CASH.IP,M5,20141.8,20140.8,20188.3,20187.3,20140.1,20139.1,20143.6,20142.6,7694
IG,2025-03-06 17:25:00.000,2025-03-06 17:30:00.000,IX.D.NASDAQ.CASH.IP,M5,20143.7,20142.7,20143.7,20142.7,20084.4,20083.4,20112.2,20111.2,8579
IG,2025-03-06 17:30:00.000,2025-03-06 17:35:00.000,IX.D.NASDAQ.CASH.IP,M5,20111.6,20110.6,20163.8,20162.8,20108.1,20107.1,20135.8,20134.8,6665
IG,2025-03-06 17:35:00.000,2025-03-06 17:40:00.000,IX.D.NASDAQ.CASH.IP,M5,20135.7,20134.7,20141.1,20140.1,20100.1,20099.1,20102.1,20101.1,4123
IG,2025-03-06 17:40:00.000,2025-03-06 17:45:00.000,IX.D.NASDAQ.CASH.IP,M5,20101.8,20100.8,20150.9,20149.9,20096.2,20095.2,20113.2,20112.2,5938
IG,2025-03-06 17:45:00.000,2025-03-06 17:50:00.000,IX.D.NASDAQ.CASH.IP,M5,20113.9,20112.9,20119.1,20118.1,20047.7,20046.7,20061.2,20060.2,8922
IG,2025-03-06 17:50:00.000,2025-03-06 17:55:00.000,IX.D.NASDAQ.CASH.IP,M5,20061.1,20060.1,20085.8,20084.8,20052.7,20051.7,20084.9,20083.9,5474
IG,2025-03-06 17:55:00.000,2025-03-06 18:00:00.000,IX.D.NASDAQ.CASH.IP,M5,20085.1,20084.1,20149.8,20148.8,20077.9,20076.9,20125.8,20124.8,7294
IG,2025-03-06 18:00:00.000,2025-03-06 18:05:00.000,IX.D.NASDAQ.CASH.IP,M5,20126.3,20125.3,20139.9,20138.9,20097.6,20096.6,20110.3,20109.3,6061
IG,2025-03-06 18:05:00.000,2025-03-06 18:10:00.000,IX.D.NASDAQ.CASH.IP,M5,20112.4,20111.4,20134.4,20133.4,20092.9,20091.9,20105.3,20104.3,4348
IG,2025-03-06 18:10:00.000,2025-03-06 18:15:00.000,IX.D.NASDAQ.CASH.IP,M5,20106.1,20105.1,20123.1,20122.1,20080.8,20079.8,20117.3,20116.3,5082
IG,2025-03-06 18:15:00.000,2025-03-06 18:20:00.000,IX.D.NASDAQ.CASH.IP,M5,20117.7,20116.7,20154.7,20153.7,20117.7,20116.7,20146.1,20145.1,6702
IG,2025-03-06 18:20:00.000,2025-03-06 18:25:00.000,IX.D.NASDAQ.CASH.IP,M5,20146.3,20145.3,20164.3,20163.3,20130.2,20129.2,20149.3,20148.3,5067
IG,2025-03-06 18:25:00.000,2025-03-06 18:30:00.000,IX.D.NASDAQ.CASH.IP,M5,20149.1,20148.1,20157.9,20156.9,20083.7,20082.7,20092.7,20091.7,5628
IG,2025-03-06 18:30:00.000,2025-03-06 18:35:00.000,IX.D.NASDAQ.CASH.IP,M5,20092.6,20091.6,20120.3,20119.3,20076.4,20075.4,20092.9,20091.9,4619
IG,2025-03-06 18:35:00.000,2025-03-06 18:40:00.000,IX.D.NASDAQ.CASH.IP,M5,20092.6,20091.6,20104.4,20103.4,20025.3,20024.3,20026.7,20025.7,6952
IG,2025-03-06 18:40:00.000,2025-03-06 18:45:00.000,IX.D.NASDAQ.CASH.IP,M5,20026.6,20025.6,20032.4,20031.4,19999.3,19998.3,20031.2,20030.2,7704
IG,2025-03-06 18:45:00.000,2025-03-06 18:50:01.000,IX.D.NASDAQ.CASH.IP,M5,20031.3,20030.3,20074.8,20073.8,20017.2,20016.2,20054.7,20053.7,6043
IG,2025-03-06 18:50:01.000,2025-03-06 18:55:00.000,IX.D.NASDAQ.CASH.IP,M5,20054.8,20053.8,20098.6,20097.6,20053.8,20052.8,20076.6,20075.6,4582
IG,2025-03-06 18:55:00.000,2025-03-06 19:00:00.000,IX.D.NASDAQ.CASH.IP,M5,20076.7,20075.7,20090.6,20089.6,20063.4,20062.4,20078.8,20077.8,4159
IG,2025-03-06 19:00:00.000,2025-03-06 19:05:00.000,IX.D.NASDAQ.CASH.IP,M5,20078.9,20077.9,20084.6,20083.6,20013.8,20012.8,20022.6,20021.6,5989
IG,2025-03-06 19:05:00.000,2025-03-06 19:10:00.000,IX.D.NASDAQ.CASH.IP,M5,20023.1,20022.1,20051.3,20050.3,20012.2,20011.2,20041.1,20040.1,4054
IG,2025-03-06 19:10:00.000,2025-03-06 19:15:00.000,IX.D.NASDAQ.CASH.IP,M5,20040.2,20039.2,20070.3,20069.3,20026.3,20025.3,20029.6,20028.6,4260
IG,2025-03-06 19:15:00.000,2025-03-06 19:20:00.000,IX.D.NASDAQ.CASH.IP,M5,20029.7,20028.7,20049.3,20048.3,19987.9,19986.9,20001.2,20000.2,6252
IG,2025-03-06 19:20:00.000,2025-03-06 19:25:00.000,IX.D.NASDAQ.CASH.IP,M5,20001.1,20000.1,20011.9,20010.9,19984.8,19983.8,20004.8,20003.8,5052
IG,2025-03-06 19:25:00.000,2025-03-06 19:30:00.000,IX.D.NASDAQ.CASH.IP,M5,20004.7,20003.7,20005.9,20004.9,19966.1,19965.1,19985.7,19984.7,5981
IG,2025-03-06 19:30:00.000,2025-03-06 19:35:00.000,IX.D.NASDAQ.CASH.IP,M5,19985.6,19984.6,19999.4,19998.4,19959.9,19958.9,19979.4,19978.4,6374
IG,2025-03-06 19:35:00.000,2025-03-06 19:40:00.000,IX.D.NASDAQ.CASH.IP,M5,19979.6,19978.6,20004.8,20003.8,19967.7,19966.7,19977.3,19976.3,4651
IG,2025-03-06 19:40:00.000,2025-03-06 19:45:00.000,IX.D.NASDAQ.CASH.IP,M5,19977.4,19976.4,20036.2,20035.2,19976.7,19975.7,20015.6,20014.6,5950
IG,2025-03-06 19:45:00.000,2025-03-06 19:50:00.000,IX.D.NASDAQ.CASH.IP,M5,20015.4,20014.4,20133.9,20132.9,20015.1,20014.1,20112.1,20111.1,11558
IG,2025-03-06 19:50:00.000,2025-03-06 19:55:00.000,IX.D.NASDAQ.CASH.IP,M5,20112.8,20111.8,20163.9,20162.9,20103.8,20102.8,20121.4,20120.4,10957
IG,2025-03-06 19:55:00.000,2025-03-06 20:00:00.000,IX.D.NASDAQ.CASH.IP,M5,20120.9,20119.9,20120.9,20119.9,19999.4,19998.4,20005.1,20004.1,10373
IG,2025-03-06 20:00:00.000,2025-03-06 20:05:00.000,IX.D.NASDAQ.CASH.IP,M5,20004.9,20003.9,20063.9,20062.9,19984.1,19983.1,20051.3,20050.3,8067
IG,2025-03-06 20:05:00.000,2025-03-06 20:10:00.000,IX.D.NASDAQ.CASH.IP,M5,20051.6,20050.6,20094.9,20093.9,20038.6,20037.6,20053.1,20052.1,6288
IG,2025-03-06 20:10:00.000,2025-03-06 20:15:00.000,IX.D.NASDAQ.CASH.IP,M5,20053.2,20052.2,20088.7,20087.7,20041.7,20040.7,20075.9,20074.9,6068
IG,2025-03-06 20:15:00.000,2025-03-06 20:20:00.000,IX.D.NASDAQ.CASH.IP,M5,20077.4,20076.4,20107.1,20106.1,20052.6,20051.6,20073.1,20072.1,5092
IG,2025-03-06 20:20:00.000,2025-03-06 20:25:00.000,IX.D.NASDAQ.CASH.IP,M5,20072.4,20071.4,20093.8,20092.8,19991.2,19990.2,20014.1,20013.1,6361
IG,2025-03-06 20:25:00.000,2025-03-06 20:30:00.000,IX.D.NASDAQ.CASH.IP,M5,20014.6,20013.6,20075.3,20074.3,20002.4,20001.4,20075.3,20074.3,5275
IG,2025-03-06 20:30:00.000,2025-03-06 20:35:00.000,IX.D.NASDAQ.CASH.IP,M5,20077.7,20076.7,20112.1,20111.1,20050.2,20049.2,20051.3,20050.3,7253
IG,2025-03-06 20:35:00.000,2025-03-06 20:40:00.000,IX.D.NASDAQ.CASH.IP,M5,20051.2,20050.2,20097.3,20096.3,20037.3,20036.3,20037.8,20036.8,5763
IG,2025-03-06 20:40:00.000,2025-03-06 20:45:00.000,IX.D.NASDAQ.CASH.IP,M5,20037.9,20036.9,20052.4,20051.4,20003.6,20002.6,20004.8,20003.8,6435
IG,2025-03-06 20:45:00.000,2025-03-06 20:50:00.000,IX.D.NASDAQ.CASH.IP,M5,20004.4,20003.4,20062.2,20061.2,19998.6,19997.6,20061.1,20060.1,6502
IG,2025-03-06 20:50:00.000,2025-03-06 20:55:00.000,IX.D.NASDAQ.CASH.IP,M5,20060.7,20059.7,20075.6,20074.6,20026.9,20025.9,20069.4,20068.4,9449
IG,2025-03-06 20:55:00.000,2025-03-06 21:00:00.000,IX.D.NASDAQ.CASH.IP,M5,20069.2,20068.2,20077.2,20076.2,20028.8,20027.8,20050.1,20048.1,19750
IG,2025-03-06 21:00:00.000,2025-03-06 21:05:00.000,IX.D.NASDAQ.CASH.IP,M5,20049.3,20047.3,20089.1,20087.1,20031,20029,20087.2,20085.2,8342
IG,2025-03-06 21:05:00.000,2025-03-06 21:10:00.000,IX.D.NASDAQ.CASH.IP,M5,20087.1,20085.1,20098.2,20096.2,20071.5,20069.5,20084.3,20082.3,3005
IG,2025-03-06 21:10:00.000,2025-03-06 21:15:00.000,IX.D.NASDAQ.CASH.IP,M5,20084.2,20082.2,20095,20093,20072.7,20070.7,20073,20071,2182
IG,2025-03-06 21:15:00.000,2025-03-06 21:20:00.000,IX.D.NASDAQ.CASH.IP,M5,20073.1,20071.1,20170,20168,20073.1,20071.1,20158.1,20156.1,4497
IG,2025-03-06 21:20:00.000,2025-03-06 21:25:00.000,IX.D.NASDAQ.CASH.IP,M5,20158.2,20156.2,20166.7,20164.7,20143.8,20141.8,20146.1,20144.1,1754
IG,2025-03-06 21:25:00.000,2025-03-06 21:30:00.000,IX.D.NASDAQ.CASH.IP,M5,20146.2,20144.2,20160.7,20158.7,20146.2,20144.2,20152.6,20150.6,972
IG,2025-03-06 21:30:00.000,2025-03-06 21:35:00.000,IX.D.NASDAQ.CASH.IP,M5,20152.7,20150.7,20154.8,20152.8,20127.5,20125.5,20133.8,20131.8,806
IG,2025-03-06 21:35:00.000,2025-03-06 21:40:00.000,IX.D.NASDAQ.CASH.IP,M5,20134.1,20132.1,20139.6,20137.6,20123.2,20121.2,20125,20123,591
IG,2025-03-06 21:40:01.000,2025-03-06 21:45:00.000,IX.D.NASDAQ.CASH.IP,M5,20124,20122,20132,20130,20114.3,20112.3,20130.3,20128.3,589
IG,2025-03-06 21:45:00.000,2025-03-06 21:50:00.000,IX.D.NASDAQ.CASH.IP,M5,20130.5,20128.5,20144.6,20142.6,20130.5,20128.5,20138.1,20136.1,579
IG,2025-03-06 21:50:00.000,2025-03-06 21:55:00.000,IX.D.NASDAQ.CASH.IP,M5,20138.2,20136.2,20149.2,20147.2,20138.2,20136.2,20139.7,20137.7,439
IG,2025-03-06 21:55:00.000,2025-03-06 22:00:00.000,IX.D.NASDAQ.CASH.IP,M5,20139.6,20137.6,20145.6,20143.6,20126.3,20124.3,20133.2,20128.2,603
IG,2025-03-06 22:00:01.000,2025-03-06 22:04:54.000,IX.D.NASDAQ.CASH.IP,M5,20135.8,20130.8,20136.9,20131.9,20132.3,20127.3,20132.6,20127.6,0
IG,2025-03-06 22:05:08.000,2025-03-06 22:09:59.000,IX.D.NASDAQ.CASH.IP,M5,20132.7,20127.7,20150,20145,20129.8,20124.8,20147.3,20142.3,0
IG,2025-03-06 22:10:03.000,2025-03-06 22:14:52.000,IX.D.NASDAQ.CASH.IP,M5,20146.9,20141.9,20171.1,20166.1,20146.9,20141.9,20167.5,20162.5,0
IG,2025-03-06 22:15:08.000,2025-03-06 22:19:46.000,IX.D.NASDAQ.CASH.IP,M5,20167.8,20162.8,20167.8,20162.8,20158.6,20153.6,20159.3,20154.3,0
IG,2025-03-06 22:20:11.000,2025-03-06 22:24:57.000,IX.D.NASDAQ.CASH.IP,M5,20159.5,20154.5,20164.9,20159.9,20159.5,20154.5,20164.1,20159.1,0
IG,2025-03-06 22:25:05.000,2025-03-06 22:29:50.000,IX.D.NASDAQ.CASH.IP,M5,20164.2,20159.2,20164.5,20159.5,20156.1,20151.1,20159.7,20154.7,0
IG,2025-03-06 22:30:08.000,2025-03-06 22:35:00.000,IX.D.NASDAQ.CASH.IP,M5,20159.8,20154.8,20162.8,20157.8,20159.1,20154.1,20162.4,20157.4,0
IG,2025-03-06 22:35:00.000,2025-03-06 22:39:53.000,IX.D.NASDAQ.CASH.IP,M5,20162.5,20157.5,20171.3,20166.3,20161.8,20156.8,20169,20164,0
IG,2025-03-06 22:40:04.000,2025-03-06 22:44:29.000,IX.D.NASDAQ.CASH.IP,M5,20169.1,20164.1,20170.4,20165.4,20164.6,20159.6,20170.4,20165.4,0
IG,2025-03-06 22:51:42.000,2025-03-06 23:00:01.000,IX.D.NASDAQ.CASH.IP,M5,20170.9,20165.9,20183.9,20181.9,20170.2,20165.2,20180.9,20178.9,49
IG,2025-03-06 23:00:01.000,2025-03-06 23:05:01.000,IX.D.NASDAQ.CASH.IP,M5,20176.9,20174.9,20186.5,20184.5,20166.5,20164.5,20179.6,20177.6,960
IG,2025-03-06 23:05:01.000,2025-03-06 23:10:01.000,IX.D.NASDAQ.CASH.IP,M5,20179.7,20177.7,20179.7,20177.7,20161.9,20159.9,20169.5,20167.5,736
IG,2025-03-06 23:10:02.000,2025-03-06 23:15:00.000,IX.D.NASDAQ.CASH.IP,M5,20169.6,20167.6,20179.5,20177.5,20163.2,20161.2,20172.9,20170.9,438
IG,2025-03-06 23:15:01.000,2025-03-06 23:20:02.000,IX.D.NASDAQ.CASH.IP,M5,20173.1,20171.1,20174.4,20172.4,20164.4,20162.4,20164.4,20162.4,188
IG,2025-03-06 23:20:02.000,2025-03-06 23:25:01.000,IX.D.NASDAQ.CASH.IP,M5,20164.2,20162.2,20164.4,20162.4,20144.2,20142.2,20147.6,20145.6,624
IG,2025-03-06 23:25:01.000,2025-03-06 23:30:01.000,IX.D.NASDAQ.CASH.IP,M5,20147.7,20145.7,20151.2,20149.2,20138.6,20136.6,20140.2,20138.2,250
IG,2025-03-06 23:30:01.000,2025-03-06 23:35:01.000,IX.D.NASDAQ.CASH.IP,M5,20140.6,20138.6,20159.6,20157.6,20140.6,20138.6,20158.1,20156.1,419
IG,2025-03-06 23:35:03.000,2025-03-06 23:39:59.000,IX.D.NASDAQ.CASH.IP,M5,20158,20156,20160.5,20158.5,20151.1,20149.1,20152.4,20150.4,197
IG,2025-03-06 23:40:00.000,2025-03-06 23:44:59.000,IX.D.NASDAQ.CASH.IP,M5,20152.5,20150.5,20154,20152,20142.7,20140.7,20150.1,20148.1,230
IG,2025-03-06 23:45:00.000,2025-03-06 23:50:01.000,IX.D.NASDAQ.CASH.IP,M5,20150,20148,20150.5,20148.5,20135.6,20133.6,20141,20139,344
IG,2025-03-06 23:50:01.000,2025-03-06 23:55:01.000,IX.D.NASDAQ.CASH.IP,M5,20141.1,20139.1,20148,20146,20129.7,20127.7,20130,20128,402
IG,2025-03-06 23:55:01.000,2025-03-07 00:00:00.000,IX.D.NASDAQ.CASH.IP,M5,20129.9,20127.9,20150.2,20148.2,20129.6,20127.6,20148.2,20146.2,442
IG,2025-03-07 00:00:00.000,2025-03-07 00:05:01.000,IX.D.NASDAQ.CASH.IP,M5,20148.1,20146.1,20152.6,20150.6,20126.7,20124.7,20149.9,20147.9,588
IG,2025-03-07 00:05:01.000,2025-03-07 00:10:00.000,IX.D.NASDAQ.CASH.IP,M5,20149.7,20147.7,20157,20155,20140.5,20138.5,20145,20143,344
IG,2025-03-07 00:10:01.000,2025-03-07 00:15:01.000,IX.D.NASDAQ.CASH.IP,M5,20144.9,20142.9,20157,20155,20143.1,20141.1,20153.2,20151.2,226
IG,2025-03-07 00:15:01.000,2025-03-07 00:20:01.000,IX.D.NASDAQ.CASH.IP,M5,20153.4,20151.4,20162.7,20160.7,20150,20148,20161,20159,379
IG,2025-03-07 00:20:01.000,2025-03-07 00:25:01.000,IX.D.NASDAQ.CASH.IP,M5,20161.2,20159.2,20162,20160,20133,20131,20134.4,20132.4,467
IG,2025-03-07 00:25:01.000,2025-03-07 00:30:01.000,IX.D.NASDAQ.CASH.IP,M5,20134.5,20132.5,20135.7,20133.7,20102.9,20100.9,20118.9,20116.9,1241
IG,2025-03-07 00:30:01.000,2025-03-07 00:35:01.000,IX.D.NASDAQ.CASH.IP,M5,20120,20118,20135.6,20133.6,20114.7,20112.7,20132.5,20130.5,518
IG,2025-03-07 00:35:02.000,2025-03-07 00:40:01.000,IX.D.NASDAQ.CASH.IP,M5,20132.6,20130.6,20134.2,20132.2,20119.9,20117.9,20123.5,20121.5,427
IG,2025-03-07 00:40:01.000,2025-03-07 00:45:01.000,IX.D.NASDAQ.CASH.IP,M5,20123.6,20121.6,20157.4,20155.4,20123.1,20121.1,20147.7,20145.7,748
IG,2025-03-07 00:45:01.000,2025-03-07 00:50:01.000,IX.D.NASDAQ.CASH.IP,M5,20147.6,20145.6,20150,20148,20134.7,20132.7,20149.6,20147.6,362
IG,2025-03-07 00:50:01.000,2025-03-07 00:55:01.000,IX.D.NASDAQ.CASH.IP,M5,20149.7,20147.7,20157.6,20155.6,20140.1,20138.1,20141.7,20139.7,378
IG,2025-03-07 00:55:01.000,2025-03-07 01:00:01.000,IX.D.NASDAQ.CASH.IP,M5,20141,20139,20145.2,20143.2,20135.4,20133.4,20139.1,20137.1,311
IG,2025-03-07 01:00:01.000,2025-03-07 01:05:01.000,IX.D.NASDAQ.CASH.IP,M5,20139,20137,20140,20138,20122.6,20120.6,20128.2,20126.2,606
IG,2025-03-07 01:05:01.000,2025-03-07 01:10:01.000,IX.D.NASDAQ.CASH.IP,M5,20128.4,20126.4,20170.1,20168.1,20128.4,20126.4,20166.9,20164.9,761
IG,2025-03-07 01:10:01.000,2025-03-07 01:15:00.000,IX.D.NASDAQ.CASH.IP,M5,20167.2,20165.2,20180.4,20178.4,20166.5,20164.5,20175.7,20173.7,630
IG,2025-03-07 01:15:00.000,2025-03-07 01:20:01.000,IX.D.NASDAQ.CASH.IP,M5,20175.2,20173.2,20178,20176,20166,20164,20167.4,20165.4,454
IG,2025-03-07 01:20:01.000,2025-03-07 01:25:01.000,IX.D.NASDAQ.CASH.IP,M5,20167.5,20165.5,20167.6,20165.6,20151.7,20149.7,20159.1,20157.1,455
IG,2025-03-07 01:25:01.000,2025-03-07 01:30:02.000,IX.D.NASDAQ.CASH.IP,M5,20159.2,20157.2,20168,20166,20149.6,20147.6,20150.1,20148.1,294
IG,2025-03-07 01:30:02.000,2025-03-07 01:35:01.000,IX.D.NASDAQ.CASH.IP,M5,20150.2,20148.2,20158.4,20156.4,20144.7,20142.7,20146.5,20144.5,358
IG,2025-03-07 01:35:01.000,2025-03-07 01:40:01.000,IX.D.NASDAQ.CASH.IP,M5,20146.4,20144.4,20154,20152,20144.1,20142.1,20150.2,20148.2,255
IG,2025-03-07 01:40:01.000,2025-03-07 01:45:01.000,IX.D.NASDAQ.CASH.IP,M5,20150.4,20148.4,20158,20156,20144.5,20142.5,20157.1,20155.1,271
IG,2025-03-07 01:45:01.000,2025-03-07 01:50:01.000,IX.D.NASDAQ.CASH.IP,M5,20156.9,20154.9,20160.7,20158.7,20150.2,20148.2,20153,20151,327
IG,2025-03-07 01:50:01.000,2025-03-07 01:55:01.000,IX.D.NASDAQ.CASH.IP,M5,20153.2,20151.2,20158.7,20156.7,20147,20145,20154.4,20152.4,250
IG,2025-03-07 01:55:01.000,2025-03-07 02:00:01.000,IX.D.NASDAQ.CASH.IP,M5,20154.5,20152.5,20163.5,20161.5,20149.5,20147.5,20149.9,20147.9,276
IG,2025-03-07 02:00:01.000,2025-03-07 02:05:01.000,IX.D.NASDAQ.CASH.IP,M5,20150,20148,20155,20153,20140.5,20138.5,20149.2,20147.2,480
IG,2025-03-07 02:05:01.000,2025-03-07 02:10:01.000,IX.D.NASDAQ.CASH.IP,M5,20149.1,20147.1,20152.4,20150.4,20142.4,20140.4,20146.5,20144.5,203
IG,2025-03-07 02:10:01.000,2025-03-07 02:15:01.000,IX.D.NASDAQ.CASH.IP,M5,20145.9,20143.9,20159.6,20157.6,20144.2,20142.2,20159.1,20157.1,230
IG,2025-03-07 02:15:02.000,2025-03-07 02:20:01.000,IX.D.NASDAQ.CASH.IP,M5,20159.2,20157.2,20178.1,20176.1,20158,20156,20167,20165,614
IG,2025-03-07 02:20:01.000,2025-03-07 02:25:02.000,IX.D.NASDAQ.CASH.IP,M5,20167.1,20165.1,20167.7,20165.7,20149.7,20147.7,20156,20154,342
IG,2025-03-07 02:25:02.000,2025-03-07 02:30:01.000,IX.D.NASDAQ.CASH.IP,M5,20156.1,20154.1,20156.2,20154.2,20148,20146,20150.4,20148.4,198
IG,2025-03-07 02:30:01.000,2025-03-07 02:35:01.000,IX.D.NASDAQ.CASH.IP,M5,20150.9,20148.9,20151.4,20149.4,20136.9,20134.9,20151.4,20149.4,399
IG,2025-03-07 02:35:01.000,2025-03-07 02:40:01.000,IX.D.NASDAQ.CASH.IP,M5,20150.6,20148.6,20159.9,20157.9,20147.9,20145.9,20157.1,20155.1,341
IG,2025-03-07 02:40:01.000,2025-03-07 02:45:01.000,IX.D.NASDAQ.CASH.IP,M5,20157.2,20155.2,20163.4,20161.4,20154.9,20152.9,20162.1,20160.1,313
IG,2025-03-07 02:45:01.000,2025-03-07 02:50:02.000,IX.D.NASDAQ.CASH.IP,M5,20162.2,20160.2,20165.7,20163.7,20158.1,20156.1,20159.6,20157.6,167
IG,2025-03-07 02:50:02.000,2025-03-07 02:55:01.000,IX.D.NASDAQ.CASH.IP,M5,20159.5,20157.5,20165.5,20163.5,20154.9,20152.9,20155.5,20153.5,206
IG,2025-03-07 02:55:01.000,2025-03-07 03:00:02.000,IX.D.NASDAQ.CASH.IP,M5,20156.1,20154.1,20160.1,20158.1,20153.2,20151.2,20159.6,20157.6,166
IG,2025-03-07 03:00:02.000,2025-03-07 03:05:01.000,IX.D.NASDAQ.CASH.IP,M5,20159.5,20157.5,20160.2,20158.2,20148.4,20146.4,20152.4,20150.4,289
IG,2025-03-07 03:05:01.000,2025-03-07 03:10:01.000,IX.D.NASDAQ.CASH.IP,M5,20152.5,20150.5,20155.2,20153.2,20145.4,20143.4,20152.7,20150.7,245
IG,2025-03-07 03:10:01.000,2025-03-07 03:15:02.000,IX.D.NASDAQ.CASH.IP,M5,20152.9,20150.9,20153.1,20151.1,20134.6,20132.6,20137,20135,322
IG,2025-03-07 03:15:02.000,2025-03-07 03:20:01.000,IX.D.NASDAQ.CASH.IP,M5,20136.9,20134.9,20145.4,20143.4,20134.1,20132.1,20137.9,20135.9,282
IG,2025-03-07 03:20:01.000,2025-03-07 03:24:56.000,IX.D.NASDAQ.CASH.IP,M5,20138,20136,20143.6,20141.6,20124.7,20122.7,20142.7,20140.7,400
IG,2025-03-07 03:25:01.000,2025-03-07 03:30:01.000,IX.D.NASDAQ.CASH.IP,M5,20142.6,20140.6,20147.1,20145.1,20138.5,20136.5,20143.5,20141.5,155
IG,2025-03-07 03:30:01.000,2025-03-07 03:35:01.000,IX.D.NASDAQ.CASH.IP,M5,20143.4,20141.4,20144.5,20142.5,20132.9,20130.9,20143.4,20141.4,213
IG,2025-03-07 03:35:01.000,2025-03-07 03:40:01.000,IX.D.NASDAQ.CASH.IP,M5,20143.2,20141.2,20143.7,20141.7,20133.9,20131.9,20140.4,20138.4,146
IG,2025-03-07 03:40:01.000,2025-03-07 03:45:00.000,IX.D.NASDAQ.CASH.IP,M5,20140.5,20138.5,20142.7,20140.7,20134.5,20132.5,20141.4,20139.4,113
IG,2025-03-07 03:45:01.000,2025-03-07 03:50:01.000,IX.D.NASDAQ.CASH.IP,M5,20141.2,20139.2,20141.7,20139.7,20129.4,20127.4,20133.4,20131.4,214
IG,2025-03-07 03:50:01.000,2025-03-07 03:55:01.000,IX.D.NASDAQ.CASH.IP,M5,20133.5,20131.5,20139.6,20137.6,20129.2,20127.2,20133.7,20131.7,201
IG,2025-03-07 03:55:01.000,2025-03-07 04:00:00.000,IX.D.NASDAQ.CASH.IP,M5,20133.9,20131.9,20137.4,20135.4,20129.6,20127.6,20129.6,20127.6,109
IG,2025-03-07 04:00:00.000,2025-03-07 04:05:01.000,IX.D.NASDAQ.CASH.IP,M5,20129.7,20127.7,20148.5,20146.5,20128.5,20126.5,20146.6,20144.6,239
IG,2025-03-07 04:05:01.000,2025-03-07 04:10:01.000,IX.D.NASDAQ.CASH.IP,M5,20146.7,20144.7,20152.6,20150.6,20144.2,20142.2,20146.1,20144.1,210
IG,2025-03-07 04:10:01.000,2025-03-07 04:15:01.000,IX.D.NASDAQ.CASH.IP,M5,20145.9,20143.9,20148.7,20146.7,20139.9,20137.9,20140.4,20138.4,283
IG,2025-03-07 04:15:01.000,2025-03-07 04:20:02.000,IX.D.NASDAQ.CASH.IP,M5,20140.5,20138.5,20140.5,20138.5,20130.4,20128.4,20135.2,20133.2,198
IG,2025-03-07 04:20:02.000,2025-03-07 04:25:01.000,IX.D.NASDAQ.CASH.IP,M5,20134.4,20132.4,20135.7,20133.7,20130.9,20128.9,20133.4,20131.4,97
IG,2025-03-07 04:25:01.000,2025-03-07 04:30:01.000,IX.D.NASDAQ.CASH.IP,M5,20133.5,20131.5,20134.9,20132.9,20119.7,20117.7,20127.2,20125.2,658
IG,2025-03-07 04:30:01.000,2025-03-07 04:35:01.000,IX.D.NASDAQ.CASH.IP,M5,20127.4,20125.4,20138.9,20136.9,20127.4,20125.4,20134.1,20132.1,399
IG,2025-03-07 04:35:01.000,2025-03-07 04:40:00.000,IX.D.NASDAQ.CASH.IP,M5,20134.4,20132.4,20141.1,20139.1,20127.9,20125.9,20137.4,20135.4,231
IG,2025-03-07 04:40:02.000,2025-03-07 04:45:01.000,IX.D.NASDAQ.CASH.IP,M5,20137.5,20135.5,20142.6,20140.6,20136,20134,20139.6,20137.6,93
IG,2025-03-07 04:45:02.000,2025-03-07 04:50:01.000,IX.D.NASDAQ.CASH.IP,M5,20139.7,20137.7,20142.6,20140.6,20136.5,20134.5,20137.7,20135.7,88
IG,2025-03-07 04:50:01.000,2025-03-07 04:55:01.000,IX.D.NASDAQ.CASH.IP,M5,20137.9,20135.9,20143.1,20141.1,20136.7,20134.7,20137.4,20135.4,85
IG,2025-03-07 04:55:01.000,2025-03-07 05:00:01.000,IX.D.NASDAQ.CASH.IP,M5,20137.5,20135.5,20147.7,20145.7,20137.2,20135.2,20145.6,20143.6,196
IG,2025-03-07 05:00:01.000,2025-03-07 05:05:01.000,IX.D.NASDAQ.CASH.IP,M5,20145.2,20143.2,20148.5,20146.5,20132.4,20130.4,20133.2,20131.2,214
IG,2025-03-07 05:05:01.000,2025-03-07 05:10:01.000,IX.D.NASDAQ.CASH.IP,M5,20133.1,20131.1,20138.7,20136.7,20123.9,20121.9,20124.1,20122.1,349
IG,2025-03-07 05:10:01.000,2025-03-07 05:15:01.000,IX.D.NASDAQ.CASH.IP,M5,20124.2,20122.2,20134.7,20132.7,20122.6,20120.6,20131.9,20129.9,303
IG,2025-03-07 05:15:01.000,2025-03-07 05:20:01.000,IX.D.NASDAQ.CASH.IP,M5,20131.7,20129.7,20146.9,20144.9,20128.7,20126.7,20143.6,20141.6,450
IG,2025-03-07 05:20:03.000,2025-03-07 05:25:01.000,IX.D.NASDAQ.CASH.IP,M5,20143.7,20141.7,20145.5,20143.5,20125.7,20123.7,20131.7,20129.7,254
IG,2025-03-07 05:25:01.000,2025-03-07 05:30:01.000,IX.D.NASDAQ.CASH.IP,M5,20131.9,20129.9,20140.2,20138.2,20131.4,20129.4,20139.2,20137.2,105
IG,2025-03-07 05:30:01.000,2025-03-07 05:35:01.000,IX.D.NASDAQ.CASH.IP,M5,20139.4,20137.4,20147.1,20145.1,20138.1,20136.1,20144.4,20142.4,155
IG,2025-03-07 05:35:01.000,2025-03-07 05:40:01.000,IX.D.NASDAQ.CASH.IP,M5,20144.5,20142.5,20145.6,20143.6,20140.5,20138.5,20142.4,20140.4,141
IG,2025-03-07 05:40:01.000,2025-03-07 05:45:01.000,IX.D.NASDAQ.CASH.IP,M5,20142.2,20140.2,20144.4,20142.4,20132.2,20130.2,20133.7,20131.7,165
IG,2025-03-07 05:45:01.000,2025-03-07 05:50:00.000,IX.D.NASDAQ.CASH.IP,M5,20133.9,20131.9,20135.2,20133.2,20124,20122,20124.9,20122.9,229
IG,2025-03-07 05:50:01.000,2025-03-07 05:55:01.000,IX.D.NASDAQ.CASH.IP,M5,20124.7,20122.7,20126.4,20124.4,20110.2,20108.2,20114.2,20112.2,458
IG,2025-03-07 05:55:01.000,2025-03-07 06:00:01.000,IX.D.NASDAQ.CASH.IP,M5,20114.1,20112.1,20120.2,20118.2,20100.1,20098.1,20117.5,20115.5,598
IG,2025-03-07 06:00:01.000,2025-03-07 06:05:02.000,IX.D.NASDAQ.CASH.IP,M5,20117.4,20115.4,20118.4,20116.4,20093.2,20091.2,20101.7,20099.7,665
IG,2025-03-07 06:05:02.000,2025-03-07 06:10:01.000,IX.D.NASDAQ.CASH.IP,M5,20101.6,20099.6,20102.9,20100.9,20086.7,20084.7,20095.9,20093.9,572
IG,2025-03-07 06:10:01.000,2025-03-07 06:15:01.000,IX.D.NASDAQ.CASH.IP,M5,20096.6,20094.6,20100.7,20098.7,20080.4,20078.4,20098.5,20096.5,871
IG,2025-03-07 06:15:01.000,2025-03-07 06:20:01.000,IX.D.NASDAQ.CASH.IP,M5,20098.6,20096.6,20109.9,20107.9,20095.1,20093.1,20109.2,20107.2,272
IG,2025-03-07 06:20:01.000,2025-03-07 06:25:01.000,IX.D.NASDAQ.CASH.IP,M5,20109.1,20107.1,20110.2,20108.2,20097,20095,20098.9,20096.9,365
IG,2025-03-07 06:25:01.000,2025-03-07 06:30:01.000,IX.D.NASDAQ.CASH.IP,M5,20099,20097,20106.1,20104.1,20096.9,20094.9,20098.9,20096.9,297
IG,2025-03-07 06:30:01.000,2025-03-07 06:35:01.000,IX.D.NASDAQ.CASH.IP,M5,20098.7,20096.7,20106.5,20104.5,20090.9,20088.9,20093.1,20091.1,386
IG,2025-03-07 06:35:01.000,2025-03-07 06:40:01.000,IX.D.NASDAQ.CASH.IP,M5,20093.2,20091.2,20096.9,20094.9,20084.7,20082.7,20086.4,20084.4,362
IG,2025-03-07 06:40:01.000,2025-03-07 06:45:01.000,IX.D.NASDAQ.CASH.IP,M5,20086.5,20084.5,20091.9,20089.9,20081,20079,20088.9,20086.9,368
IG,2025-03-07 06:45:01.000,2025-03-07 06:50:01.000,IX.D.NASDAQ.CASH.IP,M5,20088.6,20086.6,20095.6,20093.6,20084,20082,20085.9,20083.9,351
IG,2025-03-07 06:50:01.000,2025-03-07 06:55:01.000,IX.D.NASDAQ.CASH.IP,M5,20085.6,20083.6,20086.4,20084.4,20075.2,20073.2,20080.4,20078.4,543
IG,2025-03-07 06:55:01.000,2025-03-07 07:00:02.000,IX.D.NASDAQ.CASH.IP,M5,20080.5,20078.5,20092.6,20090.6,20080.4,20078.4,20085.5,20083.5,279
IG,2025-03-07 07:00:02.000,2025-03-07 07:05:01.000,IX.D.NASDAQ.CASH.IP,M5,20085.6,20083.6,20119.2,20117.2,20082.1,20080.1,20112.9,20110.9,656
IG,2025-03-07 07:05:01.000,2025-03-07 07:10:01.000,IX.D.NASDAQ.CASH.IP,M5,20112.7,20110.7,20130.9,20128.9,20112.2,20110.2,20126.6,20124.6,542
IG,2025-03-07 07:10:01.000,2025-03-07 07:15:00.000,IX.D.NASDAQ.CASH.IP,M5,20126.7,20124.7,20137.6,20135.6,20124.5,20122.5,20124.5,20122.5,392
IG,2025-03-07 07:15:00.000,2025-03-07 07:20:01.000,IX.D.NASDAQ.CASH.IP,M5,20124.6,20122.6,20129.4,20127.4,20116.4,20114.4,20118.4,20116.4,342
IG,2025-03-07 07:20:01.000,2025-03-07 07:25:01.000,IX.D.NASDAQ.CASH.IP,M5,20118.2,20116.2,20128.9,20126.9,20115.6,20113.6,20117.6,20115.6,331
IG,2025-03-07 07:25:01.000,2025-03-07 07:30:01.000,IX.D.NASDAQ.CASH.IP,M5,20117.7,20115.7,20132.9,20130.9,20117.7,20115.7,20123.9,20121.9,345
IG,2025-03-07 07:30:01.000,2025-03-07 07:35:01.000,IX.D.NASDAQ.CASH.IP,M5,20123.4,20121.4,20128.9,20126.9,20116.6,20114.6,20123.1,20121.1,297
IG,2025-03-07 07:35:01.000,2025-03-07 07:40:01.000,IX.D.NASDAQ.CASH.IP,M5,20122.9,20120.9,20128.9,20126.9,20095.4,20093.4,20095.5,20093.5,747
IG,2025-03-07 07:40:01.000,2025-03-07 07:45:01.000,IX.D.NASDAQ.CASH.IP,M5,20095.6,20093.6,20110.4,20108.4,20094.2,20092.2,20110.2,20108.2,410
IG,2025-03-07 07:45:01.000,2025-03-07 07:50:01.000,IX.D.NASDAQ.CASH.IP,M5,20110.1,20108.1,20134.5,20132.5,20104.5,20102.5,20132.1,20130.1,498
IG,2025-03-07 07:50:01.000,2025-03-07 07:55:01.000,IX.D.NASDAQ.CASH.IP,M5,20132.2,20130.2,20136.9,20134.9,20118,20116,20120,20118,614
IG,2025-03-07 07:55:01.000,2025-03-07 08:00:01.000,IX.D.NASDAQ.CASH.IP,M5,20119.9,20117.9,20131.7,20129.7,20119,20117,20131.6,20129.6,462
IG,2025-03-07 08:00:01.000,2025-03-07 08:05:01.000,IX.D.NASDAQ.CASH.IP,M5,20131.4,20129.4,20135.4,20133.4,20115.9,20113.9,20129.9,20127.9,1297
IG,2025-03-07 08:05:01.000,2025-03-07 08:10:01.000,IX.D.NASDAQ.CASH.IP,M5,20130,20128,20146.2,20144.2,20123.9,20121.9,20127,20125,880
IG,2025-03-07 08:10:01.000,2025-03-07 08:15:00.000,IX.D.NASDAQ.CASH.IP,M5,20127.1,20125.1,20140.5,20138.5,20116.7,20114.7,20136.5,20134.5,681
IG,2025-03-07 08:15:00.000,2025-03-07 08:20:01.000,IX.D.NASDAQ.CASH.IP,M5,20135.4,20133.4,20147.9,20145.9,20129.2,20127.2,20137.6,20135.6,730
IG,2025-03-07 08:20:01.000,2025-03-07 08:25:01.000,IX.D.NASDAQ.CASH.IP,M5,20137.5,20135.5,20141.1,20139.1,20126,20124,20130.5,20128.5,364
IG,2025-03-07 08:25:01.000,2025-03-07 08:30:00.000,IX.D.NASDAQ.CASH.IP,M5,20130.6,20128.6,20137.6,20135.6,20120.1,20118.1,20137,20135,559
IG,2025-03-07 08:30:00.000,2025-03-07 08:35:01.000,IX.D.NASDAQ.CASH.IP,M5,20136.9,20134.9,20150.4,20148.4,20127.1,20125.1,20131.1,20129.1,613
IG,2025-03-07 08:35:01.000,2025-03-07 08:40:01.000,IX.D.NASDAQ.CASH.IP,M5,20130.6,20128.6,20136,20134,20110.5,20108.5,20112.4,20110.4,739
IG,2025-03-07 08:40:01.000,2025-03-07 08:45:01.000,IX.D.NASDAQ.CASH.IP,M5,20112.2,20110.2,20135.6,20133.6,20106.7,20104.7,20135.5,20133.5,849
IG,2025-03-07 08:45:01.000,2025-03-07 08:50:01.000,IX.D.NASDAQ.CASH.IP,M5,20135.6,20133.6,20140.4,20138.4,20123.2,20121.2,20137.5,20135.5,487
IG,2025-03-07 08:50:01.000,2025-03-07 08:55:01.000,IX.D.NASDAQ.CASH.IP,M5,20137.6,20135.6,20140,20138,20116.4,20114.4,20122.7,20120.7,476
IG,2025-03-07 08:55:01.000,2025-03-07 09:00:00.000,IX.D.NASDAQ.CASH.IP,M5,20123.1,20121.1,20138.4,20136.4,20121.9,20119.9,20126.9,20124.9,366
IG,2025-03-07 09:00:00.000,2025-03-07 09:05:01.000,IX.D.NASDAQ.CASH.IP,M5,20127.5,20125.5,20158.1,20156.1,20119.7,20117.7,20155.7,20153.7,1193
IG,2025-03-07 09:05:01.000,2025-03-07 09:10:00.000,IX.D.NASDAQ.CASH.IP,M5,20155.6,20153.6,20172.9,20170.9,20155.5,20153.5,20169.7,20167.7,897
IG,2025-03-07 09:10:00.000,2025-03-07 09:15:01.000,IX.D.NASDAQ.CASH.IP,M5,20169.9,20167.9,20188.6,20186.6,20168.6,20166.6,20180.5,20178.5,1350
IG,2025-03-07 09:15:01.000,2025-03-07 09:20:02.000,IX.D.NASDAQ.CASH.IP,M5,20179.6,20177.6,20184.1,20182.1,20163.2,20161.2,20179.7,20177.7,859
IG,2025-03-07 09:20:02.000,2025-03-07 09:25:01.000,IX.D.NASDAQ.CASH.IP,M5,20180.1,20178.1,20180.1,20178.1,20157.5,20155.5,20159.1,20157.1,619
IG,2025-03-07 09:25:01.000,2025-03-07 09:30:00.000,IX.D.NASDAQ.CASH.IP,M5,20159,20157,20169.6,20167.6,20153.7,20151.7,20166.5,20164.5,541
IG,2025-03-07 09:30:00.000,2025-03-07 09:35:01.000,IX.D.NASDAQ.CASH.IP,M5,20166.6,20164.6,20178,20176,20161.5,20159.5,20167.5,20165.5,506
IG,2025-03-07 09:35:01.000,2025-03-07 09:40:01.000,IX.D.NASDAQ.CASH.IP,M5,20167.4,20165.4,20174.4,20172.4,20155.9,20153.9,20156.1,20154.1,550
IG,2025-03-07 09:40:01.000,2025-03-07 09:45:02.000,IX.D.NASDAQ.CASH.IP,M5,20155.5,20153.5,20160.2,20158.2,20144.9,20142.9,20152.9,20150.9,578
IG,2025-03-07 09:45:02.000,2025-03-07 09:50:01.000,IX.D.NASDAQ.CASH.IP,M5,20152.7,20150.7,20169.7,20167.7,20151.2,20149.2,20169.6,20167.6,492
IG,2025-03-07 09:50:01.000,2025-03-07 09:55:01.000,IX.D.NASDAQ.CASH.IP,M5,20169.7,20167.7,20175.4,20173.4,20162.2,20160.2,20167.4,20165.4,460
IG,2025-03-07 09:55:01.000,2025-03-07 10:00:01.000,IX.D.NASDAQ.CASH.IP,M5,20168.6,20166.6,20170.9,20168.9,20157.6,20155.6,20159.4,20157.4,274
IG,2025-03-07 10:00:01.000,2025-03-07 10:05:01.000,IX.D.NASDAQ.CASH.IP,M5,20159.1,20157.1,20161.6,20159.6,20144.6,20142.6,20145.6,20143.6,479
IG,2025-03-07 10:05:01.000,2025-03-07 10:10:01.000,IX.D.NASDAQ.CASH.IP,M5,20145.5,20143.5,20145.7,20143.7,20118.5,20116.5,20122.1,20120.1,839
IG,2025-03-07 10:10:01.000,2025-03-07 10:15:01.000,IX.D.NASDAQ.CASH.IP,M5,20122,20120,20144,20142,20121.5,20119.5,20142.1,20140.1,552
IG,2025-03-07 10:15:01.000,2025-03-07 10:20:01.000,IX.D.NASDAQ.CASH.IP,M5,20142,20140,20150.4,20148.4,20137.4,20135.4,20146.5,20144.5,384
IG,2025-03-07 10:20:01.000,2025-03-07 10:25:01.000,IX.D.NASDAQ.CASH.IP,M5,20146.4,20144.4,20150.7,20148.7,20140.2,20138.2,20149,20147,351
IG,2025-03-07 10:25:01.000,2025-03-07 10:30:02.000,IX.D.NASDAQ.CASH.IP,M5,20148.9,20146.9,20152,20150,20134.1,20132.1,20143,20141,332
IG,2025-03-07 10:30:02.000,2025-03-07 10:35:01.000,IX.D.NASDAQ.CASH.IP,M5,20142.6,20140.6,20147.2,20145.2,20134.2,20132.2,20146.6,20144.6,273
IG,2025-03-07 10:35:01.000,2025-03-07 10:40:01.000,IX.D.NASDAQ.CASH.IP,M5,20146.4,20144.4,20153.4,20151.4,20143.4,20141.4,20143.7,20141.7,304
IG,2025-03-07 10:40:01.000,2025-03-07 10:45:01.000,IX.D.NASDAQ.CASH.IP,M5,20143.6,20141.6,20155.7,20153.7,20141.6,20139.6,20142.1,20140.1,278
IG,2025-03-07 10:45:01.000,2025-03-07 10:50:01.000,IX.D.NASDAQ.CASH.IP,M5,20142.2,20140.2,20147.7,20145.7,20139,20137,20144.6,20142.6,164
IG,2025-03-07 10:50:01.000,2025-03-07 10:55:01.000,IX.D.NASDAQ.CASH.IP,M5,20144.4,20142.4,20146.9,20144.9,20132,20130,20139,20137,295
IG,2025-03-07 10:55:01.000,2025-03-07 11:00:01.000,IX.D.NASDAQ.CASH.IP,M5,20138.9,20136.9,20140.4,20138.4,20126.4,20124.4,20138.2,20136.2,393
IG,2025-03-07 11:00:01.000,2025-03-07 11:05:01.000,IX.D.NASDAQ.CASH.IP,M5,20138.1,20136.1,20144.5,20142.5,20112.2,20110.2,20143.2,20141.2,732
IG,2025-03-07 11:05:01.000,2025-03-07 11:10:01.000,IX.D.NASDAQ.CASH.IP,M5,20143.4,20141.4,20149.9,20147.9,20132.6,20130.6,20132.7,20130.7,494
IG,2025-03-07 11:10:01.000,2025-03-07 11:15:01.000,IX.D.NASDAQ.CASH.IP,M5,20132.6,20130.6,20135.7,20133.7,20123.7,20121.7,20131.7,20129.7,383
IG,2025-03-07 11:15:01.000,2025-03-07 11:20:01.000,IX.D.NASDAQ.CASH.IP,M5,20131.6,20129.6,20142.7,20140.7,20130.1,20128.1,20139.2,20137.2,212
IG,2025-03-07 11:20:01.000,2025-03-07 11:25:02.000,IX.D.NASDAQ.CASH.IP,M5,20139.1,20137.1,20148.5,20146.5,20136.7,20134.7,20141.5,20139.5,303
IG,2025-03-07 11:25:02.000,2025-03-07 11:30:01.000,IX.D.NASDAQ.CASH.IP,M5,20141.4,20139.4,20145.5,20143.5,20136.6,20134.6,20142.1,20140.1,317
IG,2025-03-07 11:30:02.000,2025-03-07 11:35:01.000,IX.D.NASDAQ.CASH.IP,M5,20142,20140,20156.1,20154.1,20138.1,20136.1,20152.9,20150.9,357
IG,2025-03-07 11:35:02.000,2025-03-07 11:40:01.000,IX.D.NASDAQ.CASH.IP,M5,20153,20151,20162.7,20160.7,20152.6,20150.6,20158.7,20156.7,528
IG,2025-03-07 11:40:01.000,2025-03-07 11:45:01.000,IX.D.NASDAQ.CASH.IP,M5,20158.6,20156.6,20160.1,20158.1,20138.5,20136.5,20141.2,20139.2,449
IG,2025-03-07 11:45:01.000,2025-03-07 11:50:01.000,IX.D.NASDAQ.CASH.IP,M5,20141.4,20139.4,20147.4,20145.4,20135,20133,20135,20133,336
IG,2025-03-07 11:50:01.000,2025-03-07 11:55:01.000,IX.D.NASDAQ.CASH.IP,M5,20135.1,20133.1,20143.4,20141.4,20130.5,20128.5,20136.9,20134.9,348
IG,2025-03-07 11:55:01.000,2025-03-07 12:00:02.000,IX.D.NASDAQ.CASH.IP,M5,20136.7,20134.7,20145.9,20143.9,20134.4,20132.4,20138.2,20136.2,444
IG,2025-03-07 12:00:02.000,2025-03-07 12:05:01.000,IX.D.NASDAQ.CASH.IP,M5,20138.4,20136.4,20141.1,20139.1,20121.5,20119.5,20133.6,20131.6,935
IG,2025-03-07 12:05:01.000,2025-03-07 12:10:01.000,IX.D.NASDAQ.CASH.IP,M5,20133.7,20131.7,20141.5,20139.5,20117.6,20115.6,20121.7,20119.7,678
IG,2025-03-07 12:10:01.000,2025-03-07 12:15:01.000,IX.D.NASDAQ.CASH.IP,M5,20121.6,20119.6,20131.7,20129.7,20110.2,20108.2,20129.7,20127.7,682
IG,2025-03-07 12:15:01.000,2025-03-07 12:20:01.000,IX.D.NASDAQ.CASH.IP,M5,20129.1,20127.1,20131,20129,20094,20092,20099.2,20097.2,778
IG,2025-03-07 12:20:01.000,2025-03-07 12:25:01.000,IX.D.NASDAQ.CASH.IP,M5,20099.4,20097.4,20108.6,20106.6,20093.7,20091.7,20101,20099,541
IG,2025-03-07 12:25:01.000,2025-03-07 12:30:01.000,IX.D.NASDAQ.CASH.IP,M5,20101.1,20099.1,20106.9,20104.9,20086.4,20084.4,20091,20089,624
IG,2025-03-07 12:30:01.000,2025-03-07 12:35:01.000,IX.D.NASDAQ.CASH.IP,M5,20091.1,20089.1,20100.7,20098.7,20078.9,20076.9,20100.5,20098.5,1087
IG,2025-03-07 12:35:01.000,2025-03-07 12:40:01.000,IX.D.NASDAQ.CASH.IP,M5,20100.1,20098.1,20105.7,20103.7,20083.2,20081.2,20084.2,20082.2,822
IG,2025-03-07 12:40:01.000,2025-03-07 12:45:01.000,IX.D.NASDAQ.CASH.IP,M5,20084.4,20082.4,20089.9,20087.9,20056.2,20054.2,20058.9,20056.9,1655
IG,2025-03-07 12:45:01.000,2025-03-07 12:50:01.000,IX.D.NASDAQ.CASH.IP,M5,20059,20057,20079.2,20077.2,20056.5,20054.5,20076.7,20074.7,1319
IG,2025-03-07 12:50:01.000,2025-03-07 12:55:01.000,IX.D.NASDAQ.CASH.IP,M5,20076.9,20074.9,20081.4,20079.4,20062.6,20060.6,20070,20068,1091
IG,2025-03-07 12:55:01.000,2025-03-07 13:00:00.000,IX.D.NASDAQ.CASH.IP,M5,20069.9,20067.9,20092.7,20090.7,20069.6,20067.6,20084.6,20082.6,1535
IG,2025-03-07 13:00:00.000,2025-03-07 13:05:01.000,IX.D.NASDAQ.CASH.IP,M5,20085.1,20083.1,20089.9,20087.9,20070.5,20068.5,20076,20074,883
IG,2025-03-07 13:05:01.000,2025-03-07 13:10:02.000,IX.D.NASDAQ.CASH.IP,M5,20075.9,20073.9,20094.5,20092.5,20070,20068,20087.9,20085.9,978
IG,2025-03-07 13:10:02.000,2025-03-07 13:15:01.000,IX.D.NASDAQ.CASH.IP,M5,20087.7,20085.7,20093.1,20091.1,20058.4,20056.4,20061.5,20059.5,1681
IG,2025-03-07 13:15:01.000,2025-03-07 13:20:01.000,IX.D.NASDAQ.CASH.IP,M5,20061.6,20059.6,20073.1,20071.1,20045,20043,20071.5,20069.5,1915
IG,2025-03-07 13:20:01.000,2025-03-07 13:25:01.000,IX.D.NASDAQ.CASH.IP,M5,20071.6,20069.6,20075.9,20073.9,20060.4,20058.4,20064.7,20062.7,1122
IG,2025-03-07 13:25:01.000,2025-03-07 13:30:01.000,IX.D.NASDAQ.CASH.IP,M5,20064.6,20062.6,20081.7,20079.7,20023.6,20021.6,20047.5,20045.5,1704
IG,2025-03-07 13:30:01.000,2025-03-07 13:35:01.000,IX.D.NASDAQ.CASH.IP,M5,20049.7,20047.7,20231.6,20229.6,20049.7,20047.7,20149,20147,12559
IG,2025-03-07 13:35:01.000,2025-03-07 13:40:02.000,IX.D.NASDAQ.CASH.IP,M5,20148,20146,20176.9,20174.9,20109.2,20107.2,20135.6,20133.6,4408
IG,2025-03-07 13:40:02.000,2025-03-07 13:45:01.000,IX.D.NASDAQ.CASH.IP,M5,20136.5,20134.5,20136.5,20134.5,20082.7,20080.7,20129.5,20127.5,4086
IG,2025-03-07 13:45:01.000,2025-03-07 13:50:01.000,IX.D.NASDAQ.CASH.IP,M5,20129.4,20127.4,20138.7,20136.7,20089,20087,20093,20091,2602
IG,2025-03-07 13:50:01.000,2025-03-07 13:55:01.000,IX.D.NASDAQ.CASH.IP,M5,20093.6,20091.6,20102.7,20100.7,20075.6,20073.6,20088.5,20086.5,2171
IG,2025-03-07 13:55:01.000,2025-03-07 14:00:01.000,IX.D.NASDAQ.CASH.IP,M5,20088.9,20086.9,20090,20088,20001.1,19999.1,20025.4,20023.4,4414
IG,2025-03-07 14:00:01.000,2025-03-07 14:05:02.000,IX.D.NASDAQ.CASH.IP,M5,20024.7,20022.7,20073.9,20071.9,20023.5,20021.5,20065.7,20063.7,4433
IG,2025-03-07 14:05:02.000,2025-03-07 14:10:00.000,IX.D.NASDAQ.CASH.IP,M5,20065.5,20063.5,20070.6,20068.6,20010.7,20008.7,20032.2,20030.2,3079
IG,2025-03-07 14:10:00.000,2025-03-07 14:15:01.000,IX.D.NASDAQ.CASH.IP,M5,20030.7,20028.7,20031.2,20029.2,19988.5,19986.5,20015.5,20013.5,4003
IG,2025-03-07 14:15:01.000,2025-03-07 14:20:01.000,IX.D.NASDAQ.CASH.IP,M5,20015.6,20013.6,20041.2,20039.2,20012.9,20010.9,20037.5,20035.5,2591
IG,2025-03-07 14:20:01.000,2025-03-07 14:25:01.000,IX.D.NASDAQ.CASH.IP,M5,20037.6,20035.6,20045.4,20043.4,20021,20019,20024,20022,2195
IG,2025-03-07 14:25:01.000,2025-03-07 14:30:01.000,IX.D.NASDAQ.CASH.IP,M5,20022.7,20020.7,20034.7,20032.7,19993,19991.2,19998.2,19997.2,3726
IG,2025-03-07 14:30:01.000,2025-03-07 14:35:01.000,IX.D.NASDAQ.CASH.IP,M5,19997.6,19996.6,20063.5,20062.5,19987.4,19986.4,20050.5,20049.5,13334
IG,2025-03-07 14:35:01.000,2025-03-07 14:40:01.000,IX.D.NASDAQ.CASH.IP,M5,20050.1,20049.1,20086.6,20085.6,19992.4,19991.4,20049,20048,12139
IG,2025-03-07 14:40:01.000,2025-03-07 14:45:01.000,IX.D.NASDAQ.CASH.IP,M5,20048.9,20047.9,20149.9,20148.9,20044.7,20043.7,20114.4,20113.4,13936
IG,2025-03-07 14:45:01.000,2025-03-07 14:50:01.000,IX.D.NASDAQ.CASH.IP,M5,20113.9,20112.9,20173.1,20172.1,20103.9,20102.9,20155.2,20154.2,11102
IG,2025-03-07 14:50:01.000,2025-03-07 14:55:01.000,IX.D.NASDAQ.CASH.IP,M5,20155.6,20154.6,20196.4,20195.4,20129.1,20128.1,20178.5,20177.5,9995
IG,2025-03-07 14:55:01.000,2025-03-07 15:00:02.000,IX.D.NASDAQ.CASH.IP,M5,20178.1,20177.1,20202.4,20201.4,20079.2,20078.2,20079.7,20078.7,10574
IG,2025-03-07 15:00:02.000,2025-03-07 15:05:01.000,IX.D.NASDAQ.CASH.IP,M5,20080.4,20079.4,20138.6,20137.6,20043.6,20042.6,20122.9,20121.9,9839
IG,2025-03-07 15:05:01.000,2025-03-07 15:10:01.000,IX.D.NASDAQ.CASH.IP,M5,20123.2,20122.2,20153.6,20152.6,20097.2,20096.2,20133.1,20132.1,7594
IG,2025-03-07 15:10:01.000,2025-03-07 15:15:01.000,IX.D.NASDAQ.CASH.IP,M5,20133,20132,20142.4,20141.4,20067.2,20066.2,20077.9,20076.9,6670
IG,2025-03-07 15:15:01.000,2025-03-07 15:20:01.000,IX.D.NASDAQ.CASH.IP,M5,20078,20077,20078.1,20077.1,20012.4,20011.4,20040.1,20039.1,8210
IG,2025-03-07 15:20:01.000,2025-03-07 15:25:01.000,IX.D.NASDAQ.CASH.IP,M5,20041.1,20040.1,20092.4,20091.4,20022.4,20021.4,20071.9,20070.9,6483
IG,2025-03-07 15:25:01.000,2025-03-07 15:30:00.000,IX.D.NASDAQ.CASH.IP,M5,20069.2,20068.2,20069.6,20068.6,20004.2,20003.2,20015.6,20014.6,6504
IG,2025-03-07 15:30:00.000,2025-03-07 15:35:02.000,IX.D.NASDAQ.CASH.IP,M5,20014.7,20013.7,20014.7,20013.7,19888.1,19887.1,19909.9,19908.9,14990
IG,2025-03-07 15:35:02.000,2025-03-07 15:40:01.000,IX.D.NASDAQ.CASH.IP,M5,19910,19909,19913.5,19912.5,19868.7,19867.7,19888.6,19887.6,9803
IG,2025-03-07 15:40:01.000,2025-03-07 15:45:01.000,IX.D.NASDAQ.CASH.IP,M5,19887.2,19886.2,19918.5,19917.5,19848.7,19847.7,19899.4,19898.4,11528
IG,2025-03-07 15:45:01.000,2025-03-07 15:50:01.000,IX.D.NASDAQ.CASH.IP,M5,19898.7,19897.7,20046.4,20045.4,19894.9,19893.9,20010.1,20009.1,15763
IG,2025-03-07 15:50:01.000,2025-03-07 15:55:01.000,IX.D.NASDAQ.CASH.IP,M5,20011.9,20010.9,20018.9,20017.9,19941,19940,19989.7,19988.7,11518
IG,2025-03-07 15:55:01.000,2025-03-07 16:00:00.000,IX.D.NASDAQ.CASH.IP,M5,19989.6,19988.6,20009.1,20008.1,19951.7,19950.7,19975.2,19974.2,5264
IG,2025-03-07 16:00:00.000,2025-03-07 16:05:01.000,IX.D.NASDAQ.CASH.IP,M5,19976.2,19975.2,19985,19984,19924.9,19923.9,19947.7,19946.7,6192
IG,2025-03-07 16:05:01.000,2025-03-07 16:10:01.000,IX.D.NASDAQ.CASH.IP,M5,19948,19947,19994.6,19993.6,19931.2,19930.2,19971.2,19970.2,6481
IG,2025-03-07 16:10:01.000,2025-03-07 16:15:01.000,IX.D.NASDAQ.CASH.IP,M5,19971.7,19970.7,19971.7,19970.7,19930.6,19929.6,19948.4,19947.4,4098
IG,2025-03-07 16:15:01.000,2025-03-07 16:20:01.000,IX.D.NASDAQ.CASH.IP,M5,19947.9,19946.9,19948,19947,19877.6,19876.6,19891.2,19890.2,6155
IG,2025-03-07 16:20:01.000,2025-03-07 16:25:01.000,IX.D.NASDAQ.CASH.IP,M5,19890.5,19889.5,19897.5,19896.5,19862.1,19861.1,19871.4,19870.4,5564
IG,2025-03-07 16:25:01.000,2025-03-07 16:30:01.000,IX.D.NASDAQ.CASH.IP,M5,19871.5,19870.5,19872.1,19871.1,19818.7,19817.7,19837.1,19836.1,9740
IG,2025-03-07 16:30:01.000,2025-03-07 16:35:01.000,IX.D.NASDAQ.CASH.IP,M5,19838.1,19837.1,19844.6,19843.6,19814.1,19813.1,19823.6,19822.6,7594
IG,2025-03-07 16:35:01.000,2025-03-07 16:40:01.000,IX.D.NASDAQ.CASH.IP,M5,19823.4,19822.4,19827.9,19826.9,19785.4,19784.4,19792.4,19791.4,7728
IG,2025-03-07 16:40:01.000,2025-03-07 16:45:00.000,IX.D.NASDAQ.CASH.IP,M5,19792.7,19791.7,19798.7,19797.7,19747.2,19746.2,19788.2,19787.2,9745
IG,2025-03-07 16:45:00.000,2025-03-07 16:50:02.000,IX.D.NASDAQ.CASH.IP,M5,19787.9,19786.9,19803,19802,19748.6,19747.6,19770.4,19769.4,6981
IG,2025-03-07 16:50:02.000,2025-03-07 16:55:01.000,IX.D.NASDAQ.CASH.IP,M5,19770.1,19769.1,19771.1,19770.1,19727.6,19726.6,19760.7,19759.7,8695
IG,2025-03-07 16:55:01.000,2025-03-07 17:00:00.000,IX.D.NASDAQ.CASH.IP,M5,19760.6,19759.6,19798.2,19797.2,19749.4,19748.4,19794.2,19793.2,8104
IG,2025-03-07 17:00:00.000,2025-03-07 17:05:00.000,IX.D.NASDAQ.CASH.IP,M5,19793.2,19792.2,19856.2,19855.2,19787.2,19786.2,19818.2,19817.2,10142
IG,2025-03-07 17:05:00.000,2025-03-07 17:10:01.000,IX.D.NASDAQ.CASH.IP,M5,19818.1,19817.1,19828.6,19827.6,19752,19751,19767.9,19766.9,7661
IG,2025-03-07 17:10:01.000,2025-03-07 17:15:01.000,IX.D.NASDAQ.CASH.IP,M5,19766.4,19765.4,19791.2,19790.2,19735.9,19734.9,19786.7,19785.7,6993
IG,2025-03-07 17:15:01.000,2025-03-07 17:20:01.000,IX.D.NASDAQ.CASH.IP,M5,19786.6,19785.6,19788.6,19787.6,19734.7,19733.7,19749,19748,5915
IG,2025-03-07 17:20:01.000,2025-03-07 17:25:01.000,IX.D.NASDAQ.CASH.IP,M5,19749.1,19748.1,19814.4,19813.4,19746.7,19745.7,19805.5,19804.5,5893
IG,2025-03-07 17:25:01.000,2025-03-07 17:30:01.000,IX.D.NASDAQ.CASH.IP,M5,19804.7,19803.7,19836.2,19835.2,19795.9,19794.9,19814.2,19813.2,4870
IG,2025-03-07 17:30:01.000,2025-03-07 17:35:01.000,IX.D.NASDAQ.CASH.IP,M5,19814.1,19813.1,19899.1,19898.1,19806.4,19805.4,19894.9,19893.9,8124
IG,2025-03-07 17:35:01.000,2025-03-07 17:40:00.000,IX.D.NASDAQ.CASH.IP,M5,19894.6,19893.6,19925.2,19924.2,19867.6,19866.6,19882.7,19881.7,7732
IG,2025-03-07 17:40:00.000,2025-03-07 17:45:01.000,IX.D.NASDAQ.CASH.IP,M5,19881.9,19880.9,19967.1,19966.1,19877,19876,19963.6,19962.6,7242
IG,2025-03-07 17:45:01.000,2025-03-07 17:50:01.000,IX.D.NASDAQ.CASH.IP,M5,19963,19962,20007,20006,19946.4,19945.4,19961.5,19960.5,9731
IG,2025-03-07 17:50:01.000,2025-03-07 17:55:01.000,IX.D.NASDAQ.CASH.IP,M5,19961.4,19960.4,20036.4,20035.4,19955.4,19954.4,20032.4,20031.4,7705
IG,2025-03-07 17:55:01.000,2025-03-07 18:00:02.000,IX.D.NASDAQ.CASH.IP,M5,20029.9,20028.9,20044.4,20043.4,19883.2,19882.2,19907.6,19906.6,11620
IG,2025-03-07 18:00:02.000,2025-03-07 18:05:01.000,IX.D.NASDAQ.CASH.IP,M5,19908.4,19907.4,20032.7,20031.7,19904.1,19903.1,20022.5,20021.5,9493
IG,2025-03-07 18:05:01.000,2025-03-07 18:10:01.000,IX.D.NASDAQ.CASH.IP,M5,20023.4,20022.4,20078.2,20077.2,20017.5,20016.5,20018.5,20017.5,12397
IG,2025-03-07 18:10:01.000,2025-03-07 18:15:01.000,IX.D.NASDAQ.CASH.IP,M5,20018.7,20017.7,20052.5,20051.5,19974,19973,20039.6,20038.6,8096
IG,2025-03-07 18:15:01.000,2025-03-07 18:20:01.000,IX.D.NASDAQ.CASH.IP,M5,20040.4,20039.4,20061.9,20060.9,20029.1,20028.1,20049.4,20048.4,5701
IG,2025-03-07 18:20:01.000,2025-03-07 18:25:01.000,IX.D.NASDAQ.CASH.IP,M5,20049.7,20048.7,20083.7,20082.7,20003.6,20002.6,20008.9,20007.9,8599
IG,2025-03-07 18:25:01.000,2025-03-07 18:30:00.000,IX.D.NASDAQ.CASH.IP,M5,20009.6,20008.6,20036.6,20035.6,19998.7,19997.7,20017.4,20016.4,5733
IG,2025-03-07 18:30:00.000,2025-03-07 18:35:01.000,IX.D.NASDAQ.CASH.IP,M5,20017.2,20016.2,20050.4,20049.4,20002,20001,20035.6,20034.6,4895
IG,2025-03-07 18:35:01.000,2025-03-07 18:40:01.000,IX.D.NASDAQ.CASH.IP,M5,20034.9,20033.9,20105.9,20104.9,20024.7,20023.7,20103.5,20102.5,6917
IG,2025-03-07 18:40:01.000,2025-03-07 18:45:00.000,IX.D.NASDAQ.CASH.IP,M5,20103.2,20102.2,20118.9,20117.9,20053.6,20052.6,20086.5,20085.5,6949
IG,2025-03-07 18:45:00.000,2025-03-07 18:50:01.000,IX.D.NASDAQ.CASH.IP,M5,20086.1,20085.1,20121.1,20120.1,20081.1,20080.1,20099.5,20098.5,4624
IG,2025-03-07 18:50:01.000,2025-03-07 18:55:01.000,IX.D.NASDAQ.CASH.IP,M5,20099.4,20098.4,20137.4,20136.4,20088.2,20087.2,20127.9,20126.9,4578
IG,2025-03-07 18:55:01.000,2025-03-07 19:00:00.000,IX.D.NASDAQ.CASH.IP,M5,20128.1,20127.1,20136.6,20135.6,20099.5,20098.5,20131.7,20130.7,5520
IG,2025-03-07 19:00:00.000,2025-03-07 19:05:01.000,IX.D.NASDAQ.CASH.IP,M5,20131.2,20130.2,20168,20167,20122.4,20121.4,20143.9,20142.9,7006
IG,2025-03-07 19:05:01.000,2025-03-07 19:10:01.000,IX.D.NASDAQ.CASH.IP,M5,20143.7,20142.7,20148.9,20147.9,20081.7,20080.7,20090.1,20089.1,5664
IG,2025-03-07 19:10:01.000,2025-03-07 19:15:01.000,IX.D.NASDAQ.CASH.IP,M5,20090.2,20089.2,20140.5,20139.5,20089.2,20088.2,20127.1,20126.1,4710
IG,2025-03-07 19:15:01.000,2025-03-07 19:20:01.000,IX.D.NASDAQ.CASH.IP,M5,20127.5,20126.5,20168.7,20167.7,20121.1,20120.1,20166.2,20165.2,4053
IG,2025-03-07 19:20:01.000,2025-03-07 19:25:01.000,IX.D.NASDAQ.CASH.IP,M5,20165.7,20164.7,20233.2,20232.2,20165.7,20164.7,20231.9,20230.9,7152
IG,2025-03-07 19:25:01.000,2025-03-07 19:30:01.000,IX.D.NASDAQ.CASH.IP,M5,20231.5,20230.5,20231.5,20230.5,20178.2,20177.2,20211.6,20210.6,6812
IG,2025-03-07 19:30:01.000,2025-03-07 19:35:01.000,IX.D.NASDAQ.CASH.IP,M5,20212.4,20211.4,20233.9,20232.9,20195.1,20194.1,20214.9,20213.9,5278
IG,2025-03-07 19:35:01.000,2025-03-07 19:40:01.000,IX.D.NASDAQ.CASH.IP,M5,20214.6,20213.6,20230.2,20229.2,20172.5,20171.5,20218.1,20217.1,5098
IG,2025-03-07 19:40:01.000,2025-03-07 19:45:01.000,IX.D.NASDAQ.CASH.IP,M5,20218.2,20217.2,20220.5,20219.5,20152.7,20151.7,20161.1,20160.1,5905
IG,2025-03-07 19:45:01.000,2025-03-07 19:50:01.000,IX.D.NASDAQ.CASH.IP,M5,20161,20160,20167.4,20166.4,20129.4,20128.4,20132.7,20131.7,6494
IG,2025-03-07 19:50:01.000,2025-03-07 19:55:01.000,IX.D.NASDAQ.CASH.IP,M5,20132.6,20131.6,20160.9,20159.9,20124.2,20123.2,20152.6,20151.6,4962
IG,2025-03-07 19:55:01.000,2025-03-07 20:00:00.000,IX.D.NASDAQ.CASH.IP,M5,20153,20152,20174.4,20173.4,20143.6,20142.6,20151.9,20150.9,4451
IG,2025-03-07 20:00:00.000,2025-03-07 20:05:01.000,IX.D.NASDAQ.CASH.IP,M5,20152.1,20151.1,20166.2,20165.2,20134,20133,20144.1,20143.1,4605
IG,2025-03-07 20:05:01.000,2025-03-07 20:10:01.000,IX.D.NASDAQ.CASH.IP,M5,20144.2,20143.2,20203.7,20202.7,20144.2,20143.2,20194.1,20193.1,5800
IG,2025-03-07 20:10:01.000,2025-03-07 20:15:01.000,IX.D.NASDAQ.CASH.IP,M5,20194,20193,20214.2,20213.2,20176.6,20175.6,20179.2,20178.2,5157
IG,2025-03-07 20:15:01.000,2025-03-07 20:20:01.000,IX.D.NASDAQ.CASH.IP,M5,20179.1,20178.1,20210.9,20209.9,20130.4,20129.4,20197.1,20196.1,5651
IG,2025-03-07 20:20:01.000,2025-03-07 20:25:01.000,IX.D.NASDAQ.CASH.IP,M5,20196.7,20195.7,20198.9,20197.9,20153,20152,20165,20164,4195
IG,2025-03-07 20:25:01.000,2025-03-07 20:30:01.000,IX.D.NASDAQ.CASH.IP,M5,20165.1,20164.1,20197.1,20196.1,20162,20161,20181.9,20180.9,3790
IG,2025-03-07 20:30:01.000,2025-03-07 20:35:00.000,IX.D.NASDAQ.CASH.IP,M5,20181.7,20180.7,20199.4,20198.4,20155.2,20154.2,20192.1,20191.1,4851
IG,2025-03-07 20:35:00.000,2025-03-07 20:40:01.000,IX.D.NASDAQ.CASH.IP,M5,20192,20191,20193.9,20192.9,20085.1,20084.1,20097.1,20096.1,9060
IG,2025-03-07 20:40:01.000,2025-03-07 20:45:01.000,IX.D.NASDAQ.CASH.IP,M5,20097.6,20096.6,20133.4,20132.4,20059.6,20058.6,20127.5,20126.5,8589
IG,2025-03-07 20:45:01.000,2025-03-07 20:50:01.000,IX.D.NASDAQ.CASH.IP,M5,20127.2,20126.2,20184,20183,20122.9,20121.9,20157.7,20156.7,6201
IG,2025-03-07 20:50:01.000,2025-03-07 20:55:01.000,IX.D.NASDAQ.CASH.IP,M5,20157,20156,20220.6,20219.6,20134,20133,20220.6,20219.6,8402
IG,2025-03-07 20:55:01.000,2025-03-07 21:00:00.000,IX.D.NASDAQ.CASH.IP,M5,20220.2,20219.2,20245.9,20244.9,20181.1,20180.1,20185,20183,16529
IG,2025-03-07 21:00:00.000,2025-03-07 21:05:01.000,IX.D.NASDAQ.CASH.IP,M5,20183.6,20181.6,20185,20183,20105.1,20103.1,20145.4,20143.4,7384
IG,2025-03-07 21:05:01.000,2025-03-07 21:10:01.000,IX.D.NASDAQ.CASH.IP,M5,20144.9,20142.9,20174,20172,20133.4,20131.4,20172.4,20170.4,3593
IG,2025-03-07 21:10:01.000,2025-03-07 21:15:01.000,IX.D.NASDAQ.CASH.IP,M5,20172.2,20170.2,20172.2,20170.2,20151,20149,20167.9,20165.9,1576
IG,2025-03-07 21:15:01.000,2025-03-07 21:20:01.000,IX.D.NASDAQ.CASH.IP,M5,20167.7,20165.7,20181.5,20179.5,20158.9,20156.9,20167.4,20165.4,987
IG,2025-03-07 21:20:01.000,2025-03-07 21:25:01.000,IX.D.NASDAQ.CASH.IP,M5,20167.5,20165.5,20167.9,20165.9,20150.2,20148.2,20165.7,20163.7,724
IG,2025-03-07 21:25:01.000,2025-03-07 21:30:01.000,IX.D.NASDAQ.CASH.IP,M5,20165.9,20163.9,20168.9,20166.9,20159,20157,20163.6,20161.6,468
IG,2025-03-07 21:30:01.000,2025-03-07 21:35:01.000,IX.D.NASDAQ.CASH.IP,M5,20164.4,20162.4,20175.4,20173.4,20160,20158,20163.5,20161.5,870
IG,2025-03-07 21:35:01.000,2025-03-07 21:40:01.000,IX.D.NASDAQ.CASH.IP,M5,20163.4,20161.4,20166.5,20164.5,20159.7,20157.7,20163.1,20161.1,262
IG,2025-03-07 21:40:01.000,2025-03-07 21:45:01.000,IX.D.NASDAQ.CASH.IP,M5,20163.5,20161.5,20167.4,20165.4,20158.5,20156.5,20159,20157,506
IG,2025-03-07 21:45:01.000,2025-03-07 21:50:02.000,IX.D.NASDAQ.CASH.IP,M5,20159.7,20157.7,20172,20170,20157.5,20155.5,20169.1,20167.1,388
IG,2025-03-07 21:50:02.000,2025-03-07 21:55:01.000,IX.D.NASDAQ.CASH.IP,M5,20168.9,20166.9,20177.6,20175.6,20166.7,20164.7,20167.4,20165.4,388
IG,2025-03-07 21:55:01.000,2025-03-07 21:59:59.000,IX.D.NASDAQ.CASH.IP,M5,20167.7,20165.7,20169.7,20167.7,20158,20156,20168.2,20163.2,468
IG,2025-03-09 22:00:00.000,2025-03-09 22:05:00.000,IX.D.NASDAQ.CASH.IP,M5,20064.9,20062.9,20071.1,20069.1,20020.6,20018.6,20056,20054,1860
IG,2025-03-09 22:05:00.000,2025-03-09 22:10:00.000,IX.D.NASDAQ.CASH.IP,M5,20056.1,20054.1,20059.5,20057.5,19995.5,19993.5,20008,20006,1669
IG,2025-03-09 22:10:00.000,2025-03-09 22:15:00.000,IX.D.NASDAQ.CASH.IP,M5,20010.1,20008.1,20016.5,20014.5,19982,19980,19993.5,19991.5,1483
IG,2025-03-09 22:15:00.000,2025-03-09 22:20:00.000,IX.D.NASDAQ.CASH.IP,M5,19993.4,19991.4,20014.7,20012.7,19957.1,19955.1,19996.5,19994.5,1381
IG,2025-03-09 22:20:00.000,2025-03-09 22:25:00.000,IX.D.NASDAQ.CASH.IP,M5,19996,19994,20012.1,20010.1,19987.4,19985.4,20002.5,20000.5,810
IG,2025-03-09 22:25:00.000,2025-03-09 22:30:00.000,IX.D.NASDAQ.CASH.IP,M5,20002.4,20000.4,20018.1,20016.1,19987.2,19985.2,20005.4,20003.4,799
IG,2025-03-09 22:30:00.000,2025-03-09 22:35:00.000,IX.D.NASDAQ.CASH.IP,M5,20005.5,20003.5,20025.6,20023.6,19987.6,19985.6,20005.5,20003.5,965
IG,2025-03-09 22:35:00.000,2025-03-09 22:40:00.000,IX.D.NASDAQ.CASH.IP,M5,20005.6,20003.6,20027.9,20025.9,20005.6,20003.6,20025.4,20023.4,616
IG,2025-03-09 22:38:44.000,2025-03-09 22:50:00.000,IX.D.NASDAQ.CASH.IP,M5,20020.7,20018.7,20035.5,20033.5,20011,20009,20015.5,20013.5,1215
IG,2025-03-09 22:50:00.000,2025-03-09 22:55:00.000,IX.D.NASDAQ.CASH.IP,M5,20015.6,20013.6,20025.1,20023.1,20009.9,20007.9,20015.1,20013.1,498
IG,2025-03-09 22:55:01.000,2025-03-09 23:00:00.000,IX.D.NASDAQ.CASH.IP,M5,20015.5,20013.5,20016.9,20014.9,19972,19970,19974.9,19972.9,792
IG,2025-03-09 23:00:00.000,2025-03-09 23:05:00.000,IX.D.NASDAQ.CASH.IP,M5,19974.5,19972.5,19992.5,19990.5,19896.4,19894.4,19909.8,19907.8,1744
IG,2025-03-09 23:05:00.000,2025-03-09 23:10:01.000,IX.D.NASDAQ.CASH.IP,M5,19909.7,19907.7,19974,19972,19902.7,19900.7,19968.7,19966.7,1282
IG,2025-03-09 23:10:01.000,2025-03-09 23:15:00.000,IX.D.NASDAQ.CASH.IP,M5,19968.5,19966.5,19998.8,19996.8,19963.3,19961.3,19988.2,19986.2,802
IG,2025-03-09 23:15:00.000,2025-03-09 23:20:01.000,IX.D.NASDAQ.CASH.IP,M5,19987.8,19985.8,20011.4,20009.4,19979.9,19977.9,20009.7,20007.7,507
IG,2025-03-09 23:20:01.000,2025-03-09 23:25:00.000,IX.D.NASDAQ.CASH.IP,M5,20009.4,20007.4,20023.5,20021.5,20004.5,20002.5,20006.7,20004.7,486
IG,2025-03-09 23:25:00.000,2025-03-09 23:30:00.000,IX.D.NASDAQ.CASH.IP,M5,20007.8,20005.8,20011.7,20009.7,19988.5,19986.5,20009.2,20007.2,522
IG,2025-03-09 23:30:00.000,2025-03-09 23:34:59.000,IX.D.NASDAQ.CASH.IP,M5,20009,20007,20014.7,20012.7,19995.8,19993.8,20009.8,20007.8,340
IG,2025-03-09 23:35:00.000,2025-03-09 23:40:00.000,IX.D.NASDAQ.CASH.IP,M5,20009.3,20007.3,20009.7,20007.7,19990.7,19988.7,19994.8,19992.8,224
IG,2025-03-09 23:40:00.000,2025-03-09 23:45:00.000,IX.D.NASDAQ.CASH.IP,M5,19994.7,19992.7,19998.7,19996.7,19986.8,19984.8,19988.5,19986.5,223
IG,2025-03-09 23:45:00.000,2025-03-09 23:50:00.000,IX.D.NASDAQ.CASH.IP,M5,19988.4,19986.4,19992.2,19990.2,19969.8,19967.8,19980.9,19978.9,610
IG,2025-03-09 23:50:00.000,2025-03-09 23:55:00.000,IX.D.NASDAQ.CASH.IP,M5,19980.8,19978.8,19999.3,19997.3,19979.7,19977.7,19999.3,19997.3,425
IG,2025-03-09 23:55:00.000,2025-03-09 23:59:59.000,IX.D.NASDAQ.CASH.IP,M5,19998.4,19996.4,19998.8,19996.8,19984.7,19982.7,19996.3,19994.3,261
IG,2025-03-09 23:59:59.000,2025-03-10 00:05:00.000,IX.D.NASDAQ.CASH.IP,M5,19996.2,19994.2,20013.3,20011.3,19979.8,19977.8,20013.3,20011.3,1145
IG,2025-03-10 00:05:00.000,2025-03-10 00:10:00.000,IX.D.NASDAQ.CASH.IP,M5,20013.4,20011.4,20020.8,20018.8,20004.3,20002.3,20016.5,20014.5,668
IG,2025-03-10 00:10:00.000,2025-03-10 00:15:00.000,IX.D.NASDAQ.CASH.IP,M5,20016.4,20014.4,20021.5,20019.5,20004,20002,20005.7,20003.7,432
IG,2025-03-10 00:15:00.000,2025-03-10 00:20:00.000,IX.D.NASDAQ.CASH.IP,M5,20004.8,20002.8,20004.9,20002.9,19973.9,19971.9,19985.9,19983.9,1384
IG,2025-03-10 00:20:01.000,2025-03-10 00:25:01.000,IX.D.NASDAQ.CASH.IP,M5,19986,19984,19992.9,19990.9,19969.4,19967.4,19991,19989,858
IG,2025-03-10 00:25:01.000,2025-03-10 00:30:01.000,IX.D.NASDAQ.CASH.IP,M5,19991.2,19989.2,19994.2,19992.2,19970.9,19968.9,19986.2,19984.2,671
IG,2025-03-10 00:30:01.000,2025-03-10 00:35:00.000,IX.D.NASDAQ.CASH.IP,M5,19986,19984,19998.9,19996.9,19977.4,19975.4,19986.9,19984.9,758
IG,2025-03-10 00:35:00.000,2025-03-10 00:40:00.000,IX.D.NASDAQ.CASH.IP,M5,19986.8,19984.8,19995.5,19993.5,19983.3,19981.3,19995.5,19993.5,734
IG,2025-03-10 00:40:00.000,2025-03-10 00:45:00.000,IX.D.NASDAQ.CASH.IP,M5,19996.3,19994.3,20008.3,20006.3,19993,19991,20003.5,20001.5,556
IG,2025-03-10 00:45:00.000,2025-03-10 00:50:00.000,IX.D.NASDAQ.CASH.IP,M5,20003.7,20001.7,20011.5,20009.5,20001.9,19999.9,20007.2,20005.2,304
IG,2025-03-10 00:50:00.000,2025-03-10 00:55:00.000,IX.D.NASDAQ.CASH.IP,M5,20007,20005,20020.8,20018.8,20000.2,19998.2,20019.4,20017.4,1041
IG,2025-03-10 00:55:00.000,2025-03-10 01:00:00.000,IX.D.NASDAQ.CASH.IP,M5,20019.3,20017.3,20029.7,20027.7,20015.7,20013.7,20027.4,20025.4,710
IG,2025-03-10 01:00:00.000,2025-03-10 01:05:01.000,IX.D.NASDAQ.CASH.IP,M5,20027,20025,20053.4,20051.4,20023.2,20021.2,20053.3,20051.3,1855
IG,2025-03-10 01:05:01.000,2025-03-10 01:10:01.000,IX.D.NASDAQ.CASH.IP,M5,20053.4,20051.4,20058.4,20056.4,20043.8,20041.8,20043.8,20041.8,829
IG,2025-03-10 01:10:01.000,2025-03-10 01:15:00.000,IX.D.NASDAQ.CASH.IP,M5,20043.9,20041.9,20048.5,20046.5,20037.7,20035.7,20046.4,20044.4,408
IG,2025-03-10 01:15:00.000,2025-03-10 01:20:01.000,IX.D.NASDAQ.CASH.IP,M5,20046.5,20044.5,20049.7,20047.7,20036.8,20034.8,20041.9,20039.9,461
IG,2025-03-10 01:20:01.000,2025-03-10 01:25:00.000,IX.D.NASDAQ.CASH.IP,M5,20042.3,20040.3,20048.9,20046.9,20039.4,20037.4,20044.3,20042.3,245
IG,2025-03-10 01:25:00.000,2025-03-10 01:30:01.000,IX.D.NASDAQ.CASH.IP,M5,20044.4,20042.4,20052.5,20050.5,20037.5,20035.5,20042.7,20040.7,597
IG,2025-03-10 01:30:01.000,2025-03-10 01:35:00.000,IX.D.NASDAQ.CASH.IP,M5,20042.8,20040.8,20068.8,20066.8,20042.8,20040.8,20065.3,20063.3,887
IG,2025-03-10 01:35:00.000,2025-03-10 01:40:00.000,IX.D.NASDAQ.CASH.IP,M5,20065.2,20063.2,20078.7,20076.7,20064.2,20062.2,20076.9,20074.9,659
IG,2025-03-10 01:40:00.000,2025-03-10 01:45:01.000,IX.D.NASDAQ.CASH.IP,M5,20077,20075,20088.3,20086.3,20068.5,20066.5,20069.4,20067.4,675
IG,2025-03-10 01:45:01.000,2025-03-10 01:50:01.000,IX.D.NASDAQ.CASH.IP,M5,20069.5,20067.5,20084.9,20082.9,20060.3,20058.3,20063.3,20061.3,757
IG,2025-03-10 01:50:01.000,2025-03-10 01:55:00.000,IX.D.NASDAQ.CASH.IP,M5,20063.2,20061.2,20082.7,20080.7,20060.3,20058.3,20080.8,20078.8,563
IG,2025-03-10 01:55:00.000,2025-03-10 02:00:00.000,IX.D.NASDAQ.CASH.IP,M5,20080.9,20078.9,20098.8,20096.8,20080.5,20078.5,20095.4,20093.4,737
IG,2025-03-10 02:00:00.000,2025-03-10 02:05:00.000,IX.D.NASDAQ.CASH.IP,M5,20095.5,20093.5,20103.3,20101.3,20090.4,20088.4,20097,20095,561
IG,2025-03-10 02:05:01.000,2025-03-10 02:10:01.000,IX.D.NASDAQ.CASH.IP,M5,20096.9,20094.9,20096.9,20094.9,20087,20085,20089.5,20087.5,381
IG,2025-03-10 02:10:01.000,2025-03-10 02:15:01.000,IX.D.NASDAQ.CASH.IP,M5,20089.4,20087.4,20093.2,20091.2,20084.7,20082.7,20087.4,20085.4,340
IG,2025-03-10 02:15:01.000,2025-03-10 02:20:02.000,IX.D.NASDAQ.CASH.IP,M5,20087.3,20085.3,20095.7,20093.7,20081.5,20079.5,20093.8,20091.8,518
IG,2025-03-10 02:20:03.000,2025-03-10 02:25:00.000,IX.D.NASDAQ.CASH.IP,M5,20093.7,20091.7,20096.8,20094.8,20088.7,20086.7,20095.3,20093.3,188
IG,2025-03-10 02:25:00.000,2025-03-10 02:30:00.000,IX.D.NASDAQ.CASH.IP,M5,20095.2,20093.2,20095.9,20093.9,20079.9,20077.9,20082.9,20080.9,386
IG,2025-03-10 02:30:00.000,2025-03-10 02:35:01.000,IX.D.NASDAQ.CASH.IP,M5,20083,20081,20101.9,20099.9,20080.7,20078.7,20099.5,20097.5,501
IG,2025-03-10 02:35:01.000,2025-03-10 02:40:01.000,IX.D.NASDAQ.CASH.IP,M5,20099.4,20097.4,20116.2,20114.2,20098.5,20096.5,20112,20110,842
IG,2025-03-10 02:40:01.000,2025-03-10 02:45:01.000,IX.D.NASDAQ.CASH.IP,M5,20112.2,20110.2,20115.9,20113.9,20101,20099,20101.2,20099.2,398
IG,2025-03-10 02:45:01.000,2025-03-10 02:50:00.000,IX.D.NASDAQ.CASH.IP,M5,20101,20099,20107.2,20105.2,20094.3,20092.3,20099.7,20097.7,632
IG,2025-03-10 02:50:00.000,2025-03-10 02:55:00.000,IX.D.NASDAQ.CASH.IP,M5,20099.8,20097.8,20109.9,20107.9,20097.5,20095.5,20109.7,20107.7,254
IG,2025-03-10 02:55:00.000,2025-03-10 03:00:00.000,IX.D.NASDAQ.CASH.IP,M5,20109.8,20107.8,20109.9,20107.9,20097.7,20095.7,20098.7,20096.7,190
IG,2025-03-10 03:00:00.000,2025-03-10 03:05:00.000,IX.D.NASDAQ.CASH.IP,M5,20098.8,20096.8,20113.7,20111.7,20095.3,20093.3,20111.5,20109.5,549
IG,2025-03-10 03:05:01.000,2025-03-10 03:10:00.000,IX.D.NASDAQ.CASH.IP,M5,20111.8,20109.8,20112.4,20110.4,20103,20101,20107.9,20105.9,213
IG,2025-03-10 03:10:00.000,2025-03-10 03:15:00.000,IX.D.NASDAQ.CASH.IP,M5,20108,20106,20108.8,20106.8,20074,20072,20082.3,20080.3,795
IG,2025-03-10 03:15:00.000,2025-03-10 03:20:00.000,IX.D.NASDAQ.CASH.IP,M5,20082.4,20080.4,20088.8,20086.8,20079,20077,20085.5,20083.5,357
IG,2025-03-10 03:20:00.000,2025-03-10 03:25:00.000,IX.D.NASDAQ.CASH.IP,M5,20085.3,20083.3,20085.8,20083.8,20064.8,20062.8,20076,20074,583
IG,2025-03-10 03:25:00.000,2025-03-10 03:30:01.000,IX.D.NASDAQ.CASH.IP,M5,20076.2,20074.2,20077.8,20075.8,20065.5,20063.5,20067,20065,313
IG,2025-03-10 03:30:01.000,2025-03-10 03:35:00.000,IX.D.NASDAQ.CASH.IP,M5,20067.3,20065.3,20079,20077,20065.3,20063.3,20073.9,20071.9,264
IG,2025-03-10 03:35:00.000,2025-03-10 03:40:00.000,IX.D.NASDAQ.CASH.IP,M5,20073.8,20071.8,20090.2,20088.2,20071,20069,20089,20087,379
IG,2025-03-10 03:40:00.000,2025-03-10 03:44:57.000,IX.D.NASDAQ.CASH.IP,M5,20088.9,20086.9,20101.8,20099.8,20087.4,20085.4,20100.8,20098.8,324
IG,2025-03-10 03:45:00.000,2025-03-10 03:49:57.000,IX.D.NASDAQ.CASH.IP,M5,20100.9,20098.9,20103.7,20101.7,20095.9,20093.9,20099.4,20097.4,224
IG,2025-03-10 03:50:02.000,2025-03-10 03:55:00.000,IX.D.NASDAQ.CASH.IP,M5,20099.7,20097.7,20101.4,20099.4,20094.9,20092.9,20096.4,20094.4,182
IG,2025-03-10 03:55:01.000,2025-03-10 04:00:01.000,IX.D.NASDAQ.CASH.IP,M5,20096.5,20094.5,20108.2,20106.2,20085.2,20083.2,20089.3,20087.3,526
IG,2025-03-10 04:00:01.000,2025-03-10 04:05:00.000,IX.D.NASDAQ.CASH.IP,M5,20089.2,20087.2,20094.4,20092.4,20084.5,20082.5,20092.8,20090.8,211
IG,2025-03-10 04:05:00.000,2025-03-10 04:10:00.000,IX.D.NASDAQ.CASH.IP,M5,20092.7,20090.7,20100.7,20098.7,20088.2,20086.2,20098.9,20096.9,406
IG,2025-03-10 04:10:00.000,2025-03-10 04:15:00.000,IX.D.NASDAQ.CASH.IP,M5,20099,20097,20107.2,20105.2,20095.7,20093.7,20105,20103,201
IG,2025-03-10 04:15:01.000,2025-03-10 04:19:59.000,IX.D.NASDAQ.CASH.IP,M5,20104.9,20102.9,20109.7,20107.7,20104.2,20102.2,20105.8,20103.8,264
IG,2025-03-10 04:20:00.000,2025-03-10 04:25:00.000,IX.D.NASDAQ.CASH.IP,M5,20105.2,20103.2,20115,20113,20102.9,20100.9,20112.7,20110.7,454
IG,2025-03-10 04:25:00.000,2025-03-10 04:30:00.000,IX.D.NASDAQ.CASH.IP,M5,20112.5,20110.5,20112.7,20110.7,20102.4,20100.4,20108.2,20106.2,322
IG,2025-03-10 04:30:00.000,2025-03-10 04:35:00.000,IX.D.NASDAQ.CASH.IP,M5,20109,20107,20109.4,20107.4,20098.3,20096.3,20101.8,20099.8,209
IG,2025-03-10 04:35:00.000,2025-03-10 04:40:00.000,IX.D.NASDAQ.CASH.IP,M5,20101.5,20099.5,20102.2,20100.2,20080.9,20078.9,20086.3,20084.3,529
IG,2025-03-10 04:40:01.000,2025-03-10 04:45:01.000,IX.D.NASDAQ.CASH.IP,M5,20086.4,20084.4,20091.9,20089.9,20075.9,20073.9,20078,20076,309
IG,2025-03-10 04:45:01.000,2025-03-10 04:50:01.000,IX.D.NASDAQ.CASH.IP,M5,20078.2,20076.2,20086.3,20084.3,20077.2,20075.2,20081.3,20079.3,328
IG,2025-03-10 04:50:02.000,2025-03-10 04:54:59.000,IX.D.NASDAQ.CASH.IP,M5,20081.4,20079.4,20083.9,20081.9,20061.4,20059.4,20069.7,20067.7,548
IG,2025-03-10 04:55:01.000,2025-03-10 05:00:01.000,IX.D.NASDAQ.CASH.IP,M5,20069.8,20067.8,20070.4,20068.4,20054.3,20052.3,20061.4,20059.4,504
IG,2025-03-10 05:00:01.000,2025-03-10 05:05:01.000,IX.D.NASDAQ.CASH.IP,M5,20061.5,20059.5,20076.5,20074.5,20058.4,20056.4,20069,20067,461
IG,2025-03-10 05:05:01.000,2025-03-10 05:10:00.000,IX.D.NASDAQ.CASH.IP,M5,20068.9,20066.9,20076.4,20074.4,20067.7,20065.7,20073.3,20071.3,239
IG,2025-03-10 05:10:00.000,2025-03-10 05:15:00.000,IX.D.NASDAQ.CASH.IP,M5,20073.4,20071.4,20082.9,20080.9,20073.3,20071.3,20076.9,20074.9,248
IG,2025-03-10 05:15:00.000,2025-03-10 05:20:00.000,IX.D.NASDAQ.CASH.IP,M5,20076.8,20074.8,20082.8,20080.8,20075.2,20073.2,20077.2,20075.2,154
IG,2025-03-10 05:20:00.000,2025-03-10 05:24:56.000,IX.D.NASDAQ.CASH.IP,M5,20077.3,20075.3,20090.4,20088.4,20076.9,20074.9,20087.3,20085.3,320
IG,2025-03-10 05:25:01.000,2025-03-10 05:30:00.000,IX.D.NASDAQ.CASH.IP,M5,20086.9,20084.9,20095,20093,20078.7,20076.7,20087,20085,396
IG,2025-03-10 05:30:00.000,2025-03-10 05:35:01.000,IX.D.NASDAQ.CASH.IP,M5,20087.2,20085.2,20094,20092,20070.7,20068.7,20077.8,20075.8,638
IG,2025-03-10 05:35:01.000,2025-03-10 05:40:01.000,IX.D.NASDAQ.CASH.IP,M5,20078.2,20076.2,20084.3,20082.3,20066.9,20064.9,20069.3,20067.3,385
IG,2025-03-10 05:40:01.000,2025-03-10 05:45:01.000,IX.D.NASDAQ.CASH.IP,M5,20069.2,20067.2,20077.2,20075.2,20064,20062,20064.9,20062.9,265
IG,2025-03-10 05:45:01.000,2025-03-10 05:50:00.000,IX.D.NASDAQ.CASH.IP,M5,20065.5,20063.5,20073.4,20071.4,20046.9,20044.9,20048.9,20046.9,637
IG,2025-03-10 05:50:00.000,2025-03-10 05:55:00.000,IX.D.NASDAQ.CASH.IP,M5,20048.4,20046.4,20050.9,20048.9,20040.3,20038.3,20049,20047,735
IG,2025-03-10 05:55:00.000,2025-03-10 06:00:02.000,IX.D.NASDAQ.CASH.IP,M5,20048.9,20046.9,20059.5,20057.5,20044.2,20042.2,20056.3,20054.3,307
IG,2025-03-10 06:00:02.000,2025-03-10 06:05:00.000,IX.D.NASDAQ.CASH.IP,M5,20056.4,20054.4,20076.2,20074.2,20056.2,20054.2,20076,20074,426
IG,2025-03-10 06:05:00.000,2025-03-10 06:09:59.000,IX.D.NASDAQ.CASH.IP,M5,20075.9,20073.9,20079.3,20077.3,20068,20066,20070.9,20068.9,331
IG,2025-03-10 06:10:00.000,2025-03-10 06:15:02.000,IX.D.NASDAQ.CASH.IP,M5,20070.8,20068.8,20077.2,20075.2,20066.3,20064.3,20073.3,20071.3,367
IG,2025-03-10 06:15:02.000,2025-03-10 06:20:00.000,IX.D.NASDAQ.CASH.IP,M5,20073.2,20071.2,20086.9,20084.9,20072,20070,20082.2,20080.2,321
IG,2025-03-10 06:20:00.000,2025-03-10 06:25:00.000,IX.D.NASDAQ.CASH.IP,M5,20082.3,20080.3,20086.2,20084.2,20072.7,20070.7,20074.8,20072.8,297
IG,2025-03-10 06:25:00.000,2025-03-10 06:30:02.000,IX.D.NASDAQ.CASH.IP,M5,20074.7,20072.7,20081.5,20079.5,20068.4,20066.4,20074.3,20072.3,237
IG,2025-03-10 06:30:02.000,2025-03-10 06:35:00.000,IX.D.NASDAQ.CASH.IP,M5,20074.4,20072.4,20081,20079,20066,20064,20079,20077,287
IG,2025-03-10 06:35:00.000,2025-03-10 06:40:00.000,IX.D.NASDAQ.CASH.IP,M5,20079.2,20077.2,20084.4,20082.4,20072,20070,20073.8,20071.8,308
IG,2025-03-10 06:40:00.000,2025-03-10 06:45:01.000,IX.D.NASDAQ.CASH.IP,M5,20073.9,20071.9,20078.2,20076.2,20064.2,20062.2,20077.7,20075.7,295
IG,2025-03-10 06:45:01.000,2025-03-10 06:50:00.000,IX.D.NASDAQ.CASH.IP,M5,20077.5,20075.5,20083,20081,20069.5,20067.5,20071.7,20069.7,196
IG,2025-03-10 06:50:00.000,2025-03-10 06:55:00.000,IX.D.NASDAQ.CASH.IP,M5,20070.2,20068.2,20085.7,20083.7,20067.3,20065.3,20078.3,20076.3,261
IG,2025-03-10 06:55:00.000,2025-03-10 07:00:00.000,IX.D.NASDAQ.CASH.IP,M5,20078.2,20076.2,20079.7,20077.7,20068.8,20066.8,20075.2,20073.2,181
IG,2025-03-10 07:00:00.000,2025-03-10 07:05:00.000,IX.D.NASDAQ.CASH.IP,M5,20074.9,20072.9,20098.2,20096.2,20070.3,20068.3,20095,20093,702
IG,2025-03-10 07:05:00.000,2025-03-10 07:10:00.000,IX.D.NASDAQ.CASH.IP,M5,20094.9,20092.9,20101.9,20099.9,20081.9,20079.9,20088.8,20086.8,478
IG,2025-03-10 07:10:00.000,2025-03-10 07:15:00.000,IX.D.NASDAQ.CASH.IP,M5,20087.2,20085.2,20093.7,20091.7,20074.5,20072.5,20078.5,20076.5,352
IG,2025-03-10 07:15:01.000,2025-03-10 07:20:01.000,IX.D.NASDAQ.CASH.IP,M5,20078.3,20076.3,20082.4,20080.4,20063.7,20061.7,20070.2,20068.2,539
IG,2025-03-10 07:20:01.000,2025-03-10 07:25:00.000,IX.D.NASDAQ.CASH.IP,M5,20070.3,20068.3,20073.2,20071.2,20050.4,20048.4,20055.3,20053.3,643
IG,2025-03-10 07:25:00.000,2025-03-10 07:29:57.000,IX.D.NASDAQ.CASH.IP,M5,20054.8,20052.8,20063.8,20061.8,20050,20048,20058.3,20056.3,449
IG,2025-03-10 07:30:00.000,2025-03-10 07:35:00.000,IX.D.NASDAQ.CASH.IP,M5,20058.9,20056.9,20070.7,20068.7,20047.9,20045.9,20070.7,20068.7,763
IG,2025-03-10 07:35:00.000,2025-03-10 07:40:00.000,IX.D.NASDAQ.CASH.IP,M5,20070.8,20068.8,20089.5,20087.5,20065.8,20063.8,20076.9,20074.9,700
IG,2025-03-10 07:40:00.000,2025-03-10 07:45:01.000,IX.D.NASDAQ.CASH.IP,M5,20077,20075,20088.5,20086.5,20076.4,20074.4,20081.2,20079.2,287
IG,2025-03-10 07:45:01.000,2025-03-10 07:50:00.000,IX.D.NASDAQ.CASH.IP,M5,20081,20079,20082.3,20080.3,20064.7,20062.7,20067.4,20065.4,334
IG,2025-03-10 07:50:00.000,2025-03-10 07:55:00.000,IX.D.NASDAQ.CASH.IP,M5,20064.9,20062.9,20071.8,20069.8,20060.7,20058.7,20068.2,20066.2,390
IG,2025-03-10 07:55:00.000,2025-03-10 08:00:02.000,IX.D.NASDAQ.CASH.IP,M5,20068.3,20066.3,20068.5,20066.5,20051.5,20049.5,20061.2,20059.2,648
IG,2025-03-10 08:00:02.000,2025-03-10 08:05:00.000,IX.D.NASDAQ.CASH.IP,M5,20061,20059,20075,20073,20028.5,20026.5,20031,20029,1197
IG,2025-03-10 08:05:00.000,2025-03-10 08:10:00.000,IX.D.NASDAQ.CASH.IP,M5,20031.3,20029.3,20035,20033,20004.3,20002.3,20008.5,20006.5,1457
IG,2025-03-10 08:10:00.000,2025-03-10 08:15:00.000,IX.D.NASDAQ.CASH.IP,M5,20009.7,20007.7,20026.9,20024.9,19998.5,19996.5,20000.8,19998.8,1157
IG,2025-03-10 08:15:00.000,2025-03-10 08:20:01.000,IX.D.NASDAQ.CASH.IP,M5,20000.9,19998.9,20011.7,20009.7,19981.2,19979.2,19992.8,19990.8,1094
IG,2025-03-10 08:20:01.000,2025-03-10 08:25:01.000,IX.D.NASDAQ.CASH.IP,M5,19992.9,19990.9,20012.4,20010.4,19992.5,19990.5,20005.2,20003.2,863
IG,2025-03-10 08:25:01.000,2025-03-10 08:30:00.000,IX.D.NASDAQ.CASH.IP,M5,20005,20003,20016.4,20014.4,20002.2,20000.2,20006.7,20004.7,917
IG,2025-03-10 08:30:00.000,2025-03-10 08:35:00.000,IX.D.NASDAQ.CASH.IP,M5,20006.8,20004.8,20007.4,20005.4,19975.9,19973.9,19982.2,19980.2,1030
IG,2025-03-10 08:35:00.000,2025-03-10 08:40:00.000,IX.D.NASDAQ.CASH.IP,M5,19982.3,19980.3,19985.2,19983.2,19971.4,19969.4,19975.5,19973.5,1347
IG,2025-03-10 08:40:00.000,2025-03-10 08:45:00.000,IX.D.NASDAQ.CASH.IP,M5,19975.7,19973.7,19988.4,19986.4,19940.9,19938.9,19946.9,19944.9,1987
IG,2025-03-10 08:45:00.000,2025-03-10 08:50:00.000,IX.D.NASDAQ.CASH.IP,M5,19946.8,19944.8,19960,19958,19935.9,19933.9,19952.9,19950.9,1492
IG,2025-03-10 08:50:00.000,2025-03-10 08:55:00.000,IX.D.NASDAQ.CASH.IP,M5,19953,19951,19964.4,19962.4,19926.3,19924.3,19931.4,19929.4,1411
IG,2025-03-10 08:55:00.000,2025-03-10 09:00:01.000,IX.D.NASDAQ.CASH.IP,M5,19931.3,19929.3,19935.7,19933.7,19911.5,19909.5,19919.2,19917.2,3891
IG,2025-03-10 09:00:01.000,2025-03-10 09:05:00.000,IX.D.NASDAQ.CASH.IP,M5,19918.7,19916.7,19938.8,19936.8,19914.3,19912.3,19936,19934,1137
IG,2025-03-10 09:05:00.000,2025-03-10 09:10:00.000,IX.D.NASDAQ.CASH.IP,M5,19936.2,19934.2,19953.5,19951.5,19932.2,19930.2,19936.8,19934.8,1178
IG,2025-03-10 09:10:00.000,2025-03-10 09:15:00.000,IX.D.NASDAQ.CASH.IP,M5,19937.4,19935.4,19940.9,19938.9,19915.3,19913.3,19917.7,19915.7,1096
IG,2025-03-10 09:15:00.000,2025-03-10 09:20:02.000,IX.D.NASDAQ.CASH.IP,M5,19917.8,19915.8,19966,19964,19917.5,19915.5,19961.4,19959.4,1518
IG,2025-03-10 09:20:02.000,2025-03-10 09:25:00.000,IX.D.NASDAQ.CASH.IP,M5,19961.5,19959.5,19985.3,19983.3,19953.3,19951.3,19980.9,19978.9,1689
IG,2025-03-10 09:25:00.000,2025-03-10 09:30:00.000,IX.D.NASDAQ.CASH.IP,M5,19981,19979,19988,19986,19967.2,19965.2,19974.9,19972.9,1369
IG,2025-03-10 09:30:00.000,2025-03-10 09:35:00.000,IX.D.NASDAQ.CASH.IP,M5,19974.8,19972.8,19991,19989,19973.3,19971.3,19985.5,19983.5,1051
IG,2025-03-10 09:35:00.000,2025-03-10 09:40:00.000,IX.D.NASDAQ.CASH.IP,M5,19985.3,19983.3,19990.5,19988.5,19980,19978,19986.4,19984.4,814
IG,2025-03-10 09:40:00.000,2025-03-10 09:45:00.000,IX.D.NASDAQ.CASH.IP,M5,19986.5,19984.5,20005.8,20003.8,19983.7,19981.7,19996.4,19994.4,1100
IG,2025-03-10 09:45:00.000,2025-03-10 09:50:00.000,IX.D.NASDAQ.CASH.IP,M5,19997.3,19995.3,20017.4,20015.4,19994.5,19992.5,20001.7,19999.7,1630
IG,2025-03-10 09:50:00.000,2025-03-10 09:55:00.000,IX.D.NASDAQ.CASH.IP,M5,20001.5,19999.5,20008.7,20006.7,19954.9,19952.9,19956.5,19954.5,1551
IG,2025-03-10 09:55:00.000,2025-03-10 10:00:00.000,IX.D.NASDAQ.CASH.IP,M5,19956.4,19954.4,19971.9,19969.9,19943.8,19941.8,19969.8,19967.8,1459
IG,2025-03-10 10:00:00.000,2025-03-10 10:05:00.000,IX.D.NASDAQ.CASH.IP,M5,19969.7,19967.7,19985.9,19983.9,19964.4,19962.4,19978.4,19976.4,837
IG,2025-03-10 10:05:00.000,2025-03-10 10:10:00.000,IX.D.NASDAQ.CASH.IP,M5,19978.5,19976.5,19979.7,19977.7,19945.7,19943.7,19946.8,19944.8,973
IG,2025-03-10 10:10:00.000,2025-03-10 10:15:00.000,IX.D.NASDAQ.CASH.IP,M5,19947.3,19945.3,19964.5,19962.5,19944.2,19942.2,19954.7,19952.7,572
IG,2025-03-10 10:15:00.000,2025-03-10 10:20:00.000,IX.D.NASDAQ.CASH.IP,M5,19954.8,19952.8,19959.9,19957.9,19934.7,19932.7,19948.8,19946.8,1170
IG,2025-03-10 10:20:01.000,2025-03-10 10:25:00.000,IX.D.NASDAQ.CASH.IP,M5,19948.7,19946.7,19959.7,19957.7,19934.8,19932.8,19936.7,19934.7,806
IG,2025-03-10 10:25:00.000,2025-03-10 10:30:00.000,IX.D.NASDAQ.CASH.IP,M5,19936.8,19934.8,19952.9,19950.9,19935,19933,19935.4,19933.4,554
IG,2025-03-10 10:30:00.000,2025-03-10 10:35:00.000,IX.D.NASDAQ.CASH.IP,M5,19935.3,19933.3,19960.2,19958.2,19933.9,19931.9,19944.9,19942.9,555
IG,2025-03-10 10:35:01.000,2025-03-10 10:40:01.000,IX.D.NASDAQ.CASH.IP,M5,19944.8,19942.8,19948.7,19946.7,19934,19932,19935.9,19933.9,412
IG,2025-03-10 10:40:01.000,2025-03-10 10:45:00.000,IX.D.NASDAQ.CASH.IP,M5,19935.8,19933.8,19939.8,19937.8,19915,19913,19922.2,19920.2,748
IG,2025-03-10 10:45:00.000,2025-03-10 10:50:00.000,IX.D.NASDAQ.CASH.IP,M5,19921.9,19919.9,19930.9,19928.9,19902.9,19900.9,19921.3,19919.3,995
IG,2025-03-10 10:50:00.000,2025-03-10 10:55:00.000,IX.D.NASDAQ.CASH.IP,M5,19921.5,19919.5,19944.8,19942.8,19920.4,19918.4,19938.3,19936.3,895
IG,2025-03-10 10:55:00.000,2025-03-10 11:00:01.000,IX.D.NASDAQ.CASH.IP,M5,19938.4,19936.4,19941.4,19939.4,19927.3,19925.3,19941.4,19939.4,492
IG,2025-03-10 11:00:01.000,2025-03-10 11:05:01.000,IX.D.NASDAQ.CASH.IP,M5,19939.3,19937.3,19960,19958,19906.3,19904.3,19906.3,19904.3,1674
IG,2025-03-10 11:05:01.000,2025-03-10 11:10:00.000,IX.D.NASDAQ.CASH.IP,M5,19906.5,19904.5,19953.3,19951.3,19904.9,19902.9,19952.3,19950.3,914
IG,2025-03-10 11:10:00.000,2025-03-10 11:15:00.000,IX.D.NASDAQ.CASH.IP,M5,19952.5,19950.5,19958.3,19956.3,19940.9,19938.9,19946,19944,769
IG,2025-03-10 11:15:00.000,2025-03-10 11:20:00.000,IX.D.NASDAQ.CASH.IP,M5,19946.2,19944.2,19959.2,19957.2,19934.3,19932.3,19952.8,19950.8,876
IG,2025-03-10 11:20:00.000,2025-03-10 11:25:00.000,IX.D.NASDAQ.CASH.IP,M5,19952.7,19950.7,19976.8,19974.8,19949,19947,19976.7,19974.7,838
IG,2025-03-10 11:25:00.000,2025-03-10 11:30:00.000,IX.D.NASDAQ.CASH.IP,M5,19976.4,19974.4,19982.9,19980.9,19966.9,19964.9,19973,19971,473
IG,2025-03-10 11:30:00.000,2025-03-10 11:35:00.000,IX.D.NASDAQ.CASH.IP,M5,19972.9,19970.9,19979.7,19977.7,19948.9,19946.9,19949,19947,769
IG,2025-03-10 11:35:00.000,2025-03-10 11:40:00.000,IX.D.NASDAQ.CASH.IP,M5,19949.2,19947.2,19953.3,19951.3,19936.9,19934.9,19937.5,19935.5,710
IG,2025-03-10 11:40:00.000,2025-03-10 11:45:00.000,IX.D.NASDAQ.CASH.IP,M5,19937.4,19935.4,19942.2,19940.2,19921,19919,19935.8,19933.8,831
IG,2025-03-10 11:45:00.000,2025-03-10 11:50:00.000,IX.D.NASDAQ.CASH.IP,M5,19936.7,19934.7,19946.9,19944.9,19914.4,19912.4,19914.7,19912.7,1439
IG,2025-03-10 11:50:00.000,2025-03-10 11:55:00.000,IX.D.NASDAQ.CASH.IP,M5,19914.8,19912.8,19921.2,19919.2,19907.3,19905.3,19908.4,19906.4,1065
IG,2025-03-10 11:55:01.000,2025-03-10 12:00:01.000,IX.D.NASDAQ.CASH.IP,M5,19908.3,19906.3,19917.5,19915.5,19883.9,19881.9,19914.8,19912.8,2400
IG,2025-03-10 12:00:01.000,2025-03-10 12:05:00.000,IX.D.NASDAQ.CASH.IP,M5,19916,19914,19917,19915,19890.2,19888.2,19898.2,19896.2,1266
IG,2025-03-10 12:05:00.000,2025-03-10 12:10:00.000,IX.D.NASDAQ.CASH.IP,M5,19898.3,19896.3,19899,19897,19863.3,19861.3,19865.7,19863.7,1674
IG,2025-03-10 12:10:00.000,2025-03-10 12:15:00.000,IX.D.NASDAQ.CASH.IP,M5,19866.2,19864.2,19875.5,19873.5,19848.5,19846.5,19864.4,19862.4,1860
IG,2025-03-10 12:15:00.000,2025-03-10 12:20:00.000,IX.D.NASDAQ.CASH.IP,M5,19864.5,19862.5,19873.5,19871.5,19852.4,19850.4,19861,19859,1116
IG,2025-03-10 12:20:00.000,2025-03-10 12:25:00.000,IX.D.NASDAQ.CASH.IP,M5,19861.2,19859.2,19894.8,19892.8,19857.7,19855.7,19867.4,19865.4,2303
IG,2025-03-10 12:25:00.000,2025-03-10 12:30:00.000,IX.D.NASDAQ.CASH.IP,M5,19868.8,19866.8,19871,19869,19849.5,19847.5,19851,19849,1132
IG,2025-03-10 12:30:00.000,2025-03-10 12:35:00.000,IX.D.NASDAQ.CASH.IP,M5,19851.9,19849.9,19858.2,19856.2,19825.9,19823.9,19832.3,19830.3,2469
IG,2025-03-10 12:35:00.000,2025-03-10 12:40:00.000,IX.D.NASDAQ.CASH.IP,M5,19832.4,19830.4,19848.8,19846.8,19823.7,19821.7,19842.8,19840.8,1810
IG,2025-03-10 12:40:00.000,2025-03-10 12:45:00.000,IX.D.NASDAQ.CASH.IP,M5,19843,19841,19859.8,19857.8,19835.8,19833.8,19854.7,19852.7,1440
IG,2025-03-10 12:45:00.000,2025-03-10 12:50:00.000,IX.D.NASDAQ.CASH.IP,M5,19853.8,19851.8,19863,19861,19845.4,19843.4,19848.4,19846.4,1933
IG,2025-03-10 12:50:00.000,2025-03-10 12:55:00.000,IX.D.NASDAQ.CASH.IP,M5,19848.3,19846.3,19878.2,19876.2,19846.4,19844.4,19877.7,19875.7,1603
IG,2025-03-10 12:55:00.000,2025-03-10 13:00:00.000,IX.D.NASDAQ.CASH.IP,M5,19877.5,19875.5,19880.2,19878.2,19860.8,19858.8,19875.2,19873.2,1100
IG,2025-03-10 13:00:00.000,2025-03-10 13:05:00.000,IX.D.NASDAQ.CASH.IP,M5,19875.3,19873.3,19879.7,19877.7,19851.7,19849.7,19853.4,19851.4,1394
IG,2025-03-10 13:05:00.000,2025-03-10 13:10:00.000,IX.D.NASDAQ.CASH.IP,M5,19853.9,19851.9,19866.2,19864.2,19837.7,19835.7,19861,19859,1910
IG,2025-03-10 13:10:00.000,2025-03-10 13:15:00.000,IX.D.NASDAQ.CASH.IP,M5,19860.9,19858.9,19903.5,19901.5,19852.8,19850.8,19870.3,19868.3,4038
IG,2025-03-10 13:15:00.000,2025-03-10 13:20:00.000,IX.D.NASDAQ.CASH.IP,M5,19870.2,19868.2,19877.7,19875.7,19864,19862,19866.3,19864.3,1200
IG,2025-03-10 13:20:00.000,2025-03-10 13:25:00.000,IX.D.NASDAQ.CASH.IP,M5,19866.2,19864.2,19866.2,19864.2,19840.2,19838.2,19845,19843,1762
IG,2025-03-10 13:25:00.000,2025-03-10 13:30:00.000,IX.D.NASDAQ.CASH.IP,M5,19845.3,19843.3,19851.5,19849.5,19833.3,19832.3,19833.3,19832.3,4052
IG,2025-03-10 13:30:00.000,2025-03-10 13:35:00.000,IX.D.NASDAQ.CASH.IP,M5,19834.7,19833.7,19859.3,19858.3,19750,19749,19782.5,19781.5,16751
IG,2025-03-10 13:35:00.000,2025-03-10 13:40:00.000,IX.D.NASDAQ.CASH.IP,M5,19785.3,19784.3,19820.3,19819.3,19768.3,19767.3,19798.5,19797.5,10877
IG,2025-03-10 13:40:00.000,2025-03-10 13:45:00.000,IX.D.NASDAQ.CASH.IP,M5,19798.7,19797.7,19861.8,19860.8,19784,19783,19843.7,19842.7,9480
IG,2025-03-10 13:45:00.000,2025-03-10 13:50:00.000,IX.D.NASDAQ.CASH.IP,M5,19843.8,19842.8,19860.2,19859.2,19768.2,19767.2,19797.9,19796.9,8981
IG,2025-03-10 13:50:00.000,2025-03-10 13:55:01.000,IX.D.NASDAQ.CASH.IP,M5,19798.2,19797.2,19825.8,19824.8,19707.7,19706.7,19735.5,19734.5,12086
IG,2025-03-10 13:55:01.000,2025-03-10 14:00:00.000,IX.D.NASDAQ.CASH.IP,M5,19739.2,19738.2,19789.3,19788.3,19730.7,19729.7,19735.5,19734.5,7440
IG,2025-03-10 14:00:00.000,2025-03-10 14:05:00.000,IX.D.NASDAQ.CASH.IP,M5,19735.9,19734.9,19735.9,19734.9,19653.5,19652.5,19672.8,19671.8,11802
IG,2025-03-10 14:05:00.000,2025-03-10 14:10:00.000,IX.D.NASDAQ.CASH.IP,M5,19672,19671,19697.5,19696.5,19654.8,19653.8,19664.3,19663.3,8622
IG,2025-03-10 14:10:00.000,2025-03-10 14:15:00.000,IX.D.NASDAQ.CASH.IP,M5,19664.7,19663.7,19700.3,19699.3,19647.4,19646.4,19677.9,19676.9,10000
IG,2025-03-10 14:15:00.000,2025-03-10 14:20:00.000,IX.D.NASDAQ.CASH.IP,M5,19677.4,19676.4,19710.4,19709.4,19637,19636,19663,19662,9879
IG,2025-03-10 14:20:00.000,2025-03-10 14:25:00.000,IX.D.NASDAQ.CASH.IP,M5,19663.4,19662.4,19688.4,19687.4,19616.7,19615.7,19675.3,19674.3,11247
IG,2025-03-10 14:25:00.000,2025-03-10 14:30:01.000,IX.D.NASDAQ.CASH.IP,M5,19672.7,19671.7,19682.5,19681.5,19619.8,19618.8,19623.2,19622.2,7223
IG,2025-03-10 14:30:01.000,2025-03-10 14:35:00.000,IX.D.NASDAQ.CASH.IP,M5,19623.3,19622.3,19658.7,19657.7,19586.9,19585.9,19599.5,19598.5,10289
IG,2025-03-10 14:35:00.000,2025-03-10 14:40:00.000,IX.D.NASDAQ.CASH.IP,M5,19600.2,19599.2,19646.8,19645.8,19585.8,19584.8,19614.8,19613.8,9122
IG,2025-03-10 14:40:00.000,2025-03-10 14:45:00.000,IX.D.NASDAQ.CASH.IP,M5,19617.7,19616.7,19623.2,19622.2,19579.8,19578.8,19581.5,19580.5,7928
IG,2025-03-10 14:45:00.000,2025-03-10 14:50:00.000,IX.D.NASDAQ.CASH.IP,M5,19581.3,19580.3,19608.3,19607.3,19551.9,19550.9,19577.7,19576.7,9915
IG,2025-03-10 14:50:00.000,2025-03-10 14:55:01.000,IX.D.NASDAQ.CASH.IP,M5,19577.8,19576.8,19584.5,19583.5,19514.7,19513.7,19526.2,19525.2,9460
IG,2025-03-10 14:55:01.000,2025-03-10 15:00:00.000,IX.D.NASDAQ.CASH.IP,M5,19522.8,19521.8,19529.2,19528.2,19483.2,19482.2,19526.2,19525.2,9972
IG,2025-03-10 15:00:00.000,2025-03-10 15:05:01.000,IX.D.NASDAQ.CASH.IP,M5,19526,19525,19557.5,19556.5,19511.5,19510.5,19532.8,19531.8,10690
IG,2025-03-10 15:05:01.000,2025-03-10 15:10:00.000,IX.D.NASDAQ.CASH.IP,M5,19532.7,19531.7,19575.9,19574.9,19521.4,19520.4,19565.7,19564.7,8675
IG,2025-03-10 15:10:00.000,2025-03-10 15:15:01.000,IX.D.NASDAQ.CASH.IP,M5,19564.7,19563.7,19580.2,19579.2,19543.5,19542.5,19563.9,19562.9,6404
IG,2025-03-10 15:15:01.000,2025-03-10 15:20:00.000,IX.D.NASDAQ.CASH.IP,M5,19563.4,19562.4,19577.9,19576.9,19527.7,19526.7,19532.4,19531.4,6396
IG,2025-03-10 15:20:00.000,2025-03-10 15:25:00.000,IX.D.NASDAQ.CASH.IP,M5,19531.9,19530.9,19596.4,19595.4,19522.8,19521.8,19571.4,19570.4,7172
IG,2025-03-10 15:25:00.000,2025-03-10 15:30:01.000,IX.D.NASDAQ.CASH.IP,M5,19571.5,19570.5,19596.3,19595.3,19564.3,19563.3,19594.7,19593.7,5884
IG,2025-03-10 15:30:01.000,2025-03-10 15:35:00.000,IX.D.NASDAQ.CASH.IP,M5,19595.3,19594.3,19643.5,19642.5,19592.4,19591.4,19630.2,19629.2,9802
IG,2025-03-10 15:35:00.000,2025-03-10 15:40:00.000,IX.D.NASDAQ.CASH.IP,M5,19629.9,19628.9,19664.3,19663.3,19617.5,19616.5,19626,19625,7522
IG,2025-03-10 15:40:00.000,2025-03-10 15:45:00.000,IX.D.NASDAQ.CASH.IP,M5,19627,19626,19636.5,19635.5,19550,19549,19569.3,19568.3,7894
IG,2025-03-10 15:45:00.000,2025-03-10 15:50:00.000,IX.D.NASDAQ.CASH.IP,M5,19568.7,19567.7,19622.7,19621.7,19563.8,19562.8,19610.4,19609.4,6044
IG,2025-03-10 15:50:00.000,2025-03-10 15:55:00.000,IX.D.NASDAQ.CASH.IP,M5,19610.9,19609.9,19616.7,19615.7,19573,19572,19580,19579,4054
IG,2025-03-10 15:55:00.000,2025-03-10 16:00:00.000,IX.D.NASDAQ.CASH.IP,M5,19581.5,19580.5,19589,19588,19536.9,19535.9,19550.4,19549.4,5876
IG,2025-03-10 16:00:00.000,2025-03-10 16:05:00.000,IX.D.NASDAQ.CASH.IP,M5,19550.8,19549.8,19581.5,19580.5,19531.4,19530.4,19532.5,19531.5,4825
IG,2025-03-10 16:05:00.000,2025-03-10 16:10:00.000,IX.D.NASDAQ.CASH.IP,M5,19532.4,19531.4,19552.2,19551.2,19520.4,19519.4,19535.2,19534.2,4381
IG,2025-03-10 16:10:00.000,2025-03-10 16:15:00.000,IX.D.NASDAQ.CASH.IP,M5,19535.4,19534.4,19571.8,19570.8,19531.5,19530.5,19567.9,19566.9,4498
IG,2025-03-10 16:15:00.000,2025-03-10 16:20:01.000,IX.D.NASDAQ.CASH.IP,M5,19567.8,19566.8,19573.4,19572.4,19501.8,19500.8,19511.4,19510.4,5748
IG,2025-03-10 16:20:01.000,2025-03-10 16:25:00.000,IX.D.NASDAQ.CASH.IP,M5,19511.5,19510.5,19518.5,19517.5,19485.2,19484.2,19511.4,19510.4,5320
IG,2025-03-10 16:25:00.000,2025-03-10 16:30:00.000,IX.D.NASDAQ.CASH.IP,M5,19511.8,19510.8,19545.8,19544.8,19503.2,19502.2,19542.2,19541.2,5200
IG,2025-03-10 16:30:00.000,2025-03-10 16:35:00.000,IX.D.NASDAQ.CASH.IP,M5,19543,19542,19600.3,19599.3,19529.2,19528.2,19593.4,19592.4,6815
IG,2025-03-10 16:35:00.000,2025-03-10 16:40:00.000,IX.D.NASDAQ.CASH.IP,M5,19593.3,19592.3,19593.3,19592.3,19498.7,19497.7,19501.2,19500.2,6300
IG,2025-03-10 16:40:00.000,2025-03-10 16:45:00.000,IX.D.NASDAQ.CASH.IP,M5,19501,19500,19521.9,19520.9,19494.2,19493.2,19496.4,19495.4,5218
IG,2025-03-10 16:45:00.000,2025-03-10 16:50:00.000,IX.D.NASDAQ.CASH.IP,M5,19496.3,19495.3,19531.2,19530.2,19495.4,19494.4,19513.7,19512.7,4898
IG,2025-03-10 16:50:00.000,2025-03-10 16:55:00.000,IX.D.NASDAQ.CASH.IP,M5,19513.2,19512.2,19539.2,19538.2,19502.7,19501.7,19521.7,19520.7,4404
IG,2025-03-10 16:55:00.000,2025-03-10 17:00:00.000,IX.D.NASDAQ.CASH.IP,M5,19522,19521,19545.3,19544.3,19503.7,19502.7,19504.2,19503.2,3982
IG,2025-03-10 17:00:00.000,2025-03-10 17:05:00.000,IX.D.NASDAQ.CASH.IP,M5,19503.8,19502.8,19512.2,19511.2,19456.3,19455.3,19458.4,19457.4,9833
IG,2025-03-10 17:05:00.000,2025-03-10 17:10:00.000,IX.D.NASDAQ.CASH.IP,M5,19458.7,19457.7,19477.2,19476.2,19440.9,19439.9,19442.3,19441.3,7543
IG,2025-03-10 17:10:00.000,2025-03-10 17:15:00.000,IX.D.NASDAQ.CASH.IP,M5,19442.5,19441.5,19464.3,19463.3,19417.5,19416.5,19459.2,19458.2,8112
IG,2025-03-10 17:15:00.000,2025-03-10 17:20:00.000,IX.D.NASDAQ.CASH.IP,M5,19458.9,19457.9,19485.8,19484.8,19454.2,19453.2,19476.9,19475.9,5699
IG,2025-03-10 17:20:00.000,2025-03-10 17:25:00.000,IX.D.NASDAQ.CASH.IP,M5,19476.4,19475.4,19513.9,19512.9,19471.4,19470.4,19496.7,19495.7,5134
IG,2025-03-10 17:25:00.000,2025-03-10 17:30:00.000,IX.D.NASDAQ.CASH.IP,M5,19497.7,19496.7,19500.8,19499.8,19460.3,19459.3,19465.5,19464.5,4919
IG,2025-03-10 17:30:00.000,2025-03-10 17:35:00.000,IX.D.NASDAQ.CASH.IP,M5,19465.9,19464.9,19475.4,19474.4,19436.2,19435.2,19439.5,19438.5,5645
IG,2025-03-10 17:35:00.000,2025-03-10 17:40:00.000,IX.D.NASDAQ.CASH.IP,M5,19439.7,19438.7,19456,19455,19401.4,19400.4,19429.4,19428.4,7073
IG,2025-03-10 17:40:00.000,2025-03-10 17:45:00.000,IX.D.NASDAQ.CASH.IP,M5,19429.3,19428.3,19436.3,19435.3,19412.7,19411.7,19415.2,19414.2,4407
IG,2025-03-10 17:45:00.000,2025-03-10 17:50:00.000,IX.D.NASDAQ.CASH.IP,M5,19415,19414,19444.7,19443.7,19391.5,19390.5,19408.7,19407.7,5226
IG,2025-03-10 17:50:00.000,2025-03-10 17:55:01.000,IX.D.NASDAQ.CASH.IP,M5,19408.8,19407.8,19432.2,19431.2,19384.7,19383.7,19427.7,19426.7,5757
IG,2025-03-10 17:55:01.000,2025-03-10 18:00:00.000,IX.D.NASDAQ.CASH.IP,M5,19428.4,19427.4,19435.2,19434.2,19399.8,19398.8,19403.8,19402.8,3669
IG,2025-03-10 18:00:00.000,2025-03-10 18:05:01.000,IX.D.NASDAQ.CASH.IP,M5,19403.9,19402.9,19413.2,19412.2,19385.5,19384.5,19393.2,19392.2,4304
IG,2025-03-10 18:05:01.000,2025-03-10 18:10:00.000,IX.D.NASDAQ.CASH.IP,M5,19393,19392,19398,19397,19359.4,19358.4,19398,19397,6855
IG,2025-03-10 18:10:00.000,2025-03-10 18:15:00.000,IX.D.NASDAQ.CASH.IP,M5,19397.4,19396.4,19459,19458,19389.8,19388.8,19411.7,19410.7,9048
IG,2025-03-10 18:15:00.000,2025-03-10 18:20:00.000,IX.D.NASDAQ.CASH.IP,M5,19411.3,19410.3,19445,19444,19397.9,19396.9,19403.3,19402.3,5201
IG,2025-03-10 18:20:00.000,2025-03-10 18:25:00.000,IX.D.NASDAQ.CASH.IP,M5,19403.4,19402.4,19424.7,19423.7,19395.2,19394.2,19406.4,19405.4,3493
IG,2025-03-10 18:25:00.000,2025-03-10 18:30:00.000,IX.D.NASDAQ.CASH.IP,M5,19406.3,19405.3,19415,19414,19375.9,19374.9,19395.9,19394.9,4840
IG,2025-03-10 18:30:00.000,2025-03-10 18:35:00.000,IX.D.NASDAQ.CASH.IP,M5,19395,19394,19430,19429,19395,19394,19402.7,19401.7,4075
IG,2025-03-10 18:35:00.000,2025-03-10 18:40:01.000,IX.D.NASDAQ.CASH.IP,M5,19402.8,19401.8,19406.7,19405.7,19377.5,19376.5,19379.8,19378.8,3525
IG,2025-03-10 18:40:01.000,2025-03-10 18:45:00.000,IX.D.NASDAQ.CASH.IP,M5,19379.5,19378.5,19390.2,19389.2,19355.3,19354.3,19380.5,19379.5,6004
IG,2025-03-10 18:45:00.000,2025-03-10 18:50:00.000,IX.D.NASDAQ.CASH.IP,M5,19380.2,19379.2,19389,19388,19369.4,19368.4,19373.4,19372.4,4361
IG,2025-03-10 18:50:00.000,2025-03-10 18:55:00.000,IX.D.NASDAQ.CASH.IP,M5,19373.5,19372.5,19388.8,19387.8,19339.4,19338.4,19344.2,19343.2,6046
IG,2025-03-10 18:55:00.000,2025-03-10 19:00:00.000,IX.D.NASDAQ.CASH.IP,M5,19343.5,19342.5,19346.3,19345.3,19292.5,19291.5,19294.7,19293.7,9000
IG,2025-03-10 19:00:00.000,2025-03-10 19:05:01.000,IX.D.NASDAQ.CASH.IP,M5,19294.4,19293.4,19327.8,19326.8,19264.4,19263.4,19277.8,19276.8,8458
IG,2025-03-10 19:05:01.000,2025-03-10 19:10:00.000,IX.D.NASDAQ.CASH.IP,M5,19278.5,19277.5,19297.3,19296.3,19236.7,19235.7,19244.2,19243.2,8501
IG,2025-03-10 19:10:00.000,2025-03-10 19:15:00.000,IX.D.NASDAQ.CASH.IP,M5,19243.4,19242.4,19311.7,19310.7,19234,19233,19306.8,19305.8,8622
IG,2025-03-10 19:15:00.000,2025-03-10 19:20:00.000,IX.D.NASDAQ.CASH.IP,M5,19307.2,19306.2,19368,19367,19299.5,19298.5,19362.2,19361.2,8917
IG,2025-03-10 19:20:00.000,2025-03-10 19:25:00.000,IX.D.NASDAQ.CASH.IP,M5,19362.3,19361.3,19414,19413,19354.4,19353.4,19408.5,19407.5,8532
IG,2025-03-10 19:25:00.000,2025-03-10 19:30:01.000,IX.D.NASDAQ.CASH.IP,M5,19408.2,19407.2,19461.4,19460.4,19392.3,19391.3,19410.8,19409.8,11811
IG,2025-03-10 19:30:01.000,2025-03-10 19:35:00.000,IX.D.NASDAQ.CASH.IP,M5,19411,19410,19503.5,19502.5,19406.9,19405.9,19494,19493,10338
IG,2025-03-10 19:35:00.000,2025-03-10 19:40:00.000,IX.D.NASDAQ.CASH.IP,M5,19493.7,19492.7,19512.3,19511.3,19425.7,19424.7,19465.3,19464.3,10983
IG,2025-03-10 19:40:00.000,2025-03-10 19:45:00.000,IX.D.NASDAQ.CASH.IP,M5,19467.4,19466.4,19477.3,19476.3,19355.7,19354.7,19359.2,19358.2,10440
IG,2025-03-10 19:45:00.000,2025-03-10 19:50:01.000,IX.D.NASDAQ.CASH.IP,M5,19359.4,19358.4,19431.2,19430.2,19359,19358,19428.5,19427.5,7907
IG,2025-03-10 19:50:01.000,2025-03-10 19:55:01.000,IX.D.NASDAQ.CASH.IP,M5,19428.3,19427.3,19451,19450,19360.2,19359.2,19401.3,19400.3,10717
IG,2025-03-10 19:55:01.000,2025-03-10 20:00:00.000,IX.D.NASDAQ.CASH.IP,M5,19402.2,19401.2,19450.7,19449.7,19394.4,19393.4,19421.9,19419.9,24960
IG,2025-03-10 20:00:00.000,2025-03-10 20:05:01.000,IX.D.NASDAQ.CASH.IP,M5,19422.4,19420.4,19432.8,19430.8,19379,19377,19420.5,19418.5,9452
IG,2025-03-10 20:05:01.000,2025-03-10 20:10:00.000,IX.D.NASDAQ.CASH.IP,M5,19420,19418,19440.4,19438.4,19401.5,19399.5,19430,19428,4501
IG,2025-03-10 20:10:00.000,2025-03-10 20:15:00.000,IX.D.NASDAQ.CASH.IP,M5,19430.2,19428.2,19439.5,19437.5,19412.8,19410.8,19426.3,19424.3,2247
IG,2025-03-10 20:15:00.000,2025-03-10 20:20:00.000,IX.D.NASDAQ.CASH.IP,M5,19426.4,19424.4,19446.3,19444.3,19423.3,19421.3,19439.5,19437.5,1724
IG,2025-03-10 20:20:00.000,2025-03-10 20:25:00.000,IX.D.NASDAQ.CASH.IP,M5,19439.4,19437.4,19441.9,19439.9,19428.2,19426.2,19437.7,19435.7,1366
IG,2025-03-10 20:25:00.000,2025-03-10 20:30:00.000,IX.D.NASDAQ.CASH.IP,M5,19437.8,19435.8,19450.8,19448.8,19432.5,19430.5,19443.3,19441.3,1178
IG,2025-03-10 20:30:00.000,2025-03-10 20:35:00.000,IX.D.NASDAQ.CASH.IP,M5,19443.2,19441.2,19446.2,19444.2,19429,19427,19430,19428,805
IG,2025-03-10 20:35:00.000,2025-03-10 20:40:00.000,IX.D.NASDAQ.CASH.IP,M5,19429.9,19427.9,19434.8,19432.8,19421,19419,19427.4,19425.4,757
IG,2025-03-10 20:40:00.000,2025-03-10 20:45:00.000,IX.D.NASDAQ.CASH.IP,M5,19427.3,19425.3,19437.9,19435.9,19425.4,19423.4,19436.9,19434.9,737
IG,2025-03-10 20:45:00.000,2025-03-10 20:50:00.000,IX.D.NASDAQ.CASH.IP,M5,19436.8,19434.8,19444.4,19442.4,19433.5,19431.5,19440.3,19438.3,2187
IG,2025-03-10 20:50:00.000,2025-03-10 20:55:00.000,IX.D.NASDAQ.CASH.IP,M5,19440.5,19438.5,19448.7,19446.7,19436.2,19434.2,19436.2,19434.2,1205
IG,2025-03-10 20:55:01.000,2025-03-10 21:00:00.000,IX.D.NASDAQ.CASH.IP,M5,19436.3,19434.3,19444.2,19442.2,19431.8,19429.8,19437.7,19432.7,1869
IG,2025-03-10 21:00:03.000,2025-03-10 21:04:52.000,IX.D.NASDAQ.CASH.IP,M5,19438.1,19433.1,19440.8,19435.8,19435.4,19430.4,19436.6,19431.6,0
IG,2025-03-10 21:05:02.000,2025-03-10 21:10:01.000,IX.D.NASDAQ.CASH.IP,M5,19437,19432,19438.8,19433.8,19432.9,19427.9,19436.3,19431.3,0
IG,2025-03-10 21:10:06.000,2025-03-10 21:14:55.000,IX.D.NASDAQ.CASH.IP,M5,19435.8,19430.8,19437.1,19432.1,19433.1,19428.1,19433.2,19428.2,0
IG,2025-03-10 21:15:01.000,2025-03-10 21:19:50.000,IX.D.NASDAQ.CASH.IP,M5,19433.6,19428.6,19434.7,19429.7,19432.6,19427.6,19433.8,19428.8,0
IG,2025-03-10 21:20:02.000,2025-03-10 21:25:00.000,IX.D.NASDAQ.CASH.IP,M5,19433.7,19428.7,19433.8,19428.8,19425.8,19420.8,19425.9,19420.9,0
IG,2025-03-10 21:25:04.000,2025-03-10 21:30:01.000,IX.D.NASDAQ.CASH.IP,M5,19426.1,19421.1,19428.8,19423.8,19421.3,19416.3,19424.5,19419.5,0
IG,2025-03-10 21:30:18.000,2025-03-10 21:34:59.000,IX.D.NASDAQ.CASH.IP,M5,19423.9,19418.9,19425.6,19420.6,19416.4,19411.4,19419.2,19414.2,0
IG,2025-03-10 21:35:01.000,2025-03-10 21:40:00.000,IX.D.NASDAQ.CASH.IP,M5,19419.9,19414.9,19419.9,19414.9,19408,19403,19408.1,19403.1,0
IG,2025-03-10 21:40:09.000,2025-03-10 21:44:54.000,IX.D.NASDAQ.CASH.IP,M5,19408.2,19403.2,19416.6,19411.6,19408,19403,19414.8,19409.8,0
IG,2025-03-10 21:45:07.000,2025-03-10 21:50:01.000,IX.D.NASDAQ.CASH.IP,M5,19414.9,19409.9,19417.2,19412.2,19407.3,19402.3,19408.5,19403.5,0
IG,2025-03-10 21:58:56.000,2025-03-10 22:10:00.000,IX.D.NASDAQ.CASH.IP,M5,19393.5,19388.5,19422.9,19420.9,19350,19348,19352.8,19350.8,3167
IG,2025-03-10 22:10:00.000,2025-03-10 22:15:00.000,IX.D.NASDAQ.CASH.IP,M5,19354.4,19352.4,19366.7,19364.7,19333.5,19331.5,19357.9,19355.9,1271
IG,2025-03-10 22:15:00.000,2025-03-10 22:19:57.000,IX.D.NASDAQ.CASH.IP,M5,19358,19356,19374,19372,19351.8,19349.8,19369.3,19367.3,769
IG,2025-03-10 22:20:00.000,2025-03-10 22:25:00.000,IX.D.NASDAQ.CASH.IP,M5,19369.2,19367.2,19384.2,19382.2,19361.3,19359.3,19372.5,19370.5,751
IG,2025-03-10 22:25:00.000,2025-03-10 22:30:00.000,IX.D.NASDAQ.CASH.IP,M5,19372.4,19370.4,19391.4,19389.4,19367.5,19365.5,19380.9,19378.9,813
IG,2025-03-10 22:30:00.000,2025-03-10 22:35:00.000,IX.D.NASDAQ.CASH.IP,M5,19381,19379,19395.9,19393.9,19375.9,19373.9,19376.2,19374.2,795
IG,2025-03-10 22:35:00.000,2025-03-10 22:40:00.000,IX.D.NASDAQ.CASH.IP,M5,19376.3,19374.3,19394.9,19392.9,19369.7,19367.7,19388.5,19386.5,626
IG,2025-03-10 22:40:01.000,2025-03-10 22:44:58.000,IX.D.NASDAQ.CASH.IP,M5,19387.7,19385.7,19405.2,19403.2,19386.8,19384.8,19393.3,19391.3,623
IG,2025-03-10 22:45:00.000,2025-03-10 22:50:00.000,IX.D.NASDAQ.CASH.IP,M5,19393.9,19391.9,19398.9,19396.9,19375,19373,19379.9,19377.9,414
IG,2025-03-10 22:50:00.000,2025-03-10 22:55:00.000,IX.D.NASDAQ.CASH.IP,M5,19379.8,19377.8,19385.3,19383.3,19359.8,19357.8,19363.5,19361.5,424
IG,2025-03-10 22:55:01.000,2025-03-10 23:00:00.000,IX.D.NASDAQ.CASH.IP,M5,19363.7,19361.7,19366.7,19364.7,19339.3,19337.3,19347.2,19345.2,710
IG,2025-03-10 23:00:00.000,2025-03-10 23:05:00.000,IX.D.NASDAQ.CASH.IP,M5,19347.4,19345.4,19363.4,19361.4,19347.4,19345.4,19351.9,19349.9,528
IG,2025-03-10 23:05:00.000,2025-03-10 23:10:00.000,IX.D.NASDAQ.CASH.IP,M5,19351.5,19349.5,19353.5,19351.5,19315.5,19313.5,19320.8,19318.8,1230
IG,2025-03-10 23:10:01.000,2025-03-10 23:15:00.000,IX.D.NASDAQ.CASH.IP,M5,19321,19319,19321,19319,19304.2,19302.2,19308.2,19306.2,1040
IG,2025-03-10 23:15:00.000,2025-03-10 23:20:00.000,IX.D.NASDAQ.CASH.IP,M5,19308.7,19306.7,19314.5,19312.5,19249.2,19247.2,19255.5,19253.5,1660
IG,2025-03-10 23:20:00.000,2025-03-10 23:25:00.000,IX.D.NASDAQ.CASH.IP,M5,19254.5,19252.5,19287.9,19285.9,19250.8,19248.8,19286.3,19284.3,1149
IG,2025-03-10 23:25:00.000,2025-03-10 23:30:00.000,IX.D.NASDAQ.CASH.IP,M5,19286.4,19284.4,19297.8,19295.8,19277.5,19275.5,19280.8,19278.8,825
IG,2025-03-10 23:30:00.000,2025-03-10 23:35:00.000,IX.D.NASDAQ.CASH.IP,M5,19281,19279,19282.7,19280.7,19216.8,19214.8,19236.9,19234.9,2155
IG,2025-03-10 23:35:00.000,2025-03-10 23:40:00.000,IX.D.NASDAQ.CASH.IP,M5,19237,19235,19241.4,19239.4,19194.4,19192.4,19240.8,19238.8,2104
IG,2025-03-10 23:40:00.000,2025-03-10 23:45:00.000,IX.D.NASDAQ.CASH.IP,M5,19240.7,19238.7,19270.5,19268.5,19235,19233,19265.2,19263.2,1058
IG,2025-03-10 23:45:00.000,2025-03-10 23:50:00.000,IX.D.NASDAQ.CASH.IP,M5,19265.3,19263.3,19291.9,19289.9,19255.7,19253.7,19285.4,19283.4,1458
IG,2025-03-10 23:50:00.000,2025-03-10 23:55:00.000,IX.D.NASDAQ.CASH.IP,M5,19285.5,19283.5,19286.7,19284.7,19272.2,19270.2,19275,19273,581
IG,2025-03-10 23:55:00.000,2025-03-11 00:00:00.000,IX.D.NASDAQ.CASH.IP,M5,19274.9,19272.9,19280.3,19278.3,19263.8,19261.8,19268.9,19266.9,533
IG,2025-03-11 00:00:00.000,2025-03-11 00:05:00.000,IX.D.NASDAQ.CASH.IP,M5,19269,19267,19291.4,19289.4,19269,19267,19285.3,19283.3,799
IG,2025-03-11 00:05:01.000,2025-03-11 00:10:00.000,IX.D.NASDAQ.CASH.IP,M5,19285.4,19283.4,19286.7,19284.7,19256,19254,19258.7,19256.7,702
IG,2025-03-11 00:10:00.000,2025-03-11 00:15:00.000,IX.D.NASDAQ.CASH.IP,M5,19257,19255,19264.2,19262.2,19241.8,19239.8,19246.4,19244.4,1132
IG,2025-03-11 00:15:00.000,2025-03-11 00:19:58.000,IX.D.NASDAQ.CASH.IP,M5,19246.3,19244.3,19269.2,19267.2,19239.5,19237.5,19268.8,19266.8,917
IG,2025-03-11 00:20:00.000,2025-03-11 00:25:01.000,IX.D.NASDAQ.CASH.IP,M5,19268.4,19266.4,19284.4,19282.4,19248.8,19246.8,19252.3,19250.3,1135
IG,2025-03-11 00:25:01.000,2025-03-11 00:30:00.000,IX.D.NASDAQ.CASH.IP,M5,19252.2,19250.2,19278.5,19276.5,19249,19247,19276.4,19274.4,597
IG,2025-03-11 00:30:00.000,2025-03-11 00:35:01.000,IX.D.NASDAQ.CASH.IP,M5,19276.3,19274.3,19282.5,19280.5,19252.9,19250.9,19258,19256,742
IG,2025-03-11 00:35:01.000,2025-03-11 00:40:00.000,IX.D.NASDAQ.CASH.IP,M5,19257.5,19255.5,19265.4,19263.4,19248.4,19246.4,19256.9,19254.9,564
IG,2025-03-11 00:40:00.000,2025-03-11 00:45:01.000,IX.D.NASDAQ.CASH.IP,M5,19256.7,19254.7,19258.9,19256.9,19218.7,19216.7,19219.8,19217.8,993
IG,2025-03-11 00:45:01.000,2025-03-11 00:50:00.000,IX.D.NASDAQ.CASH.IP,M5,19219.9,19217.9,19232.9,19230.9,19196.2,19194.2,19207,19205,1194
IG,2025-03-11 00:50:00.000,2025-03-11 00:55:00.000,IX.D.NASDAQ.CASH.IP,M5,19207.2,19205.2,19210.5,19208.5,19106.2,19104.2,19130.7,19128.7,3981
IG,2025-03-11 00:55:00.000,2025-03-11 01:00:00.000,IX.D.NASDAQ.CASH.IP,M5,19129.9,19127.9,19179.5,19177.5,19123.5,19121.5,19175.9,19173.9,1898
IG,2025-03-11 01:00:00.000,2025-03-11 01:05:00.000,IX.D.NASDAQ.CASH.IP,M5,19176.3,19174.3,19188.2,19186.2,19154.8,19152.8,19154.9,19152.9,1210
IG,2025-03-11 01:05:00.000,2025-03-11 01:10:00.000,IX.D.NASDAQ.CASH.IP,M5,19154.8,19152.8,19161.7,19159.7,19108.7,19106.7,19119.2,19117.2,1837
IG,2025-03-11 01:10:00.000,2025-03-11 01:15:00.000,IX.D.NASDAQ.CASH.IP,M5,19119.3,19117.3,19143.3,19141.3,19117.2,19115.2,19133.7,19131.7,1127
IG,2025-03-11 01:15:00.000,2025-03-11 01:20:00.000,IX.D.NASDAQ.CASH.IP,M5,19131.8,19129.8,19156.7,19154.7,19124.3,19122.3,19149.2,19147.2,1085
IG,2025-03-11 01:20:00.000,2025-03-11 01:25:01.000,IX.D.NASDAQ.CASH.IP,M5,19149.5,19147.5,19185,19183,19144.3,19142.3,19179.4,19177.4,1331
IG,2025-03-11 01:25:01.000,2025-03-11 01:30:00.000,IX.D.NASDAQ.CASH.IP,M5,19179.3,19177.3,19181.4,19179.4,19168.4,19166.4,19180.3,19178.3,594
IG,2025-03-11 01:30:00.000,2025-03-11 01:35:00.000,IX.D.NASDAQ.CASH.IP,M5,19183.5,19181.5,19211.2,19209.2,19176.8,19174.8,19204.9,19202.9,1068
IG,2025-03-11 01:35:00.000,2025-03-11 01:40:01.000,IX.D.NASDAQ.CASH.IP,M5,19203.8,19201.8,19230.8,19228.8,19203.8,19201.8,19220.8,19218.8,1016
IG,2025-03-11 01:40:01.000,2025-03-11 01:45:01.000,IX.D.NASDAQ.CASH.IP,M5,19220.5,19218.5,19233.4,19231.4,19212.4,19210.4,19217.4,19215.4,906
IG,2025-03-11 01:45:01.000,2025-03-11 01:50:01.000,IX.D.NASDAQ.CASH.IP,M5,19217.3,19215.3,19218,19216,19205.2,19203.2,19209.4,19207.4,872
IG,2025-03-11 01:50:01.000,2025-03-11 01:55:01.000,IX.D.NASDAQ.CASH.IP,M5,19209.5,19207.5,19226.3,19224.3,19202.9,19200.9,19202.9,19200.9,871
IG,2025-03-11 01:55:01.000,2025-03-11 02:00:00.000,IX.D.NASDAQ.CASH.IP,M5,19203,19201,19221.5,19219.5,19175.2,19173.2,19219.8,19217.8,1286
IG,2025-03-11 02:00:00.000,2025-03-11 02:05:01.000,IX.D.NASDAQ.CASH.IP,M5,19219.9,19217.9,19245.3,19243.3,19209.5,19207.5,19240.5,19238.5,1082
IG,2025-03-11 02:05:01.000,2025-03-11 02:10:00.000,IX.D.NASDAQ.CASH.IP,M5,19240.8,19238.8,19316.7,19314.7,19240.8,19238.8,19303.9,19301.9,2285
IG,2025-03-11 02:10:00.000,2025-03-11 02:15:00.000,IX.D.NASDAQ.CASH.IP,M5,19304.9,19302.9,19322.7,19320.7,19297.4,19295.4,19305.3,19303.3,1008
IG,2025-03-11 02:15:00.000,2025-03-11 02:20:00.000,IX.D.NASDAQ.CASH.IP,M5,19305.9,19303.9,19367.7,19365.7,19301.4,19299.4,19358.3,19356.3,2016
IG,2025-03-11 02:20:00.000,2025-03-11 02:25:00.000,IX.D.NASDAQ.CASH.IP,M5,19358.9,19356.9,19381.8,19379.8,19345.2,19343.2,19351.5,19349.5,2143
IG,2025-03-11 02:25:00.000,2025-03-11 02:30:01.000,IX.D.NASDAQ.CASH.IP,M5,19351.7,19349.7,19356.4,19354.4,19308.4,19306.4,19343.8,19341.8,1572
IG,2025-03-11 02:30:01.000,2025-03-11 02:35:01.000,IX.D.NASDAQ.CASH.IP,M5,19343.5,19341.5,19348.2,19346.2,19314.2,19312.2,19325.4,19323.4,945
IG,2025-03-11 02:35:01.000,2025-03-11 02:40:01.000,IX.D.NASDAQ.CASH.IP,M5,19325.3,19323.3,19360.8,19358.8,19324.7,19322.7,19353.5,19351.5,1110
IG,2025-03-11 02:40:01.000,2025-03-11 02:45:00.000,IX.D.NASDAQ.CASH.IP,M5,19353.4,19351.4,19360.3,19358.3,19333.9,19331.9,19336.4,19334.4,747
IG,2025-03-11 02:45:00.000,2025-03-11 02:50:00.000,IX.D.NASDAQ.CASH.IP,M5,19336.3,19334.3,19342,19340,19306.7,19304.7,19313.5,19311.5,1079
IG,2025-03-11 02:50:00.000,2025-03-11 02:55:00.000,IX.D.NASDAQ.CASH.IP,M5,19313.7,19311.7,19354.4,19352.4,19310.7,19308.7,19351.4,19349.4,1037
IG,2025-03-11 02:55:00.000,2025-03-11 03:00:01.000,IX.D.NASDAQ.CASH.IP,M5,19351.7,19349.7,19364.2,19362.2,19347.8,19345.8,19357.5,19355.5,602
IG,2025-03-11 03:00:01.000,2025-03-11 03:05:01.000,IX.D.NASDAQ.CASH.IP,M5,19357.7,19355.7,19421.8,19419.8,19357.7,19355.7,19398.9,19396.9,2237
IG,2025-03-11 03:05:01.000,2025-03-11 03:10:01.000,IX.D.NASDAQ.CASH.IP,M5,19398.8,19396.8,19453.2,19451.2,19393.9,19391.9,19436.2,19434.2,2221
IG,2025-03-11 03:10:01.000,2025-03-11 03:15:01.000,IX.D.NASDAQ.CASH.IP,M5,19436.3,19434.3,19447.3,19445.3,19431.7,19429.7,19442.3,19440.3,774
IG,2025-03-11 03:15:01.000,2025-03-11 03:20:00.000,IX.D.NASDAQ.CASH.IP,M5,19442.5,19440.5,19455.7,19453.7,19410.7,19408.7,19429.4,19427.4,1614
IG,2025-03-11 03:20:00.000,2025-03-11 03:25:01.000,IX.D.NASDAQ.CASH.IP,M5,19429.5,19427.5,19432.8,19430.8,19409,19407,19416.7,19414.7,829
IG,2025-03-11 03:25:01.000,2025-03-11 03:30:00.000,IX.D.NASDAQ.CASH.IP,M5,19416.8,19414.8,19416.8,19414.8,19405.3,19403.3,19414.4,19412.4,316
IG,2025-03-11 03:30:00.000,2025-03-11 03:35:00.000,IX.D.NASDAQ.CASH.IP,M5,19414.2,19412.2,19417,19415,19402.2,19400.2,19413.4,19411.4,364
IG,2025-03-11 03:35:00.000,2025-03-11 03:40:00.000,IX.D.NASDAQ.CASH.IP,M5,19413.3,19411.3,19431.8,19429.8,19405,19403,19405,19403,797
IG,2025-03-11 03:40:00.000,2025-03-11 03:45:00.000,IX.D.NASDAQ.CASH.IP,M5,19405.8,19403.8,19420.9,19418.9,19394.5,19392.5,19420.9,19418.9,722
IG,2025-03-11 03:45:00.000,2025-03-11 03:50:00.000,IX.D.NASDAQ.CASH.IP,M5,19421.5,19419.5,19421.9,19419.9,19403.3,19401.3,19405.7,19403.7,347
IG,2025-03-11 03:50:00.000,2025-03-11 03:55:00.000,IX.D.NASDAQ.CASH.IP,M5,19405.5,19403.5,19409.7,19407.7,19398.3,19396.3,19400.5,19398.5,234
IG,2025-03-11 03:55:00.000,2025-03-11 04:00:02.000,IX.D.NASDAQ.CASH.IP,M5,19400.8,19398.8,19402.9,19400.9,19395.9,19393.9,19395.9,19393.9,248
IG,2025-03-11 04:00:02.000,2025-03-11 04:05:00.000,IX.D.NASDAQ.CASH.IP,M5,19394.5,19392.5,19395.8,19393.8,19377.2,19375.2,19393.8,19391.8,640
IG,2025-03-11 04:05:00.000,2025-03-11 04:10:00.000,IX.D.NASDAQ.CASH.IP,M5,19393.4,19391.4,19406.3,19404.3,19375.3,19373.3,19401.5,19399.5,652
IG,2025-03-11 04:10:00.000,2025-03-11 04:15:00.000,IX.D.NASDAQ.CASH.IP,M5,19401.2,19399.2,19415.8,19413.8,19399.9,19397.9,19414.3,19412.3,385
IG,2025-03-11 04:15:00.000,2025-03-11 04:20:01.000,IX.D.NASDAQ.CASH.IP,M5,19414.2,19412.2,19443.5,19441.5,19412.2,19410.2,19436.4,19434.4,808
IG,2025-03-11 04:20:01.000,2025-03-11 04:25:00.000,IX.D.NASDAQ.CASH.IP,M5,19436.5,19434.5,19448.3,19446.3,19428.9,19426.9,19442.5,19440.5,577
IG,2025-03-11 04:25:00.000,2025-03-11 04:30:00.000,IX.D.NASDAQ.CASH.IP,M5,19442.4,19440.4,19456.7,19454.7,19441.8,19439.8,19455.3,19453.3,521
IG,2025-03-11 04:30:00.000,2025-03-11 04:35:00.000,IX.D.NASDAQ.CASH.IP,M5,19455.7,19453.7,19456.7,19454.7,19445.4,19443.4,19450.5,19448.5,347
IG,2025-03-11 04:35:00.000,2025-03-11 04:40:00.000,IX.D.NASDAQ.CASH.IP,M5,19450.4,19448.4,19453.7,19451.7,19441.3,19439.3,19441.9,19439.9,415
IG,2025-03-11 04:40:01.000,2025-03-11 04:45:00.000,IX.D.NASDAQ.CASH.IP,M5,19441.7,19439.7,19447.3,19445.3,19426,19424,19428.4,19426.4,575
IG,2025-03-11 04:45:00.000,2025-03-11 04:50:01.000,IX.D.NASDAQ.CASH.IP,M5,19428.3,19426.3,19431.7,19429.7,19423.5,19421.5,19425.2,19423.2,221
IG,2025-03-11 04:50:01.000,2025-03-11 04:55:00.000,IX.D.NASDAQ.CASH.IP,M5,19425.3,19423.3,19428.4,19426.4,19423.2,19421.2,19426.2,19424.2,247
IG,2025-03-11 04:55:00.000,2025-03-11 05:00:00.000,IX.D.NASDAQ.CASH.IP,M5,19426.3,19424.3,19437.5,19435.5,19423.9,19421.9,19428.7,19426.7,376
IG,2025-03-11 05:00:00.000,2025-03-11 05:05:00.000,IX.D.NASDAQ.CASH.IP,M5,19428.7,19426.7,19435.4,19433.4,19414.9,19412.9,19420,19418,747
IG,2025-03-11 05:05:00.000,2025-03-11 05:10:02.000,IX.D.NASDAQ.CASH.IP,M5,19420.2,19418.2,19426,19424,19409.5,19407.5,19420.5,19418.5,419
IG,2025-03-11 05:10:02.000,2025-03-11 05:15:00.000,IX.D.NASDAQ.CASH.IP,M5,19420.4,19418.4,19433.3,19431.3,19414.8,19412.8,19433.3,19431.3,434
IG,2025-03-11 05:15:00.000,2025-03-11 05:20:00.000,IX.D.NASDAQ.CASH.IP,M5,19433.2,19431.2,19453.7,19451.7,19432.4,19430.4,19443.5,19441.5,618
IG,2025-03-11 05:20:00.000,2025-03-11 05:25:00.000,IX.D.NASDAQ.CASH.IP,M5,19443.2,19441.2,19444.3,19442.3,19436.3,19434.3,19438.7,19436.7,221
IG,2025-03-11 05:25:01.000,2025-03-11 05:30:01.000,IX.D.NASDAQ.CASH.IP,M5,19438.5,19436.5,19443.2,19441.2,19431,19429,19441.9,19439.9,308
IG,2025-03-11 05:30:01.000,2025-03-11 05:35:00.000,IX.D.NASDAQ.CASH.IP,M5,19441.5,19439.5,19453,19451,19435.9,19433.9,19447.4,19445.4,407
IG,2025-03-11 05:35:00.000,2025-03-11 05:40:00.000,IX.D.NASDAQ.CASH.IP,M5,19447.8,19445.8,19451.5,19449.5,19424.9,19422.9,19426.4,19424.4,414
IG,2025-03-11 05:40:00.000,2025-03-11 05:45:00.000,IX.D.NASDAQ.CASH.IP,M5,19426.5,19424.5,19427.9,19425.9,19414.2,19412.2,19423,19421,319
IG,2025-03-11 05:45:00.000,2025-03-11 05:50:00.000,IX.D.NASDAQ.CASH.IP,M5,19422.3,19420.3,19424.8,19422.8,19408.2,19406.2,19414.5,19412.5,393
IG,2025-03-11 05:50:00.000,2025-03-11 05:55:00.000,IX.D.NASDAQ.CASH.IP,M5,19414.4,19412.4,19426.9,19424.9,19412.3,19410.3,19426.8,19424.8,300
IG,2025-03-11 05:55:00.000,2025-03-11 06:00:00.000,IX.D.NASDAQ.CASH.IP,M5,19426.9,19424.9,19443.3,19441.3,19421.9,19419.9,19439.5,19437.5,286
IG,2025-03-11 06:00:00.000,2025-03-11 06:05:00.000,IX.D.NASDAQ.CASH.IP,M5,19439.3,19437.3,19441.5,19439.5,19420.9,19418.9,19421.5,19419.5,325
IG,2025-03-11 06:05:00.000,2025-03-11 06:10:00.000,IX.D.NASDAQ.CASH.IP,M5,19421.7,19419.7,19445.8,19443.8,19419.7,19417.7,19443.2,19441.2,403
IG,2025-03-11 06:10:00.000,2025-03-11 06:15:00.000,IX.D.NASDAQ.CASH.IP,M5,19441.9,19439.9,19449.5,19447.5,19435.9,19433.9,19447.8,19445.8,403
IG,2025-03-11 06:15:00.000,2025-03-11 06:20:00.000,IX.D.NASDAQ.CASH.IP,M5,19447.9,19445.9,19451.2,19449.2,19438.8,19436.8,19447.4,19445.4,354
IG,2025-03-11 06:20:00.000,2025-03-11 06:25:00.000,IX.D.NASDAQ.CASH.IP,M5,19447.7,19445.7,19481.7,19479.7,19443,19441,19463.3,19461.3,1787
IG,2025-03-11 06:25:00.000,2025-03-11 06:30:00.000,IX.D.NASDAQ.CASH.IP,M5,19463.4,19461.4,19470.9,19468.9,19455.7,19453.7,19465.9,19463.9,704
IG,2025-03-11 06:30:00.000,2025-03-11 06:35:00.000,IX.D.NASDAQ.CASH.IP,M5,19465.8,19463.8,19476.8,19474.8,19448.2,19446.2,19450.2,19448.2,485
IG,2025-03-11 06:35:00.000,2025-03-11 06:40:00.000,IX.D.NASDAQ.CASH.IP,M5,19450.3,19448.3,19456.3,19454.3,19435.4,19433.4,19447,19445,390
IG,2025-03-11 06:40:00.000,2025-03-11 06:45:00.000,IX.D.NASDAQ.CASH.IP,M5,19446.9,19444.9,19459.2,19457.2,19444.2,19442.2,19458.3,19456.3,304
IG,2025-03-11 06:45:00.000,2025-03-11 06:50:01.000,IX.D.NASDAQ.CASH.IP,M5,19458,19456,19459.3,19457.3,19440.3,19438.3,19450.2,19448.2,367
IG,2025-03-11 06:50:01.000,2025-03-11 06:55:00.000,IX.D.NASDAQ.CASH.IP,M5,19450.5,19448.5,19455.2,19453.2,19440.5,19438.5,19440.9,19438.9,289
IG,2025-03-11 06:55:00.000,2025-03-11 07:00:00.000,IX.D.NASDAQ.CASH.IP,M5,19440.8,19438.8,19443.7,19441.7,19431.9,19429.9,19435.7,19433.7,234
IG,2025-03-11 07:00:00.000,2025-03-11 07:05:00.000,IX.D.NASDAQ.CASH.IP,M5,19435.9,19433.9,19438.4,19436.4,19415.2,19413.2,19426.9,19424.9,787
IG,2025-03-11 07:05:00.000,2025-03-11 07:10:00.000,IX.D.NASDAQ.CASH.IP,M5,19426.5,19424.5,19437.2,19435.2,19415.3,19413.3,19432,19430,478
IG,2025-03-11 07:10:00.000,2025-03-11 07:15:00.000,IX.D.NASDAQ.CASH.IP,M5,19432.2,19430.2,19445.3,19443.3,19421.5,19419.5,19426.3,19424.3,730
IG,2025-03-11 07:15:00.000,2025-03-11 07:20:00.000,IX.D.NASDAQ.CASH.IP,M5,19426,19424,19431.8,19429.8,19413.8,19411.8,19419.3,19417.3,553
IG,2025-03-11 07:20:00.000,2025-03-11 07:25:00.000,IX.D.NASDAQ.CASH.IP,M5,19419.4,19417.4,19442.5,19440.5,19418.4,19416.4,19434,19432,449
IG,2025-03-11 07:25:00.000,2025-03-11 07:30:01.000,IX.D.NASDAQ.CASH.IP,M5,19434.2,19432.2,19439.8,19437.8,19422.3,19420.3,19427.4,19425.4,400
IG,2025-03-11 07:30:01.000,2025-03-11 07:35:00.000,IX.D.NASDAQ.CASH.IP,M5,19427.3,19425.3,19432.9,19430.9,19390.8,19388.8,19405.4,19403.4,1078
IG,2025-03-11 07:35:00.000,2025-03-11 07:40:00.000,IX.D.NASDAQ.CASH.IP,M5,19405.3,19403.3,19406.3,19404.3,19380,19378,19389.4,19387.4,1116
IG,2025-03-11 07:40:00.000,2025-03-11 07:45:00.000,IX.D.NASDAQ.CASH.IP,M5,19389.5,19387.5,19395.7,19393.7,19367.3,19365.3,19381.9,19379.9,1080
IG,2025-03-11 07:45:00.000,2025-03-11 07:50:00.000,IX.D.NASDAQ.CASH.IP,M5,19381.8,19379.8,19416.8,19414.8,19376.5,19374.5,19400,19398,916
IG,2025-03-11 07:50:00.000,2025-03-11 07:55:00.000,IX.D.NASDAQ.CASH.IP,M5,19400.2,19398.2,19412.5,19410.5,19388.5,19386.5,19409.8,19407.8,666
IG,2025-03-11 07:55:01.000,2025-03-11 08:00:00.000,IX.D.NASDAQ.CASH.IP,M5,19409.7,19407.7,19456.4,19454.4,19408.8,19406.8,19442,19440,1337
IG,2025-03-11 08:00:00.000,2025-03-11 08:05:00.000,IX.D.NASDAQ.CASH.IP,M5,19441.2,19439.2,19465.7,19463.7,19431.3,19429.3,19456.3,19454.3,1933
IG,2025-03-11 08:05:00.000,2025-03-11 08:10:00.000,IX.D.NASDAQ.CASH.IP,M5,19456.4,19454.4,19471.3,19469.3,19447.8,19445.8,19471.3,19469.3,1031
IG,2025-03-11 08:10:00.000,2025-03-11 08:15:00.000,IX.D.NASDAQ.CASH.IP,M5,19471.4,19469.4,19517.2,19515.2,19468.3,19466.3,19511.5,19509.5,2209
IG,2025-03-11 08:15:00.000,2025-03-11 08:20:00.000,IX.D.NASDAQ.CASH.IP,M5,19511.7,19509.7,19522.7,19520.7,19489.8,19487.8,19499.8,19497.8,1878
IG,2025-03-11 08:20:00.000,2025-03-11 08:25:00.000,IX.D.NASDAQ.CASH.IP,M5,19499.7,19497.7,19510.9,19508.9,19488.7,19486.7,19508.9,19506.9,1250
IG,2025-03-11 08:25:00.000,2025-03-11 08:30:00.000,IX.D.NASDAQ.CASH.IP,M5,19508.8,19506.8,19530.8,19528.8,19507.5,19505.5,19528,19526,1790
IG,2025-03-11 08:30:00.000,2025-03-11 08:35:00.000,IX.D.NASDAQ.CASH.IP,M5,19527.9,19525.9,19529.3,19527.3,19500.2,19498.2,19517.2,19515.2,898
IG,2025-03-11 08:35:00.000,2025-03-11 08:40:00.000,IX.D.NASDAQ.CASH.IP,M5,19517,19515,19524.5,19522.5,19512,19510,19514,19512,790
IG,2025-03-11 08:40:00.000,2025-03-11 08:45:00.000,IX.D.NASDAQ.CASH.IP,M5,19514.2,19512.2,19516.9,19514.9,19492.5,19490.5,19506,19504,879
IG,2025-03-11 08:45:00.000,2025-03-11 08:50:01.000,IX.D.NASDAQ.CASH.IP,M5,19506.2,19504.2,19513.5,19511.5,19489.4,19487.4,19506.9,19504.9,685
IG,2025-03-11 08:50:01.000,2025-03-11 08:55:00.000,IX.D.NASDAQ.CASH.IP,M5,19506.8,19504.8,19515.4,19513.4,19493,19491,19513.5,19511.5,543
IG,2025-03-11 08:55:00.000,2025-03-11 09:00:00.000,IX.D.NASDAQ.CASH.IP,M5,19513.4,19511.4,19527,19525,19508.7,19506.7,19526.2,19524.2,527
IG,2025-03-11 09:00:00.000,2025-03-11 09:05:00.000,IX.D.NASDAQ.CASH.IP,M5,19526.3,19524.3,19543.3,19541.3,19514.7,19512.7,19534,19532,2147
IG,2025-03-11 09:05:00.000,2025-03-11 09:10:00.000,IX.D.NASDAQ.CASH.IP,M5,19534.2,19532.2,19539,19537,19509.8,19507.8,19511.7,19509.7,1198
IG,2025-03-11 09:10:00.000,2025-03-11 09:15:00.000,IX.D.NASDAQ.CASH.IP,M5,19511.5,19509.5,19523.9,19521.9,19503.2,19501.2,19519.9,19517.9,1083
IG,2025-03-11 09:15:00.000,2025-03-11 09:20:00.000,IX.D.NASDAQ.CASH.IP,M5,19519.7,19517.7,19531.8,19529.8,19509.2,19507.2,19515.3,19513.3,1141
IG,2025-03-11 09:20:00.000,2025-03-11 09:25:00.000,IX.D.NASDAQ.CASH.IP,M5,19517,19515,19527.5,19525.5,19494,19492,19510.2,19508.2,1175
IG,2025-03-11 09:25:00.000,2025-03-11 09:30:02.000,IX.D.NASDAQ.CASH.IP,M5,19510.4,19508.4,19528.4,19526.4,19507.9,19505.9,19523.9,19521.9,882
IG,2025-03-11 09:30:02.000,2025-03-11 09:35:00.000,IX.D.NASDAQ.CASH.IP,M5,19524,19522,19526.3,19524.3,19502.4,19500.4,19520.3,19518.3,1031
IG,2025-03-11 09:35:01.000,2025-03-11 09:40:00.000,IX.D.NASDAQ.CASH.IP,M5,19520.2,19518.2,19524.8,19522.8,19511.8,19509.8,19515.8,19513.8,494
IG,2025-03-11 09:40:00.000,2025-03-11 09:45:00.000,IX.D.NASDAQ.CASH.IP,M5,19515.9,19513.9,19517,19515,19498.7,19496.7,19513.7,19511.7,1208
IG,2025-03-11 09:45:00.000,2025-03-11 09:50:01.000,IX.D.NASDAQ.CASH.IP,M5,19513.5,19511.5,19516.2,19514.2,19498.3,19496.3,19508,19506,1298
IG,2025-03-11 09:50:01.000,2025-03-11 09:55:00.000,IX.D.NASDAQ.CASH.IP,M5,19508.5,19506.5,19517.2,19515.2,19500.3,19498.3,19511.8,19509.8,590
IG,2025-03-11 09:55:00.000,2025-03-11 10:00:00.000,IX.D.NASDAQ.CASH.IP,M5,19511.9,19509.9,19514.8,19512.8,19503.7,19501.7,19506,19504,333
IG,2025-03-11 10:00:00.000,2025-03-11 10:05:02.000,IX.D.NASDAQ.CASH.IP,M5,19506.2,19504.2,19517.7,19515.7,19470.7,19468.7,19475.5,19473.5,1841
IG,2025-03-11 10:05:02.000,2025-03-11 10:10:00.000,IX.D.NASDAQ.CASH.IP,M5,19475.4,19473.4,19500.5,19498.5,19475.2,19473.2,19494.3,19492.3,1065
IG,2025-03-11 10:10:00.000,2025-03-11 10:15:00.000,IX.D.NASDAQ.CASH.IP,M5,19494.4,19492.4,19505.8,19503.8,19487.8,19485.8,19500.3,19498.3,629
IG,2025-03-11 10:15:01.000,2025-03-11 10:19:58.000,IX.D.NASDAQ.CASH.IP,M5,19499,19497,19513.7,19511.7,19498.3,19496.3,19507.9,19505.9,499
IG,2025-03-11 10:20:00.000,2025-03-11 10:25:00.000,IX.D.NASDAQ.CASH.IP,M5,19508,19506,19513.4,19511.4,19500.7,19498.7,19505.4,19503.4,630
IG,2025-03-11 10:25:00.000,2025-03-11 10:30:00.000,IX.D.NASDAQ.CASH.IP,M5,19502.9,19500.9,19521.8,19519.8,19499.8,19497.8,19517.2,19515.2,789
IG,2025-03-11 10:30:00.000,2025-03-11 10:35:00.000,IX.D.NASDAQ.CASH.IP,M5,19517.3,19515.3,19524,19522,19501.3,19499.3,19505.3,19503.3,2459
IG,2025-03-11 10:35:00.000,2025-03-11 10:40:01.000,IX.D.NASDAQ.CASH.IP,M5,19505.2,19503.2,19509.4,19507.4,19495.5,19493.5,19500.4,19498.4,2355
IG,2025-03-11 10:40:01.000,2025-03-11 10:45:00.000,IX.D.NASDAQ.CASH.IP,M5,19500.5,19498.5,19511.7,19509.7,19494.2,19492.2,19496,19494,995
IG,2025-03-11 10:45:00.000,2025-03-11 10:50:00.000,IX.D.NASDAQ.CASH.IP,M5,19495.9,19493.9,19503.4,19501.4,19486.3,19484.3,19491.2,19489.2,1017
IG,2025-03-11 10:50:00.000,2025-03-11 10:55:00.000,IX.D.NASDAQ.CASH.IP,M5,19491,19489,19496,19494,19474.9,19472.9,19492.3,19490.3,970
IG,2025-03-11 10:55:00.000,2025-03-11 11:00:01.000,IX.D.NASDAQ.CASH.IP,M5,19492.2,19490.2,19505.4,19503.4,19486.8,19484.8,19487.2,19485.2,814
IG,2025-03-11 11:00:01.000,2025-03-11 11:05:00.000,IX.D.NASDAQ.CASH.IP,M5,19487.7,19485.7,19490,19488,19451,19449,19452.8,19450.8,1545
IG,2025-03-11 11:05:00.000,2025-03-11 11:10:00.000,IX.D.NASDAQ.CASH.IP,M5,19452.7,19450.7,19465.9,19463.9,19433.9,19431.9,19447.4,19445.4,1730
IG,2025-03-11 11:10:00.000,2025-03-11 11:15:00.000,IX.D.NASDAQ.CASH.IP,M5,19447.5,19445.5,19474.8,19472.8,19446.9,19444.9,19473.4,19471.4,1019
IG,2025-03-11 11:15:00.000,2025-03-11 11:20:00.000,IX.D.NASDAQ.CASH.IP,M5,19473.5,19471.5,19489.9,19487.9,19473.4,19471.4,19488,19486,1050
IG,2025-03-11 11:20:00.000,2025-03-11 11:25:00.000,IX.D.NASDAQ.CASH.IP,M5,19487.9,19485.9,19494.2,19492.2,19480,19478,19487,19485,581
IG,2025-03-11 11:25:00.000,2025-03-11 11:30:01.000,IX.D.NASDAQ.CASH.IP,M5,19487.2,19485.2,19500,19498,19482.5,19480.5,19487.3,19485.3,718
IG,2025-03-11 11:30:01.000,2025-03-11 11:35:00.000,IX.D.NASDAQ.CASH.IP,M5,19487.2,19485.2,19522.2,19520.2,19485.3,19483.3,19516.5,19514.5,1354
IG,2025-03-11 11:35:00.000,2025-03-11 11:40:01.000,IX.D.NASDAQ.CASH.IP,M5,19516.4,19514.4,19536.5,19534.5,19516.2,19514.2,19521.3,19519.3,1068
IG,2025-03-11 11:40:01.000,2025-03-11 11:45:00.000,IX.D.NASDAQ.CASH.IP,M5,19521,19519,19536.7,19534.7,19519,19517,19533.3,19531.3,677
IG,2025-03-11 11:45:00.000,2025-03-11 11:50:00.000,IX.D.NASDAQ.CASH.IP,M5,19533.4,19531.4,19533.9,19531.9,19512.4,19510.4,19515.9,19513.9,1096
IG,2025-03-11 11:50:00.000,2025-03-11 11:55:00.000,IX.D.NASDAQ.CASH.IP,M5,19515.8,19513.8,19527.7,19525.7,19513,19511,19524.7,19522.7,734
IG,2025-03-11 11:55:00.000,2025-03-11 12:00:02.000,IX.D.NASDAQ.CASH.IP,M5,19524.8,19522.8,19540,19538,19518.3,19516.3,19534.7,19532.7,838
IG,2025-03-11 12:00:02.000,2025-03-11 12:05:00.000,IX.D.NASDAQ.CASH.IP,M5,19534.5,19532.5,19544.9,19542.9,19512,19510,19518.4,19516.4,1446
IG,2025-03-11 12:05:00.000,2025-03-11 12:10:00.000,IX.D.NASDAQ.CASH.IP,M5,19518.3,19516.3,19525.2,19523.2,19485.8,19483.8,19488,19486,1387
IG,2025-03-11 12:10:00.000,2025-03-11 12:15:00.000,IX.D.NASDAQ.CASH.IP,M5,19487.9,19485.9,19494.9,19492.9,19431,19429,19431,19429,2911
IG,2025-03-11 12:15:00.000,2025-03-11 12:20:00.000,IX.D.NASDAQ.CASH.IP,M5,19431.7,19429.7,19473.4,19471.4,19429.5,19427.5,19470.2,19468.2,2564
IG,2025-03-11 12:20:00.000,2025-03-11 12:25:00.000,IX.D.NASDAQ.CASH.IP,M5,19470.3,19468.3,19490.2,19488.2,19470.3,19468.3,19485,19483,1836
IG,2025-03-11 12:25:00.000,2025-03-11 12:30:01.000,IX.D.NASDAQ.CASH.IP,M5,19484.9,19482.9,19490.2,19488.2,19458.8,19456.8,19459.7,19457.7,1514
IG,2025-03-11 12:30:01.000,2025-03-11 12:35:00.000,IX.D.NASDAQ.CASH.IP,M5,19460.4,19458.4,19462.7,19460.7,19438.8,19436.8,19441.4,19439.4,1960
IG,2025-03-11 12:35:00.000,2025-03-11 12:40:00.000,IX.D.NASDAQ.CASH.IP,M5,19441.5,19439.5,19455.9,19453.9,19440.2,19438.2,19450.9,19448.9,1876
IG,2025-03-11 12:40:00.000,2025-03-11 12:45:00.000,IX.D.NASDAQ.CASH.IP,M5,19451.3,19449.3,19451.7,19449.7,19425.9,19423.9,19442.9,19440.9,2173
IG,2025-03-11 12:45:00.000,2025-03-11 12:50:00.000,IX.D.NASDAQ.CASH.IP,M5,19442.8,19440.8,19444.5,19442.5,19406.5,19404.5,19417.9,19415.9,2214
IG,2025-03-11 12:50:00.000,2025-03-11 12:55:00.000,IX.D.NASDAQ.CASH.IP,M5,19418,19416,19439.7,19437.7,19404.9,19402.9,19408,19406,2346
IG,2025-03-11 12:55:00.000,2025-03-11 13:00:01.000,IX.D.NASDAQ.CASH.IP,M5,19408.2,19406.2,19426.3,19424.3,19402,19400,19416.8,19414.8,2173
IG,2025-03-11 13:00:01.000,2025-03-11 13:05:00.000,IX.D.NASDAQ.CASH.IP,M5,19416.9,19414.9,19432.3,19430.3,19401.7,19399.7,19432.3,19430.3,1874
IG,2025-03-11 13:05:00.000,2025-03-11 13:10:00.000,IX.D.NASDAQ.CASH.IP,M5,19432.2,19430.2,19447,19445,19409.8,19407.8,19412.5,19410.5,2186
IG,2025-03-11 13:10:00.000,2025-03-11 13:15:00.000,IX.D.NASDAQ.CASH.IP,M5,19412.7,19410.7,19422.4,19420.4,19409.3,19407.3,19416,19414,1702
IG,2025-03-11 13:15:00.000,2025-03-11 13:20:00.000,IX.D.NASDAQ.CASH.IP,M5,19415.9,19413.9,19428.3,19426.3,19402.9,19400.9,19422,19420,1570
IG,2025-03-11 13:20:00.000,2025-03-11 13:25:00.000,IX.D.NASDAQ.CASH.IP,M5,19422.2,19420.2,19429.9,19427.9,19386.9,19384.9,19390.3,19388.3,2039
IG,2025-03-11 13:25:00.000,2025-03-11 13:30:00.000,IX.D.NASDAQ.CASH.IP,M5,19390.2,19388.2,19409.8,19407.8,19375.2,19374.2,19379.9,19378.9,5106
IG,2025-03-11 13:30:00.000,2025-03-11 13:35:00.000,IX.D.NASDAQ.CASH.IP,M5,19379.8,19378.8,19421.9,19420.9,19349,19348,19381,19380,14056
IG,2025-03-11 13:35:00.000,2025-03-11 13:40:00.000,IX.D.NASDAQ.CASH.IP,M5,19379.5,19378.5,19503.8,19502.8,19362.5,19361.5,19495.7,19494.7,15661
IG,2025-03-11 13:40:00.000,2025-03-11 13:45:00.000,IX.D.NASDAQ.CASH.IP,M5,19495.9,19494.9,19513.8,19512.8,19441.2,19440.2,19499.2,19498.2,11596
IG,2025-03-11 13:45:00.000,2025-03-11 13:50:00.000,IX.D.NASDAQ.CASH.IP,M5,19499,19498,19554.4,19553.4,19452.3,19451.3,19554,19553,10719
IG,2025-03-11 13:50:00.000,2025-03-11 13:55:00.000,IX.D.NASDAQ.CASH.IP,M5,19554.5,19553.5,19560.3,19559.3,19465.2,19464.2,19482.3,19481.3,10574
IG,2025-03-11 13:55:00.000,2025-03-11 14:00:01.000,IX.D.NASDAQ.CASH.IP,M5,19482.4,19481.4,19513.4,19512.4,19453.3,19452.3,19467.4,19466.4,7217
IG,2025-03-11 14:00:01.000,2025-03-11 14:05:00.000,IX.D.NASDAQ.CASH.IP,M5,19465.4,19464.4,19574.3,19573.3,19316,19315,19342.2,19341.2,24152
IG,2025-03-11 14:05:00.000,2025-03-11 14:10:01.000,IX.D.NASDAQ.CASH.IP,M5,19341.8,19340.8,19498.2,19497.2,19341,19340,19492.7,19491.7,18296
IG,2025-03-11 14:10:01.000,2025-03-11 14:15:00.000,IX.D.NASDAQ.CASH.IP,M5,19492.5,19491.5,19496.3,19495.3,19386.5,19385.5,19404.2,19403.2,10014
IG,2025-03-11 14:15:00.000,2025-03-11 14:20:00.000,IX.D.NASDAQ.CASH.IP,M5,19403.9,19402.9,19445.9,19444.9,19362.3,19361.3,19411.2,19410.2,10616
IG,2025-03-11 14:20:00.000,2025-03-11 14:25:00.000,IX.D.NASDAQ.CASH.IP,M5,19410.4,19409.4,19432.8,19431.8,19327.9,19326.9,19349.4,19348.4,7284
IG,2025-03-11 14:25:00.000,2025-03-11 14:30:00.000,IX.D.NASDAQ.CASH.IP,M5,19349.3,19348.3,19355.9,19354.9,19276,19275,19283,19282,10985
IG,2025-03-11 14:30:00.000,2025-03-11 14:35:00.000,IX.D.NASDAQ.CASH.IP,M5,19283.9,19282.9,19345.8,19344.8,19279.5,19278.5,19296.9,19295.9,9348
IG,2025-03-11 14:35:00.000,2025-03-11 14:40:00.000,IX.D.NASDAQ.CASH.IP,M5,19296,19295,19330.3,19329.3,19231.5,19230.5,19258.7,19257.7,10949
IG,2025-03-11 14:40:00.000,2025-03-11 14:45:00.000,IX.D.NASDAQ.CASH.IP,M5,19257.3,19256.3,19316.3,19315.3,19227.4,19226.4,19289.2,19288.2,8825
IG,2025-03-11 14:45:00.000,2025-03-11 14:50:00.000,IX.D.NASDAQ.CASH.IP,M5,19288.7,19287.7,19329.4,19328.4,19244.2,19243.2,19259.8,19258.8,8188
IG,2025-03-11 14:50:00.000,2025-03-11 14:55:00.000,IX.D.NASDAQ.CASH.IP,M5,19262.7,19261.7,19379.8,19378.8,19250.5,19249.5,19369.9,19368.9,9415
IG,2025-03-11 14:55:00.000,2025-03-11 15:00:00.000,IX.D.NASDAQ.CASH.IP,M5,19369.3,19368.3,19371.4,19370.4,19262.7,19261.7,19262.7,19261.7,7753
IG,2025-03-11 15:00:00.000,2025-03-11 15:05:01.000,IX.D.NASDAQ.CASH.IP,M5,19261.4,19260.4,19336.4,19335.4,19248,19247,19284,19283,7875
IG,2025-03-11 15:05:01.000,2025-03-11 15:10:00.000,IX.D.NASDAQ.CASH.IP,M5,19284.2,19283.2,19437.4,19436.4,19283.9,19282.9,19425.4,19424.4,9999
IG,2025-03-11 15:10:00.000,2025-03-11 15:15:01.000,IX.D.NASDAQ.CASH.IP,M5,19426.9,19425.9,19469.8,19468.8,19397.8,19396.8,19440.5,19439.5,7560
IG,2025-03-11 15:15:01.000,2025-03-11 15:20:00.000,IX.D.NASDAQ.CASH.IP,M5,19446.4,19445.4,19460.4,19459.4,19413.3,19412.3,19431.4,19430.4,6776
IG,2025-03-11 15:20:00.000,2025-03-11 15:25:00.000,IX.D.NASDAQ.CASH.IP,M5,19432,19431,19447,19446,19374.8,19373.8,19383.4,19382.4,7950
IG,2025-03-11 15:25:00.000,2025-03-11 15:30:00.000,IX.D.NASDAQ.CASH.IP,M5,19385,19384,19445.2,19444.2,19384.3,19383.3,19395.2,19394.2,8431
IG,2025-03-11 15:30:00.000,2025-03-11 15:35:01.000,IX.D.NASDAQ.CASH.IP,M5,19396.3,19395.3,19458.4,19457.4,19377.7,19376.7,19439,19438,6865
IG,2025-03-11 15:35:01.000,2025-03-11 15:40:00.000,IX.D.NASDAQ.CASH.IP,M5,19438.9,19437.9,19453,19452,19390.3,19389.3,19447.8,19446.8,6275
IG,2025-03-11 15:40:00.000,2025-03-11 15:45:00.000,IX.D.NASDAQ.CASH.IP,M5,19447.7,19446.7,19506.2,19505.2,19444.7,19443.7,19478.9,19477.9,8377
IG,2025-03-11 15:45:00.000,2025-03-11 15:50:01.000,IX.D.NASDAQ.CASH.IP,M5,19480.5,19479.5,19487,19486,19425.4,19424.4,19468.4,19467.4,6389
IG,2025-03-11 15:50:01.000,2025-03-11 15:55:00.000,IX.D.NASDAQ.CASH.IP,M5,19468,19467,19480.5,19479.5,19434.5,19433.5,19463.5,19462.5,5246
IG,2025-03-11 15:55:00.000,2025-03-11 16:00:00.000,IX.D.NASDAQ.CASH.IP,M5,19461.7,19460.7,19469.4,19468.4,19375,19374,19380,19379,7055
IG,2025-03-11 16:00:00.000,2025-03-11 16:05:00.000,IX.D.NASDAQ.CASH.IP,M5,19378.8,19377.8,19407.7,19406.7,19352.5,19351.5,19373.9,19372.9,7105
IG,2025-03-11 16:05:00.000,2025-03-11 16:10:00.000,IX.D.NASDAQ.CASH.IP,M5,19374.2,19373.2,19385.5,19384.5,19324.8,19323.8,19337.9,19336.9,7336
IG,2025-03-11 16:10:00.000,2025-03-11 16:15:00.000,IX.D.NASDAQ.CASH.IP,M5,19338,19337,19340.9,19339.9,19296.2,19295.2,19300.8,19299.8,6394
IG,2025-03-11 16:15:00.000,2025-03-11 16:20:00.000,IX.D.NASDAQ.CASH.IP,M5,19303.5,19302.5,19335.5,19334.5,19298.7,19297.7,19334.8,19333.8,4678
IG,2025-03-11 16:20:00.000,2025-03-11 16:25:01.000,IX.D.NASDAQ.CASH.IP,M5,19334.3,19333.3,19368.9,19367.9,19320.8,19319.8,19349.9,19348.9,4588
IG,2025-03-11 16:25:01.000,2025-03-11 16:30:01.000,IX.D.NASDAQ.CASH.IP,M5,19350.8,19349.8,19379.8,19378.8,19342.7,19341.7,19362.8,19361.8,4093
IG,2025-03-11 16:30:01.000,2025-03-11 16:35:00.000,IX.D.NASDAQ.CASH.IP,M5,19362.4,19361.4,19385.2,19384.2,19344,19343,19376.4,19375.4,3543
IG,2025-03-11 16:35:00.000,2025-03-11 16:40:01.000,IX.D.NASDAQ.CASH.IP,M5,19376.5,19375.5,19393.8,19392.8,19331.2,19330.2,19341.5,19340.5,4474
IG,2025-03-11 16:40:01.000,2025-03-11 16:45:00.000,IX.D.NASDAQ.CASH.IP,M5,19341.7,19340.7,19376.5,19375.5,19299.7,19298.7,19325.2,19324.2,5980
IG,2025-03-11 16:45:00.000,2025-03-11 16:50:01.000,IX.D.NASDAQ.CASH.IP,M5,19324.9,19323.9,19348.9,19347.9,19314.2,19313.2,19343.2,19342.2,3150
IG,2025-03-11 16:50:01.000,2025-03-11 16:55:01.000,IX.D.NASDAQ.CASH.IP,M5,19343.3,19342.3,19353.4,19352.4,19271.5,19270.5,19293.4,19292.4,5100
IG,2025-03-11 16:55:01.000,2025-03-11 17:00:00.000,IX.D.NASDAQ.CASH.IP,M5,19295.9,19294.9,19314.9,19313.9,19258.4,19257.4,19282.3,19281.3,5919
IG,2025-03-11 17:00:00.000,2025-03-11 17:05:00.000,IX.D.NASDAQ.CASH.IP,M5,19281.8,19280.8,19291,19290,19245.4,19244.4,19253.5,19252.5,4862
IG,2025-03-11 17:05:00.000,2025-03-11 17:10:00.000,IX.D.NASDAQ.CASH.IP,M5,19252.7,19251.7,19271.8,19270.8,19240.4,19239.4,19259.9,19258.9,4786
IG,2025-03-11 17:10:00.000,2025-03-11 17:15:00.000,IX.D.NASDAQ.CASH.IP,M5,19259.8,19258.8,19273,19272,19237.7,19236.7,19246.2,19245.2,5395
IG,2025-03-11 17:15:00.000,2025-03-11 17:20:00.000,IX.D.NASDAQ.CASH.IP,M5,19245.3,19244.3,19282.5,19281.5,19235.4,19234.4,19250.2,19249.2,6207
IG,2025-03-11 17:20:00.000,2025-03-11 17:25:00.000,IX.D.NASDAQ.CASH.IP,M5,19251.8,19250.8,19264.2,19263.2,19182.7,19181.7,19209.7,19208.7,7937
IG,2025-03-11 17:25:00.000,2025-03-11 17:30:00.000,IX.D.NASDAQ.CASH.IP,M5,19209.8,19208.8,19215.2,19214.2,19165.8,19164.8,19166.3,19165.3,6286
IG,2025-03-11 17:30:00.000,2025-03-11 17:35:00.000,IX.D.NASDAQ.CASH.IP,M5,19165.4,19164.4,19223,19222,19163.2,19162.2,19189.2,19188.2,7612
IG,2025-03-11 17:35:00.000,2025-03-11 17:40:00.000,IX.D.NASDAQ.CASH.IP,M5,19189,19188,19214.7,19213.7,19172.9,19171.9,19214.7,19213.7,5274
IG,2025-03-11 17:40:00.000,2025-03-11 17:45:00.000,IX.D.NASDAQ.CASH.IP,M5,19213.3,19212.3,19259.5,19258.5,19208,19207,19250.9,19249.9,6714
IG,2025-03-11 17:45:00.000,2025-03-11 17:50:00.000,IX.D.NASDAQ.CASH.IP,M5,19251,19250,19326.3,19325.3,19246.2,19245.2,19302.7,19301.7,9573
IG,2025-03-11 17:50:00.000,2025-03-11 17:55:00.000,IX.D.NASDAQ.CASH.IP,M5,19302.8,19301.8,19330.5,19329.5,19277.5,19276.5,19306.2,19305.2,5661
IG,2025-03-11 17:55:00.000,2025-03-11 18:00:00.000,IX.D.NASDAQ.CASH.IP,M5,19307.2,19306.2,19309.3,19308.3,19240.4,19239.4,19287.9,19286.9,7668
IG,2025-03-11 18:00:00.000,2025-03-11 18:05:00.000,IX.D.NASDAQ.CASH.IP,M5,19287.4,19286.4,19403.3,19402.3,19281.5,19280.5,19386,19385,10344
IG,2025-03-11 18:05:00.000,2025-03-11 18:10:00.000,IX.D.NASDAQ.CASH.IP,M5,19386.5,19385.5,19423.3,19422.3,19355.8,19354.8,19396.5,19395.5,7042
IG,2025-03-11 18:10:00.000,2025-03-11 18:15:00.000,IX.D.NASDAQ.CASH.IP,M5,19396.4,19395.4,19450.3,19449.3,19394.5,19393.5,19445.8,19444.8,5381
IG,2025-03-11 18:15:00.000,2025-03-11 18:20:00.000,IX.D.NASDAQ.CASH.IP,M5,19446.3,19445.3,19449.9,19448.9,19412.3,19411.3,19441.8,19440.8,5538
IG,2025-03-11 18:20:00.000,2025-03-11 18:25:00.000,IX.D.NASDAQ.CASH.IP,M5,19441.7,19440.7,19509.2,19508.2,19425.5,19424.5,19468.9,19467.9,7948
IG,2025-03-11 18:25:00.000,2025-03-11 18:30:00.000,IX.D.NASDAQ.CASH.IP,M5,19469,19468,19491.7,19490.7,19447.5,19446.5,19472.5,19471.5,5807
IG,2025-03-11 18:30:00.000,2025-03-11 18:35:00.000,IX.D.NASDAQ.CASH.IP,M5,19473.4,19472.4,19479.5,19478.5,19424.2,19423.2,19445.5,19444.5,6385
IG,2025-03-11 18:35:00.000,2025-03-11 18:40:00.000,IX.D.NASDAQ.CASH.IP,M5,19445.4,19444.4,19491.8,19490.8,19431,19430,19488.5,19487.5,4651
IG,2025-03-11 18:40:00.000,2025-03-11 18:45:00.000,IX.D.NASDAQ.CASH.IP,M5,19485.8,19484.8,19569.2,19568.2,19477.9,19476.9,19566.2,19565.2,10661
IG,2025-03-11 18:45:00.000,2025-03-11 18:50:00.000,IX.D.NASDAQ.CASH.IP,M5,19565.9,19564.9,19587.9,19586.9,19543,19542,19585.2,19584.2,9874
IG,2025-03-11 18:50:00.000,2025-03-11 18:55:00.000,IX.D.NASDAQ.CASH.IP,M5,19585.4,19584.4,19648.2,19647.2,19575.8,19574.8,19617.7,19616.7,10032
IG,2025-03-11 18:55:00.000,2025-03-11 19:00:00.000,IX.D.NASDAQ.CASH.IP,M5,19617.5,19616.5,19625.9,19624.9,19580,19579,19599.2,19598.2,8344
IG,2025-03-11 19:00:00.000,2025-03-11 19:05:00.000,IX.D.NASDAQ.CASH.IP,M5,19598.9,19597.9,19606.3,19605.3,19519.5,19518.5,19573.4,19572.4,9229
IG,2025-03-11 19:05:00.000,2025-03-11 19:10:01.000,IX.D.NASDAQ.CASH.IP,M5,19573.2,19572.2,19638.8,19637.8,19565.9,19564.9,19600.5,19599.5,9969
IG,2025-03-11 19:10:01.000,2025-03-11 19:15:00.000,IX.D.NASDAQ.CASH.IP,M5,19600.3,19599.3,19607.4,19606.4,19535.9,19534.9,19538.4,19537.4,7919
IG,2025-03-11 19:15:00.000,2025-03-11 19:20:00.000,IX.D.NASDAQ.CASH.IP,M5,19538.8,19537.8,19540.9,19539.9,19494.7,19493.7,19519.9,19518.9,7921
IG,2025-03-11 19:20:00.000,2025-03-11 19:25:00.000,IX.D.NASDAQ.CASH.IP,M5,19519.8,19518.8,19568.2,19567.2,19465.4,19464.4,19465.4,19464.4,8897
IG,2025-03-11 19:25:00.000,2025-03-11 19:30:00.000,IX.D.NASDAQ.CASH.IP,M5,19465.9,19464.9,19541,19540,19465.4,19464.4,19515.7,19514.7,5977
IG,2025-03-11 19:30:00.000,2025-03-11 19:35:00.000,IX.D.NASDAQ.CASH.IP,M5,19516.4,19515.4,19529.2,19528.2,19482.4,19481.4,19489.2,19488.2,6180
IG,2025-03-11 19:35:00.000,2025-03-11 19:40:00.000,IX.D.NASDAQ.CASH.IP,M5,19489.5,19488.5,19528.7,19527.7,19471.7,19470.7,19480.9,19479.9,6036
IG,2025-03-11 19:40:00.000,2025-03-11 19:45:00.000,IX.D.NASDAQ.CASH.IP,M5,19481.2,19480.2,19502.7,19501.7,19447.3,19446.3,19494.5,19493.5,6057
IG,2025-03-11 19:45:00.000,2025-03-11 19:50:00.000,IX.D.NASDAQ.CASH.IP,M5,19495.5,19494.5,19524.3,19523.3,19467.7,19466.7,19487.2,19486.2,6028
IG,2025-03-11 19:50:00.000,2025-03-11 19:55:01.000,IX.D.NASDAQ.CASH.IP,M5,19487.7,19486.7,19499.7,19498.7,19405.8,19404.8,19424.9,19423.9,10412
IG,2025-03-11 19:55:01.000,2025-03-11 20:00:00.000,IX.D.NASDAQ.CASH.IP,M5,19423.3,19422.3,19426.9,19425.9,19345.3,19343.3,19345.3,19343.3,16592
IG,2025-03-11 20:00:00.000,2025-03-11 20:05:00.000,IX.D.NASDAQ.CASH.IP,M5,19345.8,19343.8,19390.9,19388.9,19344.7,19342.7,19386.2,19384.2,7737
IG,2025-03-11 20:05:00.000,2025-03-11 20:10:00.000,IX.D.NASDAQ.CASH.IP,M5,19386,19384,19397.5,19395.5,19361.9,19359.9,19390.3,19388.3,3542
IG,2025-03-11 20:10:00.000,2025-03-11 20:15:00.000,IX.D.NASDAQ.CASH.IP,M5,19388.5,19386.5,19407.8,19405.8,19374.9,19372.9,19402.3,19400.3,3063
IG,2025-03-11 20:15:00.000,2025-03-11 20:20:00.000,IX.D.NASDAQ.CASH.IP,M5,19401.4,19399.4,19401.8,19399.8,19376.7,19374.7,19377.8,19375.8,1885
IG,2025-03-11 20:20:00.000,2025-03-11 20:25:00.000,IX.D.NASDAQ.CASH.IP,M5,19377.9,19375.9,19381.7,19379.7,19361.8,19359.8,19370.2,19368.2,1428
IG,2025-03-11 20:25:00.000,2025-03-11 20:30:00.000,IX.D.NASDAQ.CASH.IP,M5,19370,19368,19373.7,19371.7,19363.5,19361.5,19370.5,19368.5,1078
IG,2025-03-11 20:30:00.000,2025-03-11 20:35:00.000,IX.D.NASDAQ.CASH.IP,M5,19370.3,19368.3,19375.7,19373.7,19363.3,19361.3,19366.3,19364.3,1096
IG,2025-03-11 20:35:00.000,2025-03-11 20:40:00.000,IX.D.NASDAQ.CASH.IP,M5,19366.4,19364.4,19369.5,19367.5,19334.3,19332.3,19335.7,19333.7,1212
IG,2025-03-11 20:40:00.000,2025-03-11 20:45:00.000,IX.D.NASDAQ.CASH.IP,M5,19335.5,19333.5,19367.4,19365.4,19334.3,19332.3,19366.8,19364.8,860
IG,2025-03-11 20:45:00.000,2025-03-11 20:50:01.000,IX.D.NASDAQ.CASH.IP,M5,19366.9,19364.9,19378,19376,19366.4,19364.4,19367.8,19365.8,830
IG,2025-03-11 20:50:01.000,2025-03-11 20:55:00.000,IX.D.NASDAQ.CASH.IP,M5,19367.9,19365.9,19370.2,19368.2,19343.5,19341.5,19349,19347,879
IG,2025-03-11 20:55:00.000,2025-03-11 21:00:00.000,IX.D.NASDAQ.CASH.IP,M5,19348.9,19346.9,19364.7,19362.7,19348,19346,19363,19358,646
IG,2025-03-11 21:00:01.000,2025-03-11 21:04:51.000,IX.D.NASDAQ.CASH.IP,M5,19362,19357,19365.7,19360.7,19359.1,19354.1,19364.3,19359.3,0
IG,2025-03-11 21:05:12.000,2025-03-11 21:09:56.000,IX.D.NASDAQ.CASH.IP,M5,19363.9,19358.9,19366.6,19361.6,19362.1,19357.1,19364.7,19359.7,0
IG,2025-03-11 21:10:08.000,2025-03-11 21:14:51.000,IX.D.NASDAQ.CASH.IP,M5,19364.6,19359.6,19364.6,19359.6,19360.8,19355.8,19361.1,19356.1,0
IG,2025-03-11 21:15:01.000,2025-03-11 21:19:17.000,IX.D.NASDAQ.CASH.IP,M5,19359.6,19354.6,19359.6,19354.6,19357.8,19352.8,19359.2,19354.2,0
IG,2025-03-11 21:20:00.000,2025-03-11 21:25:00.000,IX.D.NASDAQ.CASH.IP,M5,19359,19354,19359.2,19354.2,19358.9,19353.9,19359.2,19354.2,0
IG,2025-03-11 21:25:00.000,2025-03-11 21:30:00.000,IX.D.NASDAQ.CASH.IP,M5,19359.4,19354.4,19361,19356,19359.4,19354.4,19360.3,19355.3,0
IG,2025-03-11 21:30:00.000,2025-03-11 21:35:00.000,IX.D.NASDAQ.CASH.IP,M5,19362.2,19357.2,19364.8,19359.8,19361.1,19356.1,19364.8,19359.8,0
IG,2025-03-11 21:35:00.000,2025-03-11 21:40:00.000,IX.D.NASDAQ.CASH.IP,M5,19364.5,19359.5,19369.3,19364.3,19361.8,19356.8,19365.8,19360.8,0
IG,2025-03-11 21:40:00.000,2025-03-11 21:45:00.000,IX.D.NASDAQ.CASH.IP,M5,19365.9,19360.9,19366.8,19361.8,19364.7,19359.7,19366.8,19361.8,0
IG,2025-03-11 21:45:00.000,2025-03-11 21:50:00.000,IX.D.NASDAQ.CASH.IP,M5,19365.4,19360.4,19367.2,19362.2,19363.9,19358.9,19367,19362,0
IG,2025-03-11 21:47:40.000,2025-03-11 21:54:49.000,IX.D.NASDAQ.CASH.IP,M5,19365.6,19360.6,19369.1,19364.1,19364.5,19359.5,19368.8,19363.8,0
IG,2025-03-11 21:55:03.000,2025-03-11 21:59:57.000,IX.D.NASDAQ.CASH.IP,M5,19369.9,19364.9,19372.1,19367.1,19368.6,19363.6,19372.1,19367.1,0
IG,2025-03-11 21:59:59.000,2025-03-11 22:04:57.000,IX.D.NASDAQ.CASH.IP,M5,19382,19380,19399.5,19397.5,19363.5,19361.5,19367.3,19365.3,1025
IG,2025-03-11 22:04:59.000,2025-03-11 22:09:59.000,IX.D.NASDAQ.CASH.IP,M5,19367.2,19365.2,19390.5,19388.5,19366.3,19364.3,19388.5,19386.5,357
IG,2025-03-11 22:09:59.000,2025-03-11 22:14:59.000,IX.D.NASDAQ.CASH.IP,M5,19387.7,19385.7,19412,19410,19387.2,19385.2,19410.3,19408.3,840
IG,2025-03-11 22:14:59.000,2025-03-11 22:19:59.000,IX.D.NASDAQ.CASH.IP,M5,19410.2,19408.2,19413.8,19411.8,19390.4,19388.4,19397.4,19395.4,597
IG,2025-03-11 22:20:03.000,2025-03-11 22:24:59.000,IX.D.NASDAQ.CASH.IP,M5,19397.8,19395.8,19403.5,19401.5,19392,19390,19394.7,19392.7,285
IG,2025-03-11 22:24:59.000,2025-03-11 22:29:59.000,IX.D.NASDAQ.CASH.IP,M5,19394.8,19392.8,19397.7,19395.7,19379.9,19377.9,19397,19395,421
IG,2025-03-11 22:29:59.000,2025-03-11 22:34:59.000,IX.D.NASDAQ.CASH.IP,M5,19397.8,19395.8,19402.5,19400.5,19392.9,19390.9,19398,19396,171
IG,2025-03-11 22:34:59.000,2025-03-11 22:39:59.000,IX.D.NASDAQ.CASH.IP,M5,19397.9,19395.9,19418.5,19416.5,19393.2,19391.2,19418.5,19416.5,356
IG,2025-03-11 22:39:59.000,2025-03-11 22:44:57.000,IX.D.NASDAQ.CASH.IP,M5,19418.4,19416.4,19433.6,19431.6,19418.2,19416.2,19426.5,19424.5,444
IG,2025-03-11 22:44:59.000,2025-03-11 22:50:00.000,IX.D.NASDAQ.CASH.IP,M5,19426.4,19424.4,19444.2,19442.2,19426.4,19424.4,19433.6,19431.6,690
IG,2025-03-11 22:50:00.000,2025-03-11 22:55:00.000,IX.D.NASDAQ.CASH.IP,M5,19433.5,19431.5,19441.6,19439.6,19432.9,19430.9,19438.9,19436.9,197
IG,2025-03-11 22:55:01.000,2025-03-11 22:59:59.000,IX.D.NASDAQ.CASH.IP,M5,19438.8,19436.8,19445.5,19443.5,19433.6,19431.6,19435.1,19433.1,426
IG,2025-03-11 22:59:59.000,2025-03-11 23:04:59.000,IX.D.NASDAQ.CASH.IP,M5,19435,19433,19442.6,19440.6,19419.9,19417.9,19428.6,19426.6,753
IG,2025-03-11 23:04:59.000,2025-03-11 23:09:59.000,IX.D.NASDAQ.CASH.IP,M5,19428.5,19426.5,19437.6,19435.6,19427.4,19425.4,19430,19428,212
IG,2025-03-11 23:09:59.000,2025-03-11 23:14:59.000,IX.D.NASDAQ.CASH.IP,M5,19430.1,19428.1,19436.6,19434.6,19420.5,19418.5,19430.9,19428.9,361
IG,2025-03-11 23:14:59.000,2025-03-11 23:19:59.000,IX.D.NASDAQ.CASH.IP,M5,19430.8,19428.8,19431.5,19429.5,19402.6,19400.6,19416.6,19414.6,598
IG,2025-03-11 23:19:59.000,2025-03-11 23:24:59.000,IX.D.NASDAQ.CASH.IP,M5,19416.8,19414.8,19428.5,19426.5,19411.1,19409.1,19412.5,19410.5,428
IG,2025-03-11 23:24:59.000,2025-03-11 23:29:59.000,IX.D.NASDAQ.CASH.IP,M5,19411.6,19409.6,19413.9,19411.9,19400,19398,19413.8,19411.8,474
IG,2025-03-11 23:29:59.000,2025-03-11 23:34:59.000,IX.D.NASDAQ.CASH.IP,M5,19413.6,19411.6,19414.3,19412.3,19391,19389,19403.9,19401.9,425
IG,2025-03-11 23:34:59.000,2025-03-11 23:40:00.000,IX.D.NASDAQ.CASH.IP,M5,19403.8,19401.8,19411.3,19409.3,19401.4,19399.4,19409.1,19407.1,333
IG,2025-03-11 23:40:00.000,2025-03-11 23:44:59.000,IX.D.NASDAQ.CASH.IP,M5,19409,19407,19417.8,19415.8,19400.4,19398.4,19415,19413,348
IG,2025-03-11 23:45:00.000,2025-03-11 23:49:57.000,IX.D.NASDAQ.CASH.IP,M5,19414.9,19412.9,19422.4,19420.4,19412.1,19410.1,19415.5,19413.5,288
IG,2025-03-11 23:49:59.000,2025-03-11 23:54:59.000,IX.D.NASDAQ.CASH.IP,M5,19415.6,19413.6,19444.5,19442.5,19415.5,19413.5,19440.4,19438.4,570
IG,2025-03-11 23:54:59.000,2025-03-11 23:59:59.000,IX.D.NASDAQ.CASH.IP,M5,19441,19439,19444.6,19442.6,19436.4,19434.4,19444.6,19442.6,416
IG,2025-03-11 23:59:59.000,2025-03-12 00:04:58.000,IX.D.NASDAQ.CASH.IP,M5,19444.8,19442.8,19453.1,19451.1,19433.1,19431.1,19438.9,19436.9,861
IG,2025-03-12 00:04:59.000,2025-03-12 00:10:00.000,IX.D.NASDAQ.CASH.IP,M5,19439,19437,19446.1,19444.1,19423.9,19421.9,19436.5,19434.5,497
IG,2025-03-12 00:10:00.000,2025-03-12 00:15:00.000,IX.D.NASDAQ.CASH.IP,M5,19436.6,19434.6,19455.6,19453.6,19433,19431,19444.9,19442.9,355
IG,2025-03-12 00:15:00.000,2025-03-12 00:19:59.000,IX.D.NASDAQ.CASH.IP,M5,19444.5,19442.5,19450.5,19448.5,19433.4,19431.4,19439.1,19437.1,561
IG,2025-03-12 00:19:59.000,2025-03-12 00:25:00.000,IX.D.NASDAQ.CASH.IP,M5,19439.3,19437.3,19465.5,19463.5,19433,19431,19464.9,19462.9,611
IG,2025-03-12 00:25:00.000,2025-03-12 00:30:00.000,IX.D.NASDAQ.CASH.IP,M5,19464.8,19462.8,19466.4,19464.4,19454.1,19452.1,19454.5,19452.5,394
IG,2025-03-12 00:30:00.000,2025-03-12 00:34:59.000,IX.D.NASDAQ.CASH.IP,M5,19454.6,19452.6,19461.1,19459.1,19445.8,19443.8,19446.5,19444.5,564
IG,2025-03-12 00:34:59.000,2025-03-12 00:39:59.000,IX.D.NASDAQ.CASH.IP,M5,19446.4,19444.4,19447,19445,19418.5,19416.5,19420.8,19418.8,702
IG,2025-03-12 00:39:59.000,2025-03-12 00:44:59.000,IX.D.NASDAQ.CASH.IP,M5,19420.6,19418.6,19421.6,19419.6,19408.5,19406.5,19417.6,19415.6,732
IG,2025-03-12 00:44:59.000,2025-03-12 00:49:59.000,IX.D.NASDAQ.CASH.IP,M5,19417.8,19415.8,19423.6,19421.6,19410.4,19408.4,19415.1,19413.1,495
IG,2025-03-12 00:49:59.000,2025-03-12 00:54:59.000,IX.D.NASDAQ.CASH.IP,M5,19415.3,19413.3,19423.9,19421.9,19414,19412,19423.1,19421.1,308
IG,2025-03-12 00:54:59.000,2025-03-12 01:00:00.000,IX.D.NASDAQ.CASH.IP,M5,19423,19421,19434,19432,19421.8,19419.8,19433.8,19431.8,360
IG,2025-03-12 01:00:00.000,2025-03-12 01:04:59.000,IX.D.NASDAQ.CASH.IP,M5,19433.9,19431.9,19445.4,19443.4,19429.3,19427.3,19440.5,19438.5,435
IG,2025-03-12 01:04:59.000,2025-03-12 01:10:00.000,IX.D.NASDAQ.CASH.IP,M5,19440.4,19438.4,19441.4,19439.4,19421,19419,19426.1,19424.1,771
IG,2025-03-12 01:10:00.000,2025-03-12 01:14:58.000,IX.D.NASDAQ.CASH.IP,M5,19426,19424,19430.8,19428.8,19421.9,19419.9,19424.5,19422.5,176
IG,2025-03-12 01:14:59.000,2025-03-12 01:20:00.000,IX.D.NASDAQ.CASH.IP,M5,19424.4,19422.4,19433.6,19431.6,19419,19417,19423.5,19421.5,356
IG,2025-03-12 01:20:00.000,2025-03-12 01:25:01.000,IX.D.NASDAQ.CASH.IP,M5,19423.6,19421.6,19434.3,19432.3,19419.4,19417.4,19432.9,19430.9,350
IG,2025-03-12 01:25:02.000,2025-03-12 01:30:00.000,IX.D.NASDAQ.CASH.IP,M5,19432.8,19430.8,19436.4,19434.4,19414.3,19412.3,19415.9,19413.9,336
IG,2025-03-12 01:30:00.000,2025-03-12 01:34:59.000,IX.D.NASDAQ.CASH.IP,M5,19415.6,19413.6,19429,19427,19410.5,19408.5,19413.6,19411.6,728
IG,2025-03-12 01:34:59.000,2025-03-12 01:40:00.000,IX.D.NASDAQ.CASH.IP,M5,19413.5,19411.5,19442.5,19440.5,19410.1,19408.1,19434.4,19432.4,467
IG,2025-03-12 01:40:00.000,2025-03-12 01:45:01.000,IX.D.NASDAQ.CASH.IP,M5,19434.3,19432.3,19444.3,19442.3,19432.3,19430.3,19437.9,19435.9,359
IG,2025-03-12 01:45:01.000,2025-03-12 01:49:59.000,IX.D.NASDAQ.CASH.IP,M5,19438,19436,19447.5,19445.5,19436.5,19434.5,19444.1,19442.1,297
IG,2025-03-12 01:50:00.000,2025-03-12 01:55:00.000,IX.D.NASDAQ.CASH.IP,M5,19443,19441,19449.1,19447.1,19440.5,19438.5,19445.4,19443.4,304
IG,2025-03-12 01:55:00.000,2025-03-12 01:59:59.000,IX.D.NASDAQ.CASH.IP,M5,19445.3,19443.3,19450,19448,19436.4,19434.4,19439.1,19437.1,292
IG,2025-03-12 01:59:59.000,2025-03-12 02:05:00.000,IX.D.NASDAQ.CASH.IP,M5,19439,19437,19443.8,19441.8,19435.4,19433.4,19438.9,19436.9,216
IG,2025-03-12 02:05:00.000,2025-03-12 02:10:00.000,IX.D.NASDAQ.CASH.IP,M5,19438.8,19436.8,19443.9,19441.9,19433.4,19431.4,19437.1,19435.1,236
IG,2025-03-12 02:10:00.000,2025-03-12 02:14:59.000,IX.D.NASDAQ.CASH.IP,M5,19437,19435,19456.9,19454.9,19436.6,19434.6,19455.9,19453.9,373
IG,2025-03-12 02:14:59.000,2025-03-12 02:20:00.000,IX.D.NASDAQ.CASH.IP,M5,19455.8,19453.8,19459.1,19457.1,19446.6,19444.6,19455.9,19453.9,324
IG,2025-03-12 02:20:01.000,2025-03-12 02:25:00.000,IX.D.NASDAQ.CASH.IP,M5,19455.8,19453.8,19455.8,19453.8,19450.8,19448.8,19451.9,19449.9,135
IG,2025-03-12 02:25:00.000,2025-03-12 02:30:01.000,IX.D.NASDAQ.CASH.IP,M5,19452,19450,19452.6,19450.6,19445.3,19443.3,19447.8,19445.8,154
IG,2025-03-12 02:30:01.000,2025-03-12 02:35:00.000,IX.D.NASDAQ.CASH.IP,M5,19448,19446,19450.8,19448.8,19439.9,19437.9,19440.1,19438.1,170
IG,2025-03-12 02:35:00.000,2025-03-12 02:40:00.000,IX.D.NASDAQ.CASH.IP,M5,19440,19438,19444.5,19442.5,19429.8,19427.8,19432.1,19430.1,283
IG,2025-03-12 02:40:00.000,2025-03-12 02:45:00.000,IX.D.NASDAQ.CASH.IP,M5,19432.3,19430.3,19432.8,19430.8,19423.9,19421.9,19432.6,19430.6,386
IG,2025-03-12 02:45:00.000,2025-03-12 02:49:57.000,IX.D.NASDAQ.CASH.IP,M5,19432.8,19430.8,19436,19434,19428.5,19426.5,19432.3,19430.3,330
IG,2025-03-12 02:49:59.000,2025-03-12 02:54:59.000,IX.D.NASDAQ.CASH.IP,M5,19432.1,19430.1,19433.1,19431.1,19422.9,19420.9,19423.5,19421.5,310
IG,2025-03-12 02:54:59.000,2025-03-12 03:00:00.000,IX.D.NASDAQ.CASH.IP,M5,19423.4,19421.4,19423.4,19421.4,19416.4,19414.4,19422,19420,266
IG,2025-03-12 03:00:00.000,2025-03-12 03:04:59.000,IX.D.NASDAQ.CASH.IP,M5,19422.1,19420.1,19435.6,19433.6,19422.1,19420.1,19432.4,19430.4,198
IG,2025-03-12 03:04:59.000,2025-03-12 03:09:59.000,IX.D.NASDAQ.CASH.IP,M5,19432.1,19430.1,19435.1,19433.1,19428.3,19426.3,19433.6,19431.6,126
IG,2025-03-12 03:09:59.000,2025-03-12 03:14:59.000,IX.D.NASDAQ.CASH.IP,M5,19433.9,19431.9,19435.8,19433.8,19423.4,19421.4,19429,19427,267
IG,2025-03-12 03:14:59.000,2025-03-12 03:20:00.000,IX.D.NASDAQ.CASH.IP,M5,19429.1,19427.1,19430.4,19428.4,19413.9,19411.9,19415,19413,272
IG,2025-03-12 03:20:00.000,2025-03-12 03:24:59.000,IX.D.NASDAQ.CASH.IP,M5,19415.1,19413.1,19417,19415,19402.6,19400.6,19407.5,19405.5,415
IG,2025-03-12 03:24:59.000,2025-03-12 03:30:01.000,IX.D.NASDAQ.CASH.IP,M5,19407.6,19405.6,19421.6,19419.6,19404.8,19402.8,19418.6,19416.6,430
IG,2025-03-12 03:30:01.000,2025-03-12 03:34:59.000,IX.D.NASDAQ.CASH.IP,M5,19419,19417,19421,19419,19404,19402,19411.1,19409.1,299
IG,2025-03-12 03:34:59.000,2025-03-12 03:39:59.000,IX.D.NASDAQ.CASH.IP,M5,19411,19409,19425.5,19423.5,19409.6,19407.6,19424.9,19422.9,172
IG,2025-03-12 03:40:00.000,2025-03-12 03:45:00.000,IX.D.NASDAQ.CASH.IP,M5,19425.5,19423.5,19427.1,19425.1,19421.8,19419.8,19424,19422,144
IG,2025-03-12 03:45:00.000,2025-03-12 03:49:58.000,IX.D.NASDAQ.CASH.IP,M5,19424.1,19422.1,19428.1,19426.1,19423.3,19421.3,19427.4,19425.4,138
IG,2025-03-12 03:49:59.000,2025-03-12 03:54:55.000,IX.D.NASDAQ.CASH.IP,M5,19427.6,19425.6,19428,19426,19423.3,19421.3,19427.4,19425.4,78
IG,2025-03-12 03:54:59.000,2025-03-12 04:00:00.000,IX.D.NASDAQ.CASH.IP,M5,19427.3,19425.3,19427.3,19425.3,19414.4,19412.4,19416.5,19414.5,174
IG,2025-03-12 04:00:00.000,2025-03-12 04:05:00.000,IX.D.NASDAQ.CASH.IP,M5,19416.3,19414.3,19422.6,19420.6,19411.5,19409.5,19413.8,19411.8,262
IG,2025-03-12 04:05:00.000,2025-03-12 04:09:59.000,IX.D.NASDAQ.CASH.IP,M5,19413.6,19411.6,19415.1,19413.1,19404.5,19402.5,19408.5,19406.5,319
IG,2025-03-12 04:09:59.000,2025-03-12 04:14:59.000,IX.D.NASDAQ.CASH.IP,M5,19408.4,19406.4,19420.5,19418.5,19407,19405,19420.3,19418.3,232
IG,2025-03-12 04:15:00.000,2025-03-12 04:19:59.000,IX.D.NASDAQ.CASH.IP,M5,19420.1,19418.1,19432.5,19430.5,19417.4,19415.4,19431.5,19429.5,385
IG,2025-03-12 04:19:59.000,2025-03-12 04:24:59.000,IX.D.NASDAQ.CASH.IP,M5,19431.4,19429.4,19437.5,19435.5,19430.4,19428.4,19435.5,19433.5,239
IG,2025-03-12 04:24:59.000,2025-03-12 04:29:59.000,IX.D.NASDAQ.CASH.IP,M5,19435.4,19433.4,19440,19438,19432.6,19430.6,19435.3,19433.3,170
IG,2025-03-12 04:29:59.000,2025-03-12 04:34:59.000,IX.D.NASDAQ.CASH.IP,M5,19435.1,19433.1,19437.4,19435.4,19427.4,19425.4,19437.4,19435.4,189
IG,2025-03-12 04:34:59.000,2025-03-12 04:40:00.000,IX.D.NASDAQ.CASH.IP,M5,19437.3,19435.3,19438.8,19436.8,19427.6,19425.6,19432.4,19430.4,150
IG,2025-03-12 04:40:00.000,2025-03-12 04:44:57.000,IX.D.NASDAQ.CASH.IP,M5,19432.5,19430.5,19432.8,19430.8,19423.8,19421.8,19427,19425,182
IG,2025-03-12 04:44:59.000,2025-03-12 04:49:57.000,IX.D.NASDAQ.CASH.IP,M5,19427.1,19425.1,19428,19426,19422.4,19420.4,19425.1,19423.1,171
IG,2025-03-12 04:49:59.000,2025-03-12 04:54:59.000,IX.D.NASDAQ.CASH.IP,M5,19425,19423,19428.4,19426.4,19422.3,19420.3,19423.3,19421.3,139
IG,2025-03-12 04:54:59.000,2025-03-12 04:59:59.000,IX.D.NASDAQ.CASH.IP,M5,19423.4,19421.4,19428.8,19426.8,19416.5,19414.5,19419.5,19417.5,204
IG,2025-03-12 04:59:59.000,2025-03-12 05:04:59.000,IX.D.NASDAQ.CASH.IP,M5,19420.5,19418.5,19426.7,19424.7,19417.6,19415.6,19421.7,19419.7,187
IG,2025-03-12 05:04:59.000,2025-03-12 05:09:59.000,IX.D.NASDAQ.CASH.IP,M5,19421.6,19419.6,19422.9,19420.9,19414,19412,19419.1,19417.1,179
IG,2025-03-12 05:09:59.000,2025-03-12 05:15:01.000,IX.D.NASDAQ.CASH.IP,M5,19419.2,19417.2,19426.1,19424.1,19419.1,19417.1,19423.2,19421.2,102
IG,2025-03-12 05:15:01.000,2025-03-12 05:19:59.000,IX.D.NASDAQ.CASH.IP,M5,19423.4,19421.4,19423.7,19421.7,19414.5,19412.5,19420,19418,137
IG,2025-03-12 05:19:59.000,2025-03-12 05:24:57.000,IX.D.NASDAQ.CASH.IP,M5,19420.1,19418.1,19423.1,19421.1,19417,19415,19422,19420,73
IG,2025-03-12 05:24:59.000,2025-03-12 05:30:00.000,IX.D.NASDAQ.CASH.IP,M5,19421.9,19419.9,19425.7,19423.7,19413.5,19411.5,19422.6,19420.6,215
IG,2025-03-12 05:30:00.000,2025-03-12 05:34:59.000,IX.D.NASDAQ.CASH.IP,M5,19425.6,19423.6,19434.6,19432.6,19425.2,19423.2,19433.5,19431.5,231
IG,2025-03-12 05:35:00.000,2025-03-12 05:40:00.000,IX.D.NASDAQ.CASH.IP,M5,19433.6,19431.6,19439.1,19437.1,19430.1,19428.1,19439.1,19437.1,165
IG,2025-03-12 05:40:00.000,2025-03-12 05:45:00.000,IX.D.NASDAQ.CASH.IP,M5,19438.6,19436.6,19441.4,19439.4,19434.9,19432.9,19439.9,19437.9,158
IG,2025-03-12 05:45:00.000,2025-03-12 05:50:00.000,IX.D.NASDAQ.CASH.IP,M5,19439.7,19437.7,19440.9,19438.9,19435.1,19433.1,19438.4,19436.4,95
IG,2025-03-12 05:50:00.000,2025-03-12 05:55:00.000,IX.D.NASDAQ.CASH.IP,M5,19438.5,19436.5,19444.4,19442.4,19437.5,19435.5,19440.9,19438.9,168
IG,2025-03-12 05:55:00.000,2025-03-12 06:00:00.000,IX.D.NASDAQ.CASH.IP,M5,19441,19439,19449.5,19447.5,19441,19439,19446.4,19444.4,195
IG,2025-03-12 06:00:00.000,2025-03-12 06:05:00.000,IX.D.NASDAQ.CASH.IP,M5,19446.2,19444.2,19446.6,19444.6,19432.6,19430.6,19434.9,19432.9,219
IG,2025-03-12 06:05:00.000,2025-03-12 06:10:00.000,IX.D.NASDAQ.CASH.IP,M5,19434.7,19432.7,19437.4,19435.4,19431,19429,19435.6,19433.6,116
IG,2025-03-12 06:10:00.000,2025-03-12 06:15:00.000,IX.D.NASDAQ.CASH.IP,M5,19435.5,19433.5,19435.5,19433.5,19423.4,19421.4,19424.9,19422.9,220
IG,2025-03-12 06:15:00.000,2025-03-12 06:20:00.000,IX.D.NASDAQ.CASH.IP,M5,19424.7,19422.7,19428.1,19426.1,19422.7,19420.7,19426.9,19424.9,110
IG,2025-03-12 06:20:00.000,2025-03-12 06:25:00.000,IX.D.NASDAQ.CASH.IP,M5,19426.5,19424.5,19429.2,19427.2,19415.9,19413.9,19423.1,19421.1,252
IG,2025-03-12 06:25:00.000,2025-03-12 06:30:00.000,IX.D.NASDAQ.CASH.IP,M5,19423.2,19421.2,19429.7,19427.7,19418.4,19416.4,19420.2,19418.2,256
IG,2025-03-12 06:30:00.000,2025-03-12 06:35:00.000,IX.D.NASDAQ.CASH.IP,M5,19420.4,19418.4,19427.9,19425.9,19414.7,19412.7,19418.9,19416.9,253
IG,2025-03-12 06:35:00.000,2025-03-12 06:40:00.000,IX.D.NASDAQ.CASH.IP,M5,19419,19417,19431.9,19429.9,19419,19417,19426.6,19424.6,153
IG,2025-03-12 06:40:00.000,2025-03-12 06:45:00.000,IX.D.NASDAQ.CASH.IP,M5,19426.7,19424.7,19429.1,19427.1,19420.7,19418.7,19422.6,19420.6,131
IG,2025-03-12 06:45:00.000,2025-03-12 06:50:00.000,IX.D.NASDAQ.CASH.IP,M5,19422.7,19420.7,19425.4,19423.4,19392.4,19390.4,19392.5,19390.5,500
IG,2025-03-12 06:50:00.000,2025-03-12 06:55:00.000,IX.D.NASDAQ.CASH.IP,M5,19392.6,19390.6,19394.4,19392.4,19370.9,19368.9,19372,19370,823
IG,2025-03-12 06:55:00.000,2025-03-12 07:00:00.000,IX.D.NASDAQ.CASH.IP,M5,19372.2,19370.2,19383.5,19381.5,19363.2,19361.2,19378.9,19376.9,715
IG,2025-03-12 07:00:00.000,2025-03-12 07:05:00.000,IX.D.NASDAQ.CASH.IP,M5,19378.7,19376.7,19394.1,19392.1,19364,19362,19391,19389,833
IG,2025-03-12 07:05:00.000,2025-03-12 07:10:00.000,IX.D.NASDAQ.CASH.IP,M5,19390.9,19388.9,19397.5,19395.5,19362.2,19360.2,19367.9,19365.9,841
IG,2025-03-12 07:10:00.000,2025-03-12 07:15:00.000,IX.D.NASDAQ.CASH.IP,M5,19370.9,19368.9,19381.7,19379.7,19354.5,19352.5,19359.5,19357.5,1047
IG,2025-03-12 07:15:00.000,2025-03-12 07:20:00.000,IX.D.NASDAQ.CASH.IP,M5,19359.6,19357.6,19376.7,19374.7,19357.1,19355.1,19375.9,19373.9,628
IG,2025-03-12 07:20:00.000,2025-03-12 07:25:00.000,IX.D.NASDAQ.CASH.IP,M5,19376,19374,19381.6,19379.6,19352.7,19350.7,19377.2,19375.2,731
IG,2025-03-12 07:25:00.000,2025-03-12 07:30:00.000,IX.D.NASDAQ.CASH.IP,M5,19377.4,19375.4,19391.9,19389.9,19377.2,19375.2,19381.9,19379.9,405
IG,2025-03-12 07:30:00.000,2025-03-12 07:35:00.000,IX.D.NASDAQ.CASH.IP,M5,19381.7,19379.7,19395.7,19393.7,19379.1,19377.1,19389.6,19387.6,586
IG,2025-03-12 07:35:00.000,2025-03-12 07:40:00.000,IX.D.NASDAQ.CASH.IP,M5,19389.5,19387.5,19390.1,19388.1,19365.4,19363.4,19387.2,19385.2,635
IG,2025-03-12 07:40:00.000,2025-03-12 07:45:00.000,IX.D.NASDAQ.CASH.IP,M5,19387.1,19385.1,19416.7,19414.7,19386.1,19384.1,19412.5,19410.5,1048
IG,2025-03-12 07:45:00.000,2025-03-12 07:50:00.000,IX.D.NASDAQ.CASH.IP,M5,19412.6,19410.6,19425.2,19423.2,19411.5,19409.5,19419.4,19417.4,538
IG,2025-03-12 07:50:00.000,2025-03-12 07:55:00.000,IX.D.NASDAQ.CASH.IP,M5,19419.5,19417.5,19447.7,19445.7,19417.6,19415.6,19438.7,19436.7,1131
IG,2025-03-12 07:56:28.000,2025-03-12 08:04:59.000,IX.D.NASDAQ.CASH.IP,M5,19439.2,19437.2,19470.1,19468.1,19434.6,19432.6,19446.6,19444.6,2581
IG,2025-03-12 08:04:59.000,2025-03-12 08:09:59.000,IX.D.NASDAQ.CASH.IP,M5,19446.5,19444.5,19447.7,19445.7,19431.1,19429.1,19439,19437,882
IG,2025-03-12 08:09:59.000,2025-03-12 08:14:59.000,IX.D.NASDAQ.CASH.IP,M5,19439.1,19437.1,19446.5,19444.5,19418,19416,19430.4,19428.4,1330
IG,2025-03-12 08:14:59.000,2025-03-12 08:19:59.000,IX.D.NASDAQ.CASH.IP,M5,19430.2,19428.2,19440.6,19438.6,19414.6,19412.6,19429,19427,1189
IG,2025-03-12 08:19:59.000,2025-03-12 08:24:59.000,IX.D.NASDAQ.CASH.IP,M5,19428.9,19426.9,19432.4,19430.4,19412.7,19410.7,19418.7,19416.7,774
IG,2025-03-12 08:24:59.000,2025-03-12 08:29:59.000,IX.D.NASDAQ.CASH.IP,M5,19418.9,19416.9,19423.2,19421.2,19407.6,19405.6,19419.9,19417.9,747
IG,2025-03-12 08:29:59.000,2025-03-12 08:34:59.000,IX.D.NASDAQ.CASH.IP,M5,19420,19418,19441.2,19439.2,19418.6,19416.6,19434.4,19432.4,834
IG,2025-03-12 08:34:59.000,2025-03-12 08:39:59.000,IX.D.NASDAQ.CASH.IP,M5,19434.2,19432.2,19466.6,19464.6,19427,19425,19464.5,19462.5,864
IG,2025-03-12 08:39:59.000,2025-03-12 08:44:59.000,IX.D.NASDAQ.CASH.IP,M5,19464.6,19462.6,19485.9,19483.9,19463,19461,19481.5,19479.5,1170
IG,2025-03-12 08:44:59.000,2025-03-12 08:49:59.000,IX.D.NASDAQ.CASH.IP,M5,19481.6,19479.6,19505.5,19503.5,19474.9,19472.9,19505.4,19503.4,1114
IG,2025-03-12 08:49:59.000,2025-03-12 08:54:59.000,IX.D.NASDAQ.CASH.IP,M5,19505.2,19503.2,19508.1,19506.1,19491.6,19489.6,19505.7,19503.7,772
IG,2025-03-12 08:54:59.000,2025-03-12 08:59:59.000,IX.D.NASDAQ.CASH.IP,M5,19506.2,19504.2,19521.5,19519.5,19500.1,19498.1,19512.6,19510.6,1104
IG,2025-03-12 08:59:59.000,2025-03-12 09:04:59.000,IX.D.NASDAQ.CASH.IP,M5,19514,19512,19525,19523,19507,19505,19511.4,19509.4,903
IG,2025-03-12 09:04:59.000,2025-03-12 09:09:59.000,IX.D.NASDAQ.CASH.IP,M5,19511.6,19509.6,19514.5,19512.5,19498,19496,19510.2,19508.2,781
IG,2025-03-12 09:09:59.000,2025-03-12 09:14:59.000,IX.D.NASDAQ.CASH.IP,M5,19511,19509,19513,19511,19495.7,19493.7,19500.9,19498.9,625
IG,2025-03-12 09:14:59.000,2025-03-12 09:19:59.000,IX.D.NASDAQ.CASH.IP,M5,19501,19499,19506,19504,19493.6,19491.6,19498.4,19496.4,623
IG,2025-03-12 09:19:59.000,2025-03-12 09:24:59.000,IX.D.NASDAQ.CASH.IP,M5,19498.5,19496.5,19510.9,19508.9,19496.2,19494.2,19507.6,19505.6,456
IG,2025-03-12 09:24:59.000,2025-03-12 09:30:01.000,IX.D.NASDAQ.CASH.IP,M5,19507.5,19505.5,19511.1,19509.1,19494.1,19492.1,19506.7,19504.7,387
IG,2025-03-12 09:30:01.000,2025-03-12 09:34:59.000,IX.D.NASDAQ.CASH.IP,M5,19507.2,19505.2,19529.6,19527.6,19505.9,19503.9,19518.5,19516.5,857
IG,2025-03-12 09:34:59.000,2025-03-12 09:39:58.000,IX.D.NASDAQ.CASH.IP,M5,19518.6,19516.6,19521.9,19519.9,19506.5,19504.5,19518.1,19516.1,762
IG,2025-03-12 09:39:59.000,2025-03-12 09:44:59.000,IX.D.NASDAQ.CASH.IP,M5,19518,19516,19524.4,19522.4,19493.9,19491.9,19494.1,19492.1,672
IG,2025-03-12 09:44:59.000,2025-03-12 09:49:59.000,IX.D.NASDAQ.CASH.IP,M5,19494,19492,19507,19505,19489.9,19487.9,19505.9,19503.9,550
IG,2025-03-12 09:49:59.000,2025-03-12 09:54:59.000,IX.D.NASDAQ.CASH.IP,M5,19506.5,19504.5,19524,19522,19505.5,19503.5,19520.7,19518.7,655
IG,2025-03-12 09:54:59.000,2025-03-12 09:59:59.000,IX.D.NASDAQ.CASH.IP,M5,19520.6,19518.6,19528.6,19526.6,19516.1,19514.1,19525.9,19523.9,653
IG,2025-03-12 09:59:59.000,2025-03-12 10:04:59.000,IX.D.NASDAQ.CASH.IP,M5,19526,19524,19532.7,19530.7,19516.4,19514.4,19516.6,19514.6,765
IG,2025-03-12 10:04:59.000,2025-03-12 10:09:59.000,IX.D.NASDAQ.CASH.IP,M5,19516.5,19514.5,19517.5,19515.5,19497.5,19495.5,19502.1,19500.1,708
IG,2025-03-12 10:09:59.000,2025-03-12 10:14:59.000,IX.D.NASDAQ.CASH.IP,M5,19502.2,19500.2,19508,19506,19495.1,19493.1,19501.4,19499.4,664
IG,2025-03-12 10:14:59.000,2025-03-12 10:19:59.000,IX.D.NASDAQ.CASH.IP,M5,19501.2,19499.2,19503.9,19501.9,19490.5,19488.5,19500,19498,502
IG,2025-03-12 10:19:59.000,2025-03-12 10:24:59.000,IX.D.NASDAQ.CASH.IP,M5,19500.1,19498.1,19504.5,19502.5,19493.7,19491.7,19496.6,19494.6,567
IG,2025-03-12 10:24:59.000,2025-03-12 10:29:55.000,IX.D.NASDAQ.CASH.IP,M5,19496.7,19494.7,19499.5,19497.5,19491.1,19489.1,19495.4,19493.4,343
IG,2025-03-12 10:29:59.000,2025-03-12 10:34:59.000,IX.D.NASDAQ.CASH.IP,M5,19495.5,19493.5,19505.6,19503.6,19491.9,19489.9,19497.6,19495.6,630
IG,2025-03-12 10:34:59.000,2025-03-12 10:39:57.000,IX.D.NASDAQ.CASH.IP,M5,19497.4,19495.4,19519.4,19517.4,19490.5,19488.5,19516.9,19514.9,528
IG,2025-03-12 10:39:59.000,2025-03-12 10:44:58.000,IX.D.NASDAQ.CASH.IP,M5,19517,19515,19518.2,19516.2,19507.7,19505.7,19510.5,19508.5,353
IG,2025-03-12 10:44:59.000,2025-03-12 10:49:59.000,IX.D.NASDAQ.CASH.IP,M5,19510.4,19508.4,19518.1,19516.1,19509.2,19507.2,19515.9,19513.9,249
IG,2025-03-12 10:49:59.000,2025-03-12 10:54:59.000,IX.D.NASDAQ.CASH.IP,M5,19516,19514,19526.9,19524.9,19515.2,19513.2,19524.5,19522.5,571
IG,2025-03-12 10:54:59.000,2025-03-12 10:59:59.000,IX.D.NASDAQ.CASH.IP,M5,19524.4,19522.4,19525.6,19523.6,19509.2,19507.2,19516.7,19514.7,597
IG,2025-03-12 10:59:59.000,2025-03-12 11:04:59.000,IX.D.NASDAQ.CASH.IP,M5,19516.5,19514.5,19543.6,19541.6,19512.7,19510.7,19537.5,19535.5,1325
IG,2025-03-12 11:04:59.000,2025-03-12 11:09:59.000,IX.D.NASDAQ.CASH.IP,M5,19537.6,19535.6,19542.6,19540.6,19532.5,19530.5,19537.5,19535.5,634
IG,2025-03-12 11:09:59.000,2025-03-12 11:14:59.000,IX.D.NASDAQ.CASH.IP,M5,19537.6,19535.6,19548.6,19546.6,19533.7,19531.7,19540.6,19538.6,649
IG,2025-03-12 11:14:59.000,2025-03-12 11:19:59.000,IX.D.NASDAQ.CASH.IP,M5,19540.4,19538.4,19561.7,19559.7,19538.9,19536.9,19556.9,19554.9,996
IG,2025-03-12 11:19:59.000,2025-03-12 11:24:59.000,IX.D.NASDAQ.CASH.IP,M5,19557,19555,19565.7,19563.7,19548.5,19546.5,19562.6,19560.6,871
IG,2025-03-12 11:24:59.000,2025-03-12 11:29:59.000,IX.D.NASDAQ.CASH.IP,M5,19562.7,19560.7,19565.2,19563.2,19549.6,19547.6,19552.7,19550.7,660
IG,2025-03-12 11:29:59.000,2025-03-12 11:34:59.000,IX.D.NASDAQ.CASH.IP,M5,19552.9,19550.9,19573.9,19571.9,19544.7,19542.7,19573.4,19571.4,1049
IG,2025-03-12 11:34:59.000,2025-03-12 11:39:59.000,IX.D.NASDAQ.CASH.IP,M5,19573.5,19571.5,19573.5,19571.5,19558.1,19556.1,19558.1,19556.1,905
IG,2025-03-12 11:39:59.000,2025-03-12 11:44:59.000,IX.D.NASDAQ.CASH.IP,M5,19558.2,19556.2,19565.5,19563.5,19551.9,19549.9,19551.9,19549.9,842
IG,2025-03-12 11:44:59.000,2025-03-12 11:49:59.000,IX.D.NASDAQ.CASH.IP,M5,19552,19550,19559,19557,19543.2,19541.2,19547.7,19545.7,1013
IG,2025-03-12 11:49:59.000,2025-03-12 11:54:59.000,IX.D.NASDAQ.CASH.IP,M5,19547.9,19545.9,19549.1,19547.1,19538.7,19536.7,19539.7,19537.7,754
IG,2025-03-12 11:54:59.000,2025-03-12 12:00:01.000,IX.D.NASDAQ.CASH.IP,M5,19539.9,19537.9,19558.7,19556.7,19539.1,19537.1,19546.2,19544.2,1072
IG,2025-03-12 12:00:01.000,2025-03-12 12:05:00.000,IX.D.NASDAQ.CASH.IP,M5,19546.1,19544.1,19548,19546,19533.1,19531.1,19533.4,19531.4,1033
IG,2025-03-12 12:05:00.000,2025-03-12 12:09:59.000,IX.D.NASDAQ.CASH.IP,M5,19533.2,19531.2,19548,19546,19531.1,19529.1,19537.5,19535.5,1109
IG,2025-03-12 12:09:59.000,2025-03-12 12:14:59.000,IX.D.NASDAQ.CASH.IP,M5,19537.4,19535.4,19545.9,19543.9,19534,19532,19543.1,19541.1,667
IG,2025-03-12 12:14:59.000,2025-03-12 12:19:59.000,IX.D.NASDAQ.CASH.IP,M5,19543,19541,19571.7,19569.7,19540.5,19538.5,19564.2,19562.2,1329
IG,2025-03-12 12:19:59.000,2025-03-12 12:24:59.000,IX.D.NASDAQ.CASH.IP,M5,19564.4,19562.4,19565.2,19563.2,19553.1,19551.1,19561.2,19559.2,1288
IG,2025-03-12 12:24:59.000,2025-03-12 12:29:59.000,IX.D.NASDAQ.CASH.IP,M5,19561.6,19559.6,19563.7,19561.7,19546.7,19544.7,19562.7,19560.7,1460
IG,2025-03-12 12:29:59.000,2025-03-12 12:34:59.000,IX.D.NASDAQ.CASH.IP,M5,19563.4,19561.4,19753.4,19751.4,19562.4,19560.4,19663,19661,13946
IG,2025-03-12 12:34:59.000,2025-03-12 12:39:59.000,IX.D.NASDAQ.CASH.IP,M5,19662.7,19660.7,19690.1,19688.1,19627.7,19625.7,19627.7,19625.7,6679
IG,2025-03-12 12:39:59.000,2025-03-12 12:44:59.000,IX.D.NASDAQ.CASH.IP,M5,19628,19626,19654.4,19652.4,19612.6,19610.6,19621.9,19619.9,5251
IG,2025-03-12 12:44:59.000,2025-03-12 12:49:59.000,IX.D.NASDAQ.CASH.IP,M5,19621.6,19619.6,19660.9,19658.9,19609.5,19607.5,19656.2,19654.2,4176
IG,2025-03-12 12:49:59.000,2025-03-12 12:54:59.000,IX.D.NASDAQ.CASH.IP,M5,19656.5,19654.5,19689.4,19687.4,19655.4,19653.4,19682.6,19680.6,3861
IG,2025-03-12 12:54:59.000,2025-03-12 12:59:59.000,IX.D.NASDAQ.CASH.IP,M5,19682.7,19680.7,19701.4,19699.4,19666.5,19664.5,19688.2,19686.2,3046
IG,2025-03-12 12:59:59.000,2025-03-12 13:04:59.000,IX.D.NASDAQ.CASH.IP,M5,19688.4,19686.4,19695.1,19693.1,19664.7,19662.7,19687.2,19685.2,3174
IG,2025-03-12 13:04:59.000,2025-03-12 13:09:59.000,IX.D.NASDAQ.CASH.IP,M5,19687.1,19685.1,19700,19698,19668.5,19666.5,19671.1,19669.1,2619
IG,2025-03-12 13:09:59.000,2025-03-12 13:14:59.000,IX.D.NASDAQ.CASH.IP,M5,19671.2,19669.2,19675.9,19673.9,19637.6,19635.6,19644.4,19642.4,2542
IG,2025-03-12 13:14:59.000,2025-03-12 13:20:00.000,IX.D.NASDAQ.CASH.IP,M5,19644.5,19642.5,19665.6,19663.6,19631.9,19629.9,19635.6,19633.6,2929
IG,2025-03-12 13:20:00.000,2025-03-12 13:24:59.000,IX.D.NASDAQ.CASH.IP,M5,19635.5,19633.5,19649.1,19647.1,19633.6,19631.6,19644.7,19642.7,2125
IG,2025-03-12 13:24:59.000,2025-03-12 13:29:59.000,IX.D.NASDAQ.CASH.IP,M5,19642,19640,19674.5,19672.5,19641,19639,19661,19659,4300
IG,2025-03-12 13:29:59.000,2025-03-12 13:34:59.000,IX.D.NASDAQ.CASH.IP,M5,19660.5,19659.5,19738,19737,19637.1,19636.1,19702.5,19701.5,15645
IG,2025-03-12 13:34:59.000,2025-03-12 13:39:59.000,IX.D.NASDAQ.CASH.IP,M5,19701.7,19700.7,19732.9,19731.9,19667.9,19666.9,19731.5,19730.5,11179
IG,2025-03-12 13:39:59.000,2025-03-12 13:44:59.000,IX.D.NASDAQ.CASH.IP,M5,19731.9,19730.9,19740.4,19739.4,19633.6,19632.6,19651.7,19650.7,12386
IG,2025-03-12 13:44:59.000,2025-03-12 13:49:59.000,IX.D.NASDAQ.CASH.IP,M5,19651.6,19650.6,19699.7,19698.7,19602.4,19601.4,19632.2,19631.2,12603
IG,2025-03-12 13:49:59.000,2025-03-12 13:54:59.000,IX.D.NASDAQ.CASH.IP,M5,19633.1,19632.1,19692.1,19691.1,19607.4,19606.4,19607.4,19606.4,14715
IG,2025-03-12 13:54:59.000,2025-03-12 13:59:59.000,IX.D.NASDAQ.CASH.IP,M5,19608,19607,19621,19620,19555.6,19554.6,19609.9,19608.9,12328
IG,2025-03-12 13:59:59.000,2025-03-12 14:04:59.000,IX.D.NASDAQ.CASH.IP,M5,19609.4,19608.4,19633.7,19632.7,19546.5,19545.5,19623.6,19622.6,11991
IG,2025-03-12 14:04:59.000,2025-03-12 14:09:59.000,IX.D.NASDAQ.CASH.IP,M5,19623.5,19622.5,19676.2,19675.2,19620.5,19619.5,19672.1,19671.1,9589
IG,2025-03-12 14:09:59.000,2025-03-12 14:14:59.000,IX.D.NASDAQ.CASH.IP,M5,19672.4,19671.4,19690.1,19689.1,19597,19596,19608.1,19607.1,9140
IG,2025-03-12 14:14:59.000,2025-03-12 14:19:59.000,IX.D.NASDAQ.CASH.IP,M5,19607.6,19606.6,19607.9,19606.9,19553.4,19552.4,19598,19597,9314
IG,2025-03-12 14:19:59.000,2025-03-12 14:24:59.000,IX.D.NASDAQ.CASH.IP,M5,19598.2,19597.2,19627.1,19626.1,19553.6,19552.6,19579.4,19578.4,8403
IG,2025-03-12 14:24:59.000,2025-03-12 14:29:59.000,IX.D.NASDAQ.CASH.IP,M5,19579.5,19578.5,19627,19626,19570.5,19569.5,19595.9,19594.9,6149
IG,2025-03-12 14:29:59.000,2025-03-12 14:34:59.000,IX.D.NASDAQ.CASH.IP,M5,19596.7,19595.7,19609.6,19608.6,19506.7,19505.7,19516.9,19515.9,9640
IG,2025-03-12 14:34:59.000,2025-03-12 14:39:59.000,IX.D.NASDAQ.CASH.IP,M5,19517.1,19516.1,19540.2,19539.2,19496.4,19495.4,19504.5,19503.5,7193
IG,2025-03-12 14:39:59.000,2025-03-12 14:44:59.000,IX.D.NASDAQ.CASH.IP,M5,19504.4,19503.4,19517.2,19516.2,19467.1,19466.1,19487.1,19486.1,10120
IG,2025-03-12 14:44:59.000,2025-03-12 14:49:59.000,IX.D.NASDAQ.CASH.IP,M5,19487.5,19486.5,19508.6,19507.6,19470.5,19469.5,19483.4,19482.4,7056
IG,2025-03-12 14:49:59.000,2025-03-12 14:54:59.000,IX.D.NASDAQ.CASH.IP,M5,19483,19482,19534.6,19533.6,19467.2,19466.2,19527.4,19526.4,8241
IG,2025-03-12 14:54:59.000,2025-03-12 14:59:59.000,IX.D.NASDAQ.CASH.IP,M5,19527,19526,19528.5,19527.5,19437.1,19436.1,19440.6,19439.6,8755
IG,2025-03-12 14:59:59.000,2025-03-12 15:04:59.000,IX.D.NASDAQ.CASH.IP,M5,19440.5,19439.5,19453.9,19452.9,19394.7,19393.7,19406.7,19405.7,10084
IG,2025-03-12 15:04:59.000,2025-03-12 15:09:59.000,IX.D.NASDAQ.CASH.IP,M5,19406.6,19405.6,19416.9,19415.9,19361.1,19360.1,19394.1,19393.1,9661
IG,2025-03-12 15:09:59.000,2025-03-12 15:14:59.000,IX.D.NASDAQ.CASH.IP,M5,19395,19394,19418.4,19417.4,19379.2,19378.2,19401.6,19400.6,6645
IG,2025-03-12 15:14:59.000,2025-03-12 15:19:59.000,IX.D.NASDAQ.CASH.IP,M5,19401.9,19400.9,19459.4,19458.4,19379.5,19378.5,19444.7,19443.7,7547
IG,2025-03-12 15:19:59.000,2025-03-12 15:24:59.000,IX.D.NASDAQ.CASH.IP,M5,19444.4,19443.4,19487.1,19486.1,19417.5,19416.5,19468.4,19467.4,7470
IG,2025-03-12 15:24:59.000,2025-03-12 15:29:59.000,IX.D.NASDAQ.CASH.IP,M5,19469.2,19468.2,19508.7,19507.7,19461.1,19460.1,19489.4,19488.4,7060
IG,2025-03-12 15:29:59.000,2025-03-12 15:34:59.000,IX.D.NASDAQ.CASH.IP,M5,19491,19490,19525.4,19524.4,19475.6,19474.6,19494.9,19493.9,6274
IG,2025-03-12 15:34:59.000,2025-03-12 15:39:59.000,IX.D.NASDAQ.CASH.IP,M5,19495.1,19494.1,19551,19550,19494.9,19493.9,19536.6,19535.6,6239
IG,2025-03-12 15:39:59.000,2025-03-12 15:44:59.000,IX.D.NASDAQ.CASH.IP,M5,19536.7,19535.7,19556.6,19555.6,19521.7,19520.7,19542.9,19541.9,4905
IG,2025-03-12 15:44:59.000,2025-03-12 15:49:59.000,IX.D.NASDAQ.CASH.IP,M5,19543.5,19542.5,19580.2,19579.2,19528.2,19527.2,19574.6,19573.6,7055
IG,2025-03-12 15:49:59.000,2025-03-12 15:54:59.000,IX.D.NASDAQ.CASH.IP,M5,19573.5,19572.5,19594.6,19593.6,19567.4,19566.4,19588.2,19587.2,5169
IG,2025-03-12 15:54:59.000,2025-03-12 15:59:59.000,IX.D.NASDAQ.CASH.IP,M5,19588.1,19587.1,19603.4,19602.4,19537.2,19536.2,19598.4,19597.4,8100
IG,2025-03-12 15:59:59.000,2025-03-12 16:04:59.000,IX.D.NASDAQ.CASH.IP,M5,19599,19598,19599.2,19598.2,19552.9,19551.9,19573.6,19572.6,5594
IG,2025-03-12 16:04:59.000,2025-03-12 16:09:59.000,IX.D.NASDAQ.CASH.IP,M5,19574.1,19573.1,19626.5,19625.5,19567.4,19566.4,19616.1,19615.1,5434
IG,2025-03-12 16:09:59.000,2025-03-12 16:14:59.000,IX.D.NASDAQ.CASH.IP,M5,19615.6,19614.6,19655.7,19654.7,19593,19592,19649.5,19648.5,8718
IG,2025-03-12 16:14:59.000,2025-03-12 16:19:59.000,IX.D.NASDAQ.CASH.IP,M5,19649.6,19648.6,19654.5,19653.5,19619.4,19618.4,19646,19645,6056
IG,2025-03-12 16:19:59.000,2025-03-12 16:24:59.000,IX.D.NASDAQ.CASH.IP,M5,19646.1,19645.1,19667.5,19666.5,19646.1,19645.1,19658.7,19657.7,5830
IG,2025-03-12 16:24:59.000,2025-03-12 16:29:59.000,IX.D.NASDAQ.CASH.IP,M5,19658.6,19657.6,19668.2,19667.2,19624.7,19623.7,19645.4,19644.4,7091
IG,2025-03-12 16:29:59.000,2025-03-12 16:34:59.000,IX.D.NASDAQ.CASH.IP,M5,19645.1,19644.1,19677.5,19676.5,19645.1,19644.1,19676.5,19675.5,5657
IG,2025-03-12 16:34:59.000,2025-03-12 16:40:00.000,IX.D.NASDAQ.CASH.IP,M5,19676.2,19675.2,19693,19692,19654,19653,19654.1,19653.1,5377
IG,2025-03-12 16:40:00.000,2025-03-12 16:44:59.000,IX.D.NASDAQ.CASH.IP,M5,19653.9,19652.9,19654,19653,19574.9,19573.9,19585.2,19584.2,8957
IG,2025-03-12 16:44:59.000,2025-03-12 16:49:59.000,IX.D.NASDAQ.CASH.IP,M5,19585,19584,19666.5,19665.5,19578.1,19577.1,19661.5,19660.5,7491
IG,2025-03-12 16:49:59.000,2025-03-12 16:54:59.000,IX.D.NASDAQ.CASH.IP,M5,19661.6,19660.6,19680.4,19679.4,19622.1,19621.1,19653,19652,6850
IG,2025-03-12 16:54:59.000,2025-03-12 16:59:59.000,IX.D.NASDAQ.CASH.IP,M5,19653.1,19652.1,19663.1,19662.1,19589.7,19588.7,19592.2,19591.2,4396
IG,2025-03-12 16:59:59.000,2025-03-12 17:04:59.000,IX.D.NASDAQ.CASH.IP,M5,19592.4,19591.4,19609.5,19608.5,19576.6,19575.6,19597.1,19596.1,4633
IG,2025-03-12 17:04:59.000,2025-03-12 17:09:59.000,IX.D.NASDAQ.CASH.IP,M5,19597.2,19596.2,19624.4,19623.4,19568,19567,19623.2,19622.2,5956
IG,2025-03-12 17:09:59.000,2025-03-12 17:14:59.000,IX.D.NASDAQ.CASH.IP,M5,19623.4,19622.4,19639.6,19638.6,19600.5,19599.5,19638.9,19637.9,4983
IG,2025-03-12 17:14:59.000,2025-03-12 17:19:59.000,IX.D.NASDAQ.CASH.IP,M5,19638.5,19637.5,19648.1,19647.1,19610.9,19609.9,19633.2,19632.2,4256
IG,2025-03-12 17:19:59.000,2025-03-12 17:24:59.000,IX.D.NASDAQ.CASH.IP,M5,19633.1,19632.1,19666.5,19665.5,19628.7,19627.7,19660.5,19659.5,4292
IG,2025-03-12 17:24:59.000,2025-03-12 17:29:59.000,IX.D.NASDAQ.CASH.IP,M5,19660.4,19659.4,19670.4,19669.4,19638.9,19637.9,19667.1,19666.1,4113
IG,2025-03-12 17:29:59.000,2025-03-12 17:34:59.000,IX.D.NASDAQ.CASH.IP,M5,19666.9,19665.9,19685,19684,19640.2,19639.2,19653.7,19652.7,5057
IG,2025-03-12 17:34:59.000,2025-03-12 17:39:59.000,IX.D.NASDAQ.CASH.IP,M5,19654.1,19653.1,19668.9,19667.9,19635.4,19634.4,19639.2,19638.2,3644
IG,2025-03-12 17:39:59.000,2025-03-12 17:44:59.000,IX.D.NASDAQ.CASH.IP,M5,19639,19638,19654.9,19653.9,19622.1,19621.1,19624.1,19623.1,3428
IG,2025-03-12 17:44:59.000,2025-03-12 17:49:59.000,IX.D.NASDAQ.CASH.IP,M5,19624,19623,19650.1,19649.1,19606.4,19605.4,19610.6,19609.6,4389
IG,2025-03-12 17:49:59.000,2025-03-12 17:54:59.000,IX.D.NASDAQ.CASH.IP,M5,19609.9,19608.9,19615.9,19614.9,19558,19557,19566.1,19565.1,6206
IG,2025-03-12 17:54:59.000,2025-03-12 17:59:59.000,IX.D.NASDAQ.CASH.IP,M5,19566.4,19565.4,19568.1,19567.1,19501.2,19500.2,19505,19504,7871
IG,2025-03-12 17:59:59.000,2025-03-12 18:04:59.000,IX.D.NASDAQ.CASH.IP,M5,19505.1,19504.1,19572.6,19571.6,19497.4,19496.4,19542.6,19541.6,7283
IG,2025-03-12 18:04:59.000,2025-03-12 18:09:59.000,IX.D.NASDAQ.CASH.IP,M5,19542.4,19541.4,19546.2,19545.2,19511.9,19510.9,19525.5,19524.5,3747
IG,2025-03-12 18:09:59.000,2025-03-12 18:14:59.000,IX.D.NASDAQ.CASH.IP,M5,19525.1,19524.1,19574.2,19573.2,19524.9,19523.9,19568.4,19567.4,4235
IG,2025-03-12 18:14:59.000,2025-03-12 18:19:59.000,IX.D.NASDAQ.CASH.IP,M5,19569.2,19568.2,19585.2,19584.2,19559.2,19558.2,19583.1,19582.1,3981
IG,2025-03-12 18:19:59.000,2025-03-12 18:25:00.000,IX.D.NASDAQ.CASH.IP,M5,19584,19583,19598.4,19597.4,19556.6,19555.6,19576.9,19575.9,4963
IG,2025-03-12 18:25:00.000,2025-03-12 18:29:59.000,IX.D.NASDAQ.CASH.IP,M5,19576.7,19575.7,19606.2,19605.2,19568.2,19567.2,19605.9,19604.9,3658
IG,2025-03-12 18:29:59.000,2025-03-12 18:34:59.000,IX.D.NASDAQ.CASH.IP,M5,19606,19605,19618.4,19617.4,19586.7,19585.7,19615.4,19614.4,3498
IG,2025-03-12 18:34:59.000,2025-03-12 18:39:59.000,IX.D.NASDAQ.CASH.IP,M5,19615.2,19614.2,19617.4,19616.4,19591.9,19590.9,19615.4,19614.4,3513
IG,2025-03-12 18:39:59.000,2025-03-12 18:44:59.000,IX.D.NASDAQ.CASH.IP,M5,19615.1,19614.1,19644.1,19643.1,19610.7,19609.7,19641.6,19640.6,3620
IG,2025-03-12 18:44:59.000,2025-03-12 18:50:00.000,IX.D.NASDAQ.CASH.IP,M5,19642,19641,19671.7,19670.7,19636,19635,19661.2,19660.2,4471
IG,2025-03-12 18:50:00.000,2025-03-12 18:54:59.000,IX.D.NASDAQ.CASH.IP,M5,19661.4,19660.4,19663.1,19662.1,19617.7,19616.7,19632.6,19631.6,4323
IG,2025-03-12 18:54:59.000,2025-03-12 18:59:59.000,IX.D.NASDAQ.CASH.IP,M5,19632.2,19631.2,19653,19652,19603.9,19602.9,19644,19643,4842
IG,2025-03-12 18:59:59.000,2025-03-12 19:04:59.000,IX.D.NASDAQ.CASH.IP,M5,19643.2,19642.2,19643.5,19642.5,19593.9,19592.9,19616.4,19615.4,4696
IG,2025-03-12 19:04:59.000,2025-03-12 19:09:59.000,IX.D.NASDAQ.CASH.IP,M5,19616.5,19615.5,19625.6,19624.6,19595,19594,19619.1,19618.1,3867
IG,2025-03-12 19:09:59.000,2025-03-12 19:14:59.000,IX.D.NASDAQ.CASH.IP,M5,19619,19618,19626.6,19625.6,19602.7,19601.7,19611.4,19610.4,3450
IG,2025-03-12 19:14:59.000,2025-03-12 19:19:59.000,IX.D.NASDAQ.CASH.IP,M5,19611.2,19610.2,19620.7,19619.7,19575.4,19574.4,19615.4,19614.4,5734
IG,2025-03-12 19:19:59.000,2025-03-12 19:24:59.000,IX.D.NASDAQ.CASH.IP,M5,19615.5,19614.5,19622.9,19621.9,19555.5,19554.5,19579.5,19578.5,5795
IG,2025-03-12 19:24:59.000,2025-03-12 19:29:59.000,IX.D.NASDAQ.CASH.IP,M5,19579.4,19578.4,19605.7,19604.7,19578,19577,19585.1,19584.1,3968
IG,2025-03-12 19:29:59.000,2025-03-12 19:34:59.000,IX.D.NASDAQ.CASH.IP,M5,19585,19584,19611.9,19610.9,19578.4,19577.4,19585.9,19584.9,3665
IG,2025-03-12 19:34:59.000,2025-03-12 19:39:59.000,IX.D.NASDAQ.CASH.IP,M5,19586.6,19585.6,19587.1,19586.1,19542.5,19541.5,19560.4,19559.4,5712
IG,2025-03-12 19:39:59.000,2025-03-12 19:44:59.000,IX.D.NASDAQ.CASH.IP,M5,19560.5,19559.5,19566.4,19565.4,19528.6,19527.6,19559,19558,4944
IG,2025-03-12 19:44:59.000,2025-03-12 19:49:59.000,IX.D.NASDAQ.CASH.IP,M5,19558.9,19557.9,19585.1,19584.1,19551.9,19550.9,19582.7,19581.7,5182
IG,2025-03-12 19:49:59.000,2025-03-12 19:54:59.000,IX.D.NASDAQ.CASH.IP,M5,19578.5,19577.5,19594.5,19593.5,19520,19519,19586.2,19585.2,10075
IG,2025-03-12 19:54:59.000,2025-03-12 19:59:59.000,IX.D.NASDAQ.CASH.IP,M5,19586.4,19585.4,19613,19612,19571.6,19570.6,19574.6,19573.6,17476
IG,2025-03-12 19:59:59.000,2025-03-12 20:05:00.000,IX.D.NASDAQ.CASH.IP,M5,19576.1,19574.1,19576.1,19574.1,19554.5,19552.5,19558.3,19556.3,6909
IG,2025-03-12 20:05:00.000,2025-03-12 20:09:59.000,IX.D.NASDAQ.CASH.IP,M5,19559.2,19557.2,19569.8,19567.8,19528.7,19526.7,19541.4,19539.4,2545
IG,2025-03-12 20:09:59.000,2025-03-12 20:14:59.000,IX.D.NASDAQ.CASH.IP,M5,19541.3,19539.3,19552.7,19550.7,19531.8,19529.8,19536.3,19534.3,1343
IG,2025-03-12 20:14:59.000,2025-03-12 20:19:59.000,IX.D.NASDAQ.CASH.IP,M5,19536.2,19534.2,19551.8,19549.8,19534.3,19532.3,19551.5,19549.5,717
IG,2025-03-12 20:19:59.000,2025-03-12 20:24:59.000,IX.D.NASDAQ.CASH.IP,M5,19551.7,19549.7,19551.8,19549.8,19538.5,19536.5,19548.7,19546.7,614
IG,2025-03-12 20:24:59.000,2025-03-12 20:30:00.000,IX.D.NASDAQ.CASH.IP,M5,19548.5,19546.5,19551.8,19549.8,19543.4,19541.4,19551.3,19549.3,478
IG,2025-03-12 20:30:00.000,2025-03-12 20:34:56.000,IX.D.NASDAQ.CASH.IP,M5,19551.4,19549.4,19559.8,19557.8,19548.9,19546.9,19551.2,19549.2,352
IG,2025-03-12 20:35:00.000,2025-03-12 20:40:00.000,IX.D.NASDAQ.CASH.IP,M5,19551.3,19549.3,19553.5,19551.5,19542.9,19540.9,19546.3,19544.3,357
IG,2025-03-12 20:40:00.000,2025-03-12 20:44:59.000,IX.D.NASDAQ.CASH.IP,M5,19546.2,19544.2,19548.9,19546.9,19532.4,19530.4,19539.9,19537.9,457
IG,2025-03-12 20:44:59.000,2025-03-12 20:49:58.000,IX.D.NASDAQ.CASH.IP,M5,19540,19538,19542.8,19540.8,19534.9,19532.9,19541.9,19539.9,253
IG,2025-03-12 20:49:59.000,2025-03-12 20:55:00.000,IX.D.NASDAQ.CASH.IP,M5,19542,19540,19545.8,19543.8,19527.8,19525.8,19528.3,19526.3,465
IG,2025-03-12 20:55:00.000,2025-03-12 21:00:00.000,IX.D.NASDAQ.CASH.IP,M5,19528.4,19526.4,19540.4,19536.2,19528.4,19526.4,19540.4,19535.4,429
IG,2025-03-12 21:01:02.000,2025-03-12 21:04:57.000,IX.D.NASDAQ.CASH.IP,M5,19541.1,19536.1,19547.3,19542.3,19538.7,19533.7,19547.3,19542.3,0
IG,2025-03-12 21:05:02.000,2025-03-12 21:09:53.000,IX.D.NASDAQ.CASH.IP,M5,19547,19542,19549.2,19544.2,19546.3,19541.3,19546.8,19541.8,0
IG,2025-03-12 21:10:37.000,2025-03-12 21:14:47.000,IX.D.NASDAQ.CASH.IP,M5,19546.7,19541.7,19549.4,19544.4,19546.7,19541.7,19548.6,19543.6,0
IG,2025-03-12 21:15:07.000,2025-03-12 21:19:24.000,IX.D.NASDAQ.CASH.IP,M5,19547.6,19542.6,19547.7,19542.7,19544.1,19539.1,19544.1,19539.1,0
IG,2025-03-12 21:26:39.000,2025-03-12 21:34:40.000,IX.D.NASDAQ.CASH.IP,M5,19546.8,19541.8,19547.1,19542.1,19544.5,19539.5,19547,19542,0
IG,2025-03-12 21:35:15.000,2025-03-12 21:39:59.000,IX.D.NASDAQ.CASH.IP,M5,19547.1,19542.1,19548.7,19543.7,19547,19542,19548.7,19543.7,0
IG,2025-03-12 21:40:01.000,2025-03-12 21:44:54.000,IX.D.NASDAQ.CASH.IP,M5,19548.3,19543.3,19549.1,19544.1,19545.6,19540.6,19546.5,19541.5,0
IG,2025-03-12 21:45:00.000,2025-03-12 21:49:50.000,IX.D.NASDAQ.CASH.IP,M5,19550.4,19545.4,19550.6,19545.6,19546.9,19541.9,19547,19542,0
IG,2025-03-12 21:50:19.000,2025-03-12 21:54:30.000,IX.D.NASDAQ.CASH.IP,M5,19547.1,19542.1,19549,19544,19546.6,19541.6,19547.4,19542.4,0
IG,2025-03-12 21:55:43.000,2025-03-12 22:00:00.000,IX.D.NASDAQ.CASH.IP,M5,19547.5,19542.5,19549.3,19546.4,19542.7,19540.5,19548.2,19546.2,20
IG,2025-03-12 22:00:00.000,2025-03-12 22:05:00.000,IX.D.NASDAQ.CASH.IP,M5,19546.4,19544.4,19560.8,19558.8,19533.4,19531.4,19553.7,19551.7,874
IG,2025-03-12 22:05:00.000,2025-03-12 22:10:01.000,IX.D.NASDAQ.CASH.IP,M5,19553.8,19551.8,19557.2,19555.2,19545.2,19543.2,19550.2,19548.2,270
IG,2025-03-12 22:10:02.000,2025-03-12 22:15:00.000,IX.D.NASDAQ.CASH.IP,M5,19550.5,19548.5,19571.8,19569.8,19546.4,19544.4,19571.4,19569.4,553
IG,2025-03-12 22:15:00.000,2025-03-12 22:20:01.000,IX.D.NASDAQ.CASH.IP,M5,19571.5,19569.5,19588.4,19586.4,19571.4,19569.4,19586.8,19584.8,696
IG,2025-03-12 22:20:01.000,2025-03-12 22:25:00.000,IX.D.NASDAQ.CASH.IP,M5,19586.9,19584.9,19602.5,19600.5,19582.2,19580.2,19587.7,19585.7,644
IG,2025-03-12 22:25:00.000,2025-03-12 22:30:00.000,IX.D.NASDAQ.CASH.IP,M5,19587.5,19585.5,19595.4,19593.4,19585.4,19583.4,19587,19585,326
IG,2025-03-12 22:30:00.000,2025-03-12 22:35:00.000,IX.D.NASDAQ.CASH.IP,M5,19587.1,19585.1,19596.6,19594.6,19575.4,19573.4,19577.7,19575.7,381
IG,2025-03-12 22:35:00.000,2025-03-12 22:39:59.000,IX.D.NASDAQ.CASH.IP,M5,19577.9,19575.9,19593,19591,19577,19575,19585.9,19583.9,340
IG,2025-03-12 22:40:03.000,2025-03-12 22:45:00.000,IX.D.NASDAQ.CASH.IP,M5,19585.7,19583.7,19592.4,19590.4,19583.9,19581.9,19591.5,19589.5,141
IG,2025-03-12 22:45:00.000,2025-03-12 22:50:00.000,IX.D.NASDAQ.CASH.IP,M5,19591.4,19589.4,19602.6,19600.6,19575.7,19573.7,19579,19577,571
IG,2025-03-12 22:50:00.000,2025-03-12 22:54:58.000,IX.D.NASDAQ.CASH.IP,M5,19579.1,19577.1,19583.7,19581.7,19573.1,19571.1,19580.6,19578.6,241
IG,2025-03-12 22:55:00.000,2025-03-12 22:59:59.000,IX.D.NASDAQ.CASH.IP,M5,19580.5,19578.5,19596,19594,19580.4,19578.4,19595.6,19593.6,205
IG,2025-03-12 22:59:59.000,2025-03-12 23:05:00.000,IX.D.NASDAQ.CASH.IP,M5,19595.7,19593.7,19623.7,19621.7,19594.6,19592.6,19616.9,19614.9,859
IG,2025-03-12 23:05:00.000,2025-03-12 23:10:00.000,IX.D.NASDAQ.CASH.IP,M5,19615.4,19613.4,19627.2,19625.2,19615.1,19613.1,19624.2,19622.2,354
IG,2025-03-12 23:10:00.000,2025-03-12 23:15:00.000,IX.D.NASDAQ.CASH.IP,M5,19624.1,19622.1,19627.7,19625.7,19616.4,19614.4,19619.2,19617.2,230
IG,2025-03-12 23:15:00.000,2025-03-12 23:19:59.000,IX.D.NASDAQ.CASH.IP,M5,19619,19617,19619.2,19617.2,19612.2,19610.2,19614.1,19612.1,274
IG,2025-03-12 23:20:00.000,2025-03-12 23:25:00.000,IX.D.NASDAQ.CASH.IP,M5,19614,19612,19623.4,19621.4,19612.9,19610.9,19612.9,19610.9,259
IG,2025-03-12 23:25:00.000,2025-03-12 23:30:00.000,IX.D.NASDAQ.CASH.IP,M5,19612.7,19610.7,19619.9,19617.9,19607,19605,19619.9,19617.9,219
IG,2025-03-12 23:30:00.000,2025-03-12 23:35:00.000,IX.D.NASDAQ.CASH.IP,M5,19620.6,19618.6,19643.2,19641.2,19615.5,19613.5,19643.2,19641.2,694
IG,2025-03-12 23:35:00.000,2025-03-12 23:40:00.000,IX.D.NASDAQ.CASH.IP,M5,19643.4,19641.4,19644.2,19642.2,19621.4,19619.4,19625.1,19623.1,383
IG,2025-03-12 23:40:00.000,2025-03-12 23:45:00.000,IX.D.NASDAQ.CASH.IP,M5,19625.4,19623.4,19635.5,19633.5,19624,19622,19629.7,19627.7,217
IG,2025-03-12 23:45:00.000,2025-03-12 23:50:00.000,IX.D.NASDAQ.CASH.IP,M5,19629.6,19627.6,19640.9,19638.9,19627.4,19625.4,19639.6,19637.6,392
IG,2025-03-12 23:50:02.000,2025-03-12 23:55:00.000,IX.D.NASDAQ.CASH.IP,M5,19639.5,19637.5,19655.2,19653.2,19638.9,19636.9,19653,19651,450
IG,2025-03-12 23:55:00.000,2025-03-13 00:00:00.000,IX.D.NASDAQ.CASH.IP,M5,19652.9,19650.9,19655.6,19653.6,19646.5,19644.5,19652.4,19650.4,311
IG,2025-03-13 00:00:00.000,2025-03-13 00:05:01.000,IX.D.NASDAQ.CASH.IP,M5,19652.2,19650.2,19662.2,19660.2,19647.9,19645.9,19649.2,19647.2,490
IG,2025-03-13 00:05:01.000,2025-03-13 00:10:02.000,IX.D.NASDAQ.CASH.IP,M5,19649.1,19647.1,19661.2,19659.2,19647.6,19645.6,19654,19652,357
IG,2025-03-13 00:10:02.000,2025-03-13 00:15:00.000,IX.D.NASDAQ.CASH.IP,M5,19654.1,19652.1,19661.6,19659.6,19649,19647,19655,19653,354
IG,2025-03-13 00:15:00.000,2025-03-13 00:20:00.000,IX.D.NASDAQ.CASH.IP,M5,19654.9,19652.9,19654.9,19652.9,19642.9,19640.9,19644.5,19642.5,432
IG,2025-03-13 00:20:00.000,2025-03-13 00:25:01.000,IX.D.NASDAQ.CASH.IP,M5,19644.4,19642.4,19649.5,19647.5,19641.1,19639.1,19642.2,19640.2,311
IG,2025-03-13 00:25:01.000,2025-03-13 00:30:00.000,IX.D.NASDAQ.CASH.IP,M5,19642.4,19640.4,19651.4,19649.4,19633.6,19631.6,19634.1,19632.1,398
IG,2025-03-13 00:30:00.000,2025-03-13 00:35:00.000,IX.D.NASDAQ.CASH.IP,M5,19634.2,19632.2,19641.2,19639.2,19626,19624,19632.2,19630.2,438
IG,2025-03-13 00:35:01.000,2025-03-13 00:40:00.000,IX.D.NASDAQ.CASH.IP,M5,19632.4,19630.4,19634.6,19632.6,19621.6,19619.6,19624.7,19622.7,337
IG,2025-03-13 00:40:00.000,2025-03-13 00:45:00.000,IX.D.NASDAQ.CASH.IP,M5,19625.9,19623.9,19630,19628,19623.5,19621.5,19626.6,19624.6,176
IG,2025-03-13 00:45:00.000,2025-03-13 00:50:00.000,IX.D.NASDAQ.CASH.IP,M5,19626.7,19624.7,19628.4,19626.4,19609.2,19607.2,19621.4,19619.4,474
IG,2025-03-13 00:50:00.000,2025-03-13 00:55:00.000,IX.D.NASDAQ.CASH.IP,M5,19621.5,19619.5,19630.2,19628.2,19608.7,19606.7,19629.7,19627.7,516
IG,2025-03-13 00:55:00.000,2025-03-13 01:00:00.000,IX.D.NASDAQ.CASH.IP,M5,19629.6,19627.6,19634.4,19632.4,19609.2,19607.2,19611,19609,452
IG,2025-03-13 01:00:00.000,2025-03-13 01:05:00.000,IX.D.NASDAQ.CASH.IP,M5,19611.1,19609.1,19623.5,19621.5,19602,19600,19604.5,19602.5,692
IG,2025-03-13 01:05:00.000,2025-03-13 01:10:00.000,IX.D.NASDAQ.CASH.IP,M5,19604.4,19602.4,19610.1,19608.1,19595.4,19593.4,19599.7,19597.7,405
IG,2025-03-13 01:10:00.000,2025-03-13 01:15:01.000,IX.D.NASDAQ.CASH.IP,M5,19599.4,19597.4,19608.2,19606.2,19596.7,19594.7,19605.5,19603.5,293
IG,2025-03-13 01:15:01.000,2025-03-13 01:20:00.000,IX.D.NASDAQ.CASH.IP,M5,19605.6,19603.6,19620.1,19618.1,19603.2,19601.2,19618.2,19616.2,459
IG,2025-03-13 01:20:00.000,2025-03-13 01:25:00.000,IX.D.NASDAQ.CASH.IP,M5,19618.1,19616.1,19624.6,19622.6,19611.4,19609.4,19615.6,19613.6,332
IG,2025-03-13 01:25:00.000,2025-03-13 01:30:01.000,IX.D.NASDAQ.CASH.IP,M5,19615.5,19613.5,19617.9,19615.9,19609,19607,19609.6,19607.6,186
IG,2025-03-13 01:30:01.000,2025-03-13 01:35:00.000,IX.D.NASDAQ.CASH.IP,M5,19609.7,19607.7,19613.7,19611.7,19587.4,19585.4,19593.9,19591.9,598
IG,2025-03-13 01:35:02.000,2025-03-13 01:40:00.000,IX.D.NASDAQ.CASH.IP,M5,19594,19592,19594,19592,19577.2,19575.2,19586.1,19584.1,718
IG,2025-03-13 01:40:00.000,2025-03-13 01:45:01.000,IX.D.NASDAQ.CASH.IP,M5,19585.5,19583.5,19592,19590,19576.4,19574.4,19587.2,19585.2,518
IG,2025-03-13 01:45:03.000,2025-03-13 01:50:00.000,IX.D.NASDAQ.CASH.IP,M5,19587,19585,19589.1,19587.1,19580,19578,19588.2,19586.2,241
IG,2025-03-13 01:50:01.000,2025-03-13 01:55:00.000,IX.D.NASDAQ.CASH.IP,M5,19588.4,19586.4,19601,19599,19585.4,19583.4,19599.2,19597.2,385
IG,2025-03-13 01:55:00.000,2025-03-13 02:00:00.000,IX.D.NASDAQ.CASH.IP,M5,19599.4,19597.4,19609.7,19607.7,19598.6,19596.6,19605.9,19603.9,370
IG,2025-03-13 02:00:00.000,2025-03-13 02:05:00.000,IX.D.NASDAQ.CASH.IP,M5,19606,19604,19606.9,19604.9,19599.7,19597.7,19603.2,19601.2,226
IG,2025-03-13 02:05:00.000,2025-03-13 02:10:00.000,IX.D.NASDAQ.CASH.IP,M5,19603.1,19601.1,19607.1,19605.1,19600.1,19598.1,19602.6,19600.6,155
IG,2025-03-13 02:10:00.000,2025-03-13 02:15:00.000,IX.D.NASDAQ.CASH.IP,M5,19602.5,19600.5,19611.2,19609.2,19601.6,19599.6,19607.7,19605.7,149
IG,2025-03-13 02:15:01.000,2025-03-13 02:20:00.000,IX.D.NASDAQ.CASH.IP,M5,19607.6,19605.6,19612.6,19610.6,19592.2,19590.2,19592.7,19590.7,311
IG,2025-03-13 02:20:00.000,2025-03-13 02:25:01.000,IX.D.NASDAQ.CASH.IP,M5,19592.6,19590.6,19594.9,19592.9,19578.2,19576.2,19578.2,19576.2,537
IG,2025-03-13 02:25:01.000,2025-03-13 02:30:00.000,IX.D.NASDAQ.CASH.IP,M5,19578.4,19576.4,19582.2,19580.2,19576,19574,19579,19577,286
IG,2025-03-13 02:30:00.000,2025-03-13 02:35:00.000,IX.D.NASDAQ.CASH.IP,M5,19578.6,19576.6,19581.2,19579.2,19571.9,19569.9,19575,19573,422
IG,2025-03-13 02:35:00.000,2025-03-13 02:40:00.000,IX.D.NASDAQ.CASH.IP,M5,19575.1,19573.1,19581.7,19579.7,19572.2,19570.2,19580.2,19578.2,324
IG,2025-03-13 02:40:00.000,2025-03-13 02:45:00.000,IX.D.NASDAQ.CASH.IP,M5,19580.1,19578.1,19583.4,19581.4,19571.2,19569.2,19576.1,19574.1,329
IG,2025-03-13 02:45:00.000,2025-03-13 02:50:00.000,IX.D.NASDAQ.CASH.IP,M5,19576.2,19574.2,19581.1,19579.1,19570.4,19568.4,19571.5,19569.5,282
IG,2025-03-13 02:50:00.000,2025-03-13 02:55:00.000,IX.D.NASDAQ.CASH.IP,M5,19570.9,19568.9,19572.9,19570.9,19564.1,19562.1,19566.6,19564.6,439
IG,2025-03-13 02:55:00.000,2025-03-13 03:00:00.000,IX.D.NASDAQ.CASH.IP,M5,19566.5,19564.5,19566.5,19564.5,19556.2,19554.2,19560.9,19558.9,418
IG,2025-03-13 03:00:00.000,2025-03-13 03:05:00.000,IX.D.NASDAQ.CASH.IP,M5,19560.7,19558.7,19561,19559,19545,19543,19548.2,19546.2,647
IG,2025-03-13 03:05:00.000,2025-03-13 03:10:00.000,IX.D.NASDAQ.CASH.IP,M5,19548.4,19546.4,19553.9,19551.9,19531.7,19529.7,19538.1,19536.1,693
IG,2025-03-13 03:10:00.000,2025-03-13 03:15:00.000,IX.D.NASDAQ.CASH.IP,M5,19538,19536,19548.5,19546.5,19538,19536,19544.4,19542.4,380
IG,2025-03-13 03:15:00.000,2025-03-13 03:20:00.000,IX.D.NASDAQ.CASH.IP,M5,19544.2,19542.2,19550.6,19548.6,19539.6,19537.6,19542.9,19540.9,261
IG,2025-03-13 03:20:00.000,2025-03-13 03:25:00.000,IX.D.NASDAQ.CASH.IP,M5,19543,19541,19549.6,19547.6,19537.5,19535.5,19541.6,19539.6,255
IG,2025-03-13 03:25:00.000,2025-03-13 03:30:01.000,IX.D.NASDAQ.CASH.IP,M5,19541.5,19539.5,19544.5,19542.5,19524.1,19522.1,19526.7,19524.7,568
IG,2025-03-13 03:30:01.000,2025-03-13 03:35:00.000,IX.D.NASDAQ.CASH.IP,M5,19526.5,19524.5,19528.7,19526.7,19511,19509,19513.2,19511.2,790
IG,2025-03-13 03:35:00.000,2025-03-13 03:40:00.000,IX.D.NASDAQ.CASH.IP,M5,19513.4,19511.4,19514.9,19512.9,19480.4,19478.4,19504.1,19502.1,1547
IG,2025-03-13 03:40:00.000,2025-03-13 03:45:00.000,IX.D.NASDAQ.CASH.IP,M5,19504,19502,19507.5,19505.5,19497.9,19495.9,19502.1,19500.1,595
IG,2025-03-13 03:45:00.000,2025-03-13 03:50:00.000,IX.D.NASDAQ.CASH.IP,M5,19502,19500,19503.5,19501.5,19492.5,19490.5,19496.1,19494.1,346
IG,2025-03-13 03:50:00.000,2025-03-13 03:55:00.000,IX.D.NASDAQ.CASH.IP,M5,19496.2,19494.2,19501.9,19499.9,19489.4,19487.4,19494,19492,270
IG,2025-03-13 03:55:01.000,2025-03-13 04:00:00.000,IX.D.NASDAQ.CASH.IP,M5,19493.9,19491.9,19495.1,19493.1,19481,19479,19486.6,19484.6,446
IG,2025-03-13 04:00:00.000,2025-03-13 04:05:00.000,IX.D.NASDAQ.CASH.IP,M5,19486.5,19484.5,19497.7,19495.7,19484,19482,19497,19495,339
IG,2025-03-13 04:05:00.000,2025-03-13 04:10:00.000,IX.D.NASDAQ.CASH.IP,M5,19496.6,19494.6,19510,19508,19493.5,19491.5,19509.6,19507.6,465
IG,2025-03-13 04:10:00.000,2025-03-13 04:15:00.000,IX.D.NASDAQ.CASH.IP,M5,19509.5,19507.5,19513,19511,19504.6,19502.6,19504.9,19502.9,318
IG,2025-03-13 04:15:00.000,2025-03-13 04:20:00.000,IX.D.NASDAQ.CASH.IP,M5,19504.7,19502.7,19509.2,19507.2,19492.4,19490.4,19496.7,19494.7,370
IG,2025-03-13 04:20:00.000,2025-03-13 04:25:00.000,IX.D.NASDAQ.CASH.IP,M5,19496.6,19494.6,19504.1,19502.1,19495.1,19493.1,19498.4,19496.4,272
IG,2025-03-13 04:25:00.000,2025-03-13 04:30:00.000,IX.D.NASDAQ.CASH.IP,M5,19498.2,19496.2,19499.2,19497.2,19482.1,19480.1,19485,19483,399
IG,2025-03-13 04:30:00.000,2025-03-13 04:35:00.000,IX.D.NASDAQ.CASH.IP,M5,19484.9,19482.9,19486,19484,19457.6,19455.6,19463.4,19461.4,1333
IG,2025-03-13 04:35:00.000,2025-03-13 04:40:00.000,IX.D.NASDAQ.CASH.IP,M5,19463.5,19461.5,19468.7,19466.7,19453.6,19451.6,19461.6,19459.6,591
IG,2025-03-13 04:40:00.000,2025-03-13 04:45:00.000,IX.D.NASDAQ.CASH.IP,M5,19461.5,19459.5,19461.5,19459.5,19438.4,19436.4,19459.4,19457.4,1063
IG,2025-03-13 04:45:00.000,2025-03-13 04:50:00.000,IX.D.NASDAQ.CASH.IP,M5,19459.5,19457.5,19467.7,19465.7,19457.1,19455.1,19460,19458,476
IG,2025-03-13 04:50:00.000,2025-03-13 04:54:59.000,IX.D.NASDAQ.CASH.IP,M5,19460.1,19458.1,19465.1,19463.1,19450.6,19448.6,19459.6,19457.6,363
IG,2025-03-13 04:55:00.000,2025-03-13 05:00:01.000,IX.D.NASDAQ.CASH.IP,M5,19459.7,19457.7,19460.1,19458.1,19431.4,19429.4,19451.1,19449.1,797
IG,2025-03-13 05:00:01.000,2025-03-13 05:05:00.000,IX.D.NASDAQ.CASH.IP,M5,19451.2,19449.2,19455.4,19453.4,19439.1,19437.1,19448.9,19446.9,415
IG,2025-03-13 05:05:00.000,2025-03-13 05:10:00.000,IX.D.NASDAQ.CASH.IP,M5,19448.7,19446.7,19452.2,19450.2,19439,19437,19441.4,19439.4,267
IG,2025-03-13 05:10:00.000,2025-03-13 05:14:59.000,IX.D.NASDAQ.CASH.IP,M5,19441.2,19439.2,19449.6,19447.6,19435.6,19433.6,19443.6,19441.6,350
IG,2025-03-13 05:15:00.000,2025-03-13 05:20:00.000,IX.D.NASDAQ.CASH.IP,M5,19443.9,19441.9,19446.5,19444.5,19425.7,19423.7,19442,19440,761
IG,2025-03-13 05:20:00.000,2025-03-13 05:25:00.000,IX.D.NASDAQ.CASH.IP,M5,19441.9,19439.9,19468.2,19466.2,19439.6,19437.6,19467.1,19465.1,612
IG,2025-03-13 05:25:00.000,2025-03-13 05:30:00.000,IX.D.NASDAQ.CASH.IP,M5,19467,19465,19472.9,19470.9,19462,19460,19465.5,19463.5,572
IG,2025-03-13 05:30:00.000,2025-03-13 05:35:00.000,IX.D.NASDAQ.CASH.IP,M5,19465.9,19463.9,19466.1,19464.1,19416.5,19414.5,19422.2,19420.2,1325
IG,2025-03-13 05:35:00.000,2025-03-13 05:40:01.000,IX.D.NASDAQ.CASH.IP,M5,19421.5,19419.5,19427.6,19425.6,19405.4,19403.4,19414.5,19412.5,911
IG,2025-03-13 05:40:01.000,2025-03-13 05:45:00.000,IX.D.NASDAQ.CASH.IP,M5,19414.6,19412.6,19425.5,19423.5,19409,19407,19421.7,19419.7,670
IG,2025-03-13 05:45:00.000,2025-03-13 05:50:00.000,IX.D.NASDAQ.CASH.IP,M5,19421.6,19419.6,19433.2,19431.2,19408.7,19406.7,19432.2,19430.2,814
IG,2025-03-13 05:50:00.000,2025-03-13 05:55:00.000,IX.D.NASDAQ.CASH.IP,M5,19432.1,19430.1,19433.5,19431.5,19420,19418,19425.7,19423.7,412
IG,2025-03-13 05:55:00.000,2025-03-13 06:00:00.000,IX.D.NASDAQ.CASH.IP,M5,19425.9,19423.9,19435.1,19433.1,19425.1,19423.1,19434.4,19432.4,339
IG,2025-03-13 06:00:00.000,2025-03-13 06:05:00.000,IX.D.NASDAQ.CASH.IP,M5,19433.7,19431.7,19442.9,19440.9,19419.4,19417.4,19425.2,19423.2,734
IG,2025-03-13 06:05:00.000,2025-03-13 06:10:00.000,IX.D.NASDAQ.CASH.IP,M5,19425.4,19423.4,19425.5,19423.5,19383.7,19381.7,19390.5,19388.5,1449
IG,2025-03-13 06:10:00.000,2025-03-13 06:15:00.000,IX.D.NASDAQ.CASH.IP,M5,19390.4,19388.4,19411.4,19409.4,19390.4,19388.4,19407,19405,649
IG,2025-03-13 06:15:00.000,2025-03-13 06:20:00.000,IX.D.NASDAQ.CASH.IP,M5,19406.9,19404.9,19408.6,19406.6,19379.5,19377.5,19389.6,19387.6,693
IG,2025-03-13 06:20:00.000,2025-03-13 06:25:00.000,IX.D.NASDAQ.CASH.IP,M5,19389.7,19387.7,19392.7,19390.7,19369.4,19367.4,19375.2,19373.2,815
IG,2025-03-13 06:25:00.000,2025-03-13 06:30:00.000,IX.D.NASDAQ.CASH.IP,M5,19375.9,19373.9,19414.5,19412.5,19375,19373,19411.1,19409.1,894
IG,2025-03-13 06:30:00.000,2025-03-13 06:35:01.000,IX.D.NASDAQ.CASH.IP,M5,19410.9,19408.9,19422.9,19420.9,19398.4,19396.4,19416.4,19414.4,666
IG,2025-03-13 06:35:01.000,2025-03-13 06:40:00.000,IX.D.NASDAQ.CASH.IP,M5,19416.1,19414.1,19420.2,19418.2,19394,19392,19401,19399,479
IG,2025-03-13 06:40:00.000,2025-03-13 06:45:00.000,IX.D.NASDAQ.CASH.IP,M5,19401.1,19399.1,19416.2,19414.2,19397.4,19395.4,19413,19411,407
IG,2025-03-13 06:45:00.000,2025-03-13 06:50:00.000,IX.D.NASDAQ.CASH.IP,M5,19413.1,19411.1,19453.1,19451.1,19405.9,19403.9,19445.2,19443.2,1202
IG,2025-03-13 06:50:00.000,2025-03-13 06:55:00.000,IX.D.NASDAQ.CASH.IP,M5,19445.1,19443.1,19467.2,19465.2,19443.6,19441.6,19451,19449,1099
IG,2025-03-13 06:55:00.000,2025-03-13 07:00:00.000,IX.D.NASDAQ.CASH.IP,M5,19451.1,19449.1,19458.2,19456.2,19445.5,19443.5,19454.4,19452.4,616
IG,2025-03-13 07:00:00.000,2025-03-13 07:05:00.000,IX.D.NASDAQ.CASH.IP,M5,19454.2,19452.2,19458.5,19456.5,19441.9,19439.9,19447.6,19445.6,634
IG,2025-03-13 07:05:00.000,2025-03-13 07:10:00.000,IX.D.NASDAQ.CASH.IP,M5,19447.7,19445.7,19450.2,19448.2,19415.9,19413.9,19418.9,19416.9,1014
IG,2025-03-13 07:10:00.000,2025-03-13 07:15:00.000,IX.D.NASDAQ.CASH.IP,M5,19419,19417,19431.2,19429.2,19412,19410,19429.7,19427.7,807
IG,2025-03-13 07:15:00.000,2025-03-13 07:20:02.000,IX.D.NASDAQ.CASH.IP,M5,19429.6,19427.6,19447,19445,19419.6,19417.6,19436.1,19434.1,920
IG,2025-03-13 07:20:02.000,2025-03-13 07:25:00.000,IX.D.NASDAQ.CASH.IP,M5,19437.2,19435.2,19480.1,19478.1,19437.2,19435.2,19467.7,19465.7,1209
IG,2025-03-13 07:25:00.000,2025-03-13 07:30:01.000,IX.D.NASDAQ.CASH.IP,M5,19467.6,19465.6,19470,19468,19453.9,19451.9,19470,19468,999
IG,2025-03-13 07:30:01.000,2025-03-13 07:35:00.000,IX.D.NASDAQ.CASH.IP,M5,19470.1,19468.1,19477.4,19475.4,19455.4,19453.4,19457.1,19455.1,820
IG,2025-03-13 07:35:00.000,2025-03-13 07:40:00.000,IX.D.NASDAQ.CASH.IP,M5,19457.2,19455.2,19459.1,19457.1,19418,19416,19418.5,19416.5,1090
IG,2025-03-13 07:40:00.000,2025-03-13 07:45:00.000,IX.D.NASDAQ.CASH.IP,M5,19418.6,19416.6,19432.9,19430.9,19408.5,19406.5,19413.9,19411.9,943
IG,2025-03-13 07:45:00.000,2025-03-13 07:50:00.000,IX.D.NASDAQ.CASH.IP,M5,19414,19412,19449.9,19447.9,19410.6,19408.6,19447.2,19445.2,916
IG,2025-03-13 07:50:00.000,2025-03-13 07:55:00.000,IX.D.NASDAQ.CASH.IP,M5,19447.4,19445.4,19447.9,19445.9,19394.2,19392.2,19398.1,19396.1,1169
IG,2025-03-13 07:55:00.000,2025-03-13 08:00:00.000,IX.D.NASDAQ.CASH.IP,M5,19398,19396,19405.2,19403.2,19386.4,19384.4,19403.4,19401.4,1560
IG,2025-03-13 08:00:00.000,2025-03-13 08:05:00.000,IX.D.NASDAQ.CASH.IP,M5,19403.2,19401.2,19435.7,19433.7,19392.1,19390.1,19434.6,19432.6,2852
IG,2025-03-13 08:05:00.000,2025-03-13 08:10:00.000,IX.D.NASDAQ.CASH.IP,M5,19434.7,19432.7,19435.7,19433.7,19397.4,19395.4,19426.6,19424.6,1497
IG,2025-03-13 08:10:00.000,2025-03-13 08:15:00.000,IX.D.NASDAQ.CASH.IP,M5,19426.5,19424.5,19435.6,19433.6,19409.4,19407.4,19413,19411,1244
IG,2025-03-13 08:15:00.000,2025-03-13 08:20:01.000,IX.D.NASDAQ.CASH.IP,M5,19413.4,19411.4,19423.1,19421.1,19377.9,19375.9,19386.2,19384.2,1870
IG,2025-03-13 08:20:01.000,2025-03-13 08:25:00.000,IX.D.NASDAQ.CASH.IP,M5,19387.7,19385.7,19418.1,19416.1,19386.1,19384.1,19408.2,19406.2,1291
IG,2025-03-13 08:25:00.000,2025-03-13 08:30:00.000,IX.D.NASDAQ.CASH.IP,M5,19408.4,19406.4,19434,19432,19407.7,19405.7,19432.1,19430.1,843
IG,2025-03-13 08:30:00.000,2025-03-13 08:35:01.000,IX.D.NASDAQ.CASH.IP,M5,19432,19430,19440.7,19438.7,19421.2,19419.2,19434.1,19432.1,1091
IG,2025-03-13 08:35:01.000,2025-03-13 08:40:00.000,IX.D.NASDAQ.CASH.IP,M5,19434.2,19432.2,19436.4,19434.4,19415.1,19413.1,19419.6,19417.6,938
IG,2025-03-13 08:40:00.000,2025-03-13 08:45:00.000,IX.D.NASDAQ.CASH.IP,M5,19419.7,19417.7,19437.4,19435.4,19410.1,19408.1,19435.9,19433.9,705
IG,2025-03-13 08:45:00.000,2025-03-13 08:50:00.000,IX.D.NASDAQ.CASH.IP,M5,19436,19434,19450.6,19448.6,19429.4,19427.4,19448.7,19446.7,852
IG,2025-03-13 08:50:00.000,2025-03-13 08:55:00.000,IX.D.NASDAQ.CASH.IP,M5,19449.5,19447.5,19458.2,19456.2,19439.4,19437.4,19442.7,19440.7,696
IG,2025-03-13 08:55:00.000,2025-03-13 09:00:00.000,IX.D.NASDAQ.CASH.IP,M5,19442.9,19440.9,19463.1,19461.1,19436.7,19434.7,19461.1,19459.1,905
IG,2025-03-13 09:00:00.000,2025-03-13 09:05:00.000,IX.D.NASDAQ.CASH.IP,M5,19460.9,19458.9,19469,19467,19439.6,19437.6,19439.6,19437.6,705
IG,2025-03-13 09:05:00.000,2025-03-13 09:10:00.000,IX.D.NASDAQ.CASH.IP,M5,19439.7,19437.7,19446.5,19444.5,19429.4,19427.4,19439.5,19437.5,725
IG,2025-03-13 09:10:00.000,2025-03-13 09:14:59.000,IX.D.NASDAQ.CASH.IP,M5,19439.4,19437.4,19483,19481,19439,19437,19482,19480,1304
IG,2025-03-13 09:14:59.000,2025-03-13 09:20:00.000,IX.D.NASDAQ.CASH.IP,M5,19482.1,19480.1,19512.2,19510.2,19478.2,19476.2,19507.7,19505.7,1660
IG,2025-03-13 09:20:00.000,2025-03-13 09:25:00.000,IX.D.NASDAQ.CASH.IP,M5,19507.6,19505.6,19526.9,19524.9,19507.1,19505.1,19518.6,19516.6,1591
IG,2025-03-13 09:25:00.000,2025-03-13 09:30:00.000,IX.D.NASDAQ.CASH.IP,M5,19518.5,19516.5,19519.7,19517.7,19505.1,19503.1,19511.9,19509.9,862
IG,2025-03-13 09:30:00.000,2025-03-13 09:35:00.000,IX.D.NASDAQ.CASH.IP,M5,19512.1,19510.1,19527.7,19525.7,19510.1,19508.1,19515.1,19513.1,752
IG,2025-03-13 09:35:00.000,2025-03-13 09:40:00.000,IX.D.NASDAQ.CASH.IP,M5,19515.9,19513.9,19543.7,19541.7,19511.9,19509.9,19539.9,19537.9,1149
IG,2025-03-13 09:40:00.000,2025-03-13 09:45:00.000,IX.D.NASDAQ.CASH.IP,M5,19540,19538,19551,19549,19534.9,19532.9,19550,19548,1076
IG,2025-03-13 09:45:00.000,2025-03-13 09:50:00.000,IX.D.NASDAQ.CASH.IP,M5,19549.7,19547.7,19564.4,19562.4,19546.7,19544.7,19552.9,19550.9,1463
IG,2025-03-13 09:50:00.000,2025-03-13 09:55:00.000,IX.D.NASDAQ.CASH.IP,M5,19553,19551,19562.1,19560.1,19550.1,19548.1,19555.7,19553.7,1109
IG,2025-03-13 09:55:00.000,2025-03-13 10:00:00.000,IX.D.NASDAQ.CASH.IP,M5,19557.4,19555.4,19577.5,19575.5,19552,19550,19574.4,19572.4,3106
IG,2025-03-13 10:00:00.000,2025-03-13 10:05:00.000,IX.D.NASDAQ.CASH.IP,M5,19574.2,19572.2,19592.4,19590.4,19567,19565,19568.9,19566.9,2371
IG,2025-03-13 10:05:00.000,2025-03-13 10:10:00.000,IX.D.NASDAQ.CASH.IP,M5,19569.1,19567.1,19571.6,19569.6,19561.5,19559.5,19562.5,19560.5,911
IG,2025-03-13 10:10:00.000,2025-03-13 10:15:00.000,IX.D.NASDAQ.CASH.IP,M5,19562.6,19560.6,19582,19580,19562.1,19560.1,19580.5,19578.5,723
IG,2025-03-13 10:15:00.000,2025-03-13 10:20:00.000,IX.D.NASDAQ.CASH.IP,M5,19580.6,19578.6,19584.2,19582.2,19569,19567,19572.4,19570.4,603
IG,2025-03-13 10:20:00.000,2025-03-13 10:25:00.000,IX.D.NASDAQ.CASH.IP,M5,19572.2,19570.2,19579.9,19577.9,19568.5,19566.5,19576.7,19574.7,1426
IG,2025-03-13 10:25:00.000,2025-03-13 10:30:00.000,IX.D.NASDAQ.CASH.IP,M5,19576.6,19574.6,19599.5,19597.5,19576.1,19574.1,19586.6,19584.6,1531
IG,2025-03-13 10:30:00.000,2025-03-13 10:35:00.000,IX.D.NASDAQ.CASH.IP,M5,19586.4,19584.4,19588.5,19586.5,19573.7,19571.7,19574.7,19572.7,805
IG,2025-03-13 10:35:00.000,2025-03-13 10:40:00.000,IX.D.NASDAQ.CASH.IP,M5,19574.4,19572.4,19581.5,19579.5,19568.5,19566.5,19579,19577,698
IG,2025-03-13 10:40:00.000,2025-03-13 10:45:00.000,IX.D.NASDAQ.CASH.IP,M5,19579.2,19577.2,19586.9,19584.9,19574,19572,19581.9,19579.9,788
IG,2025-03-13 10:45:00.000,2025-03-13 10:50:01.000,IX.D.NASDAQ.CASH.IP,M5,19581.5,19579.5,19589,19587,19580.7,19578.7,19586,19584,573
IG,2025-03-13 10:50:01.000,2025-03-13 10:55:00.000,IX.D.NASDAQ.CASH.IP,M5,19585.9,19583.9,19586.2,19584.2,19553.4,19551.4,19554.7,19552.7,1328
IG,2025-03-13 10:55:00.000,2025-03-13 11:00:00.000,IX.D.NASDAQ.CASH.IP,M5,19554,19552,19560.6,19558.6,19529.6,19527.6,19547.4,19545.4,2320
IG,2025-03-13 11:00:00.000,2025-03-13 11:05:01.000,IX.D.NASDAQ.CASH.IP,M5,19547.1,19545.1,19559,19557,19530.5,19528.5,19532.4,19530.4,1499
IG,2025-03-13 11:05:01.000,2025-03-13 11:10:00.000,IX.D.NASDAQ.CASH.IP,M5,19532.5,19530.5,19544,19542,19518.6,19516.6,19523.2,19521.2,1071
IG,2025-03-13 11:10:00.000,2025-03-13 11:15:00.000,IX.D.NASDAQ.CASH.IP,M5,19522.7,19520.7,19536.5,19534.5,19522.7,19520.7,19533.4,19531.4,701
IG,2025-03-13 11:15:00.000,2025-03-13 11:20:00.000,IX.D.NASDAQ.CASH.IP,M5,19533.5,19531.5,19561.4,19559.4,19519.9,19517.9,19523.2,19521.2,2075
IG,2025-03-13 11:20:00.000,2025-03-13 11:25:00.000,IX.D.NASDAQ.CASH.IP,M5,19524,19522,19525.4,19523.4,19509.2,19507.2,19513.6,19511.6,772
IG,2025-03-13 11:25:00.000,2025-03-13 11:30:00.000,IX.D.NASDAQ.CASH.IP,M5,19513.7,19511.7,19514.2,19512.2,19490,19488,19508.9,19506.9,1341
IG,2025-03-13 11:30:00.000,2025-03-13 11:35:01.000,IX.D.NASDAQ.CASH.IP,M5,19509.5,19507.5,19527.2,19525.2,19506.2,19504.2,19517.6,19515.6,1455
IG,2025-03-13 11:35:01.000,2025-03-13 11:40:00.000,IX.D.NASDAQ.CASH.IP,M5,19517.9,19515.9,19523.4,19521.4,19476.6,19474.6,19485,19483,1163
IG,2025-03-13 11:40:00.000,2025-03-13 11:45:00.000,IX.D.NASDAQ.CASH.IP,M5,19485.1,19483.1,19500.2,19498.2,19478.1,19476.1,19482,19480,905
IG,2025-03-13 11:45:00.000,2025-03-13 11:50:00.000,IX.D.NASDAQ.CASH.IP,M5,19481.9,19479.9,19486.6,19484.6,19463.7,19461.7,19483.5,19481.5,1395
IG,2025-03-13 11:50:00.000,2025-03-13 11:55:00.000,IX.D.NASDAQ.CASH.IP,M5,19483.4,19481.4,19509.4,19507.4,19481.1,19479.1,19508,19506,1622
IG,2025-03-13 11:55:00.000,2025-03-13 12:00:00.000,IX.D.NASDAQ.CASH.IP,M5,19508.1,19506.1,19520,19518,19471.1,19469.1,19496.9,19494.9,3612
IG,2025-03-13 12:00:00.000,2025-03-13 12:05:00.000,IX.D.NASDAQ.CASH.IP,M5,19496.1,19494.1,19507.9,19505.9,19465,19463,19481.7,19479.7,1678
IG,2025-03-13 12:05:00.000,2025-03-13 12:10:00.000,IX.D.NASDAQ.CASH.IP,M5,19482,19480,19487,19485,19456.5,19454.5,19457.7,19455.7,1620
IG,2025-03-13 12:10:00.000,2025-03-13 12:15:00.000,IX.D.NASDAQ.CASH.IP,M5,19458.1,19456.1,19471.4,19469.4,19446,19444,19447.6,19445.6,2536
IG,2025-03-13 12:15:00.000,2025-03-13 12:20:00.000,IX.D.NASDAQ.CASH.IP,M5,19447.9,19445.9,19480.2,19478.2,19446.2,19444.2,19460.6,19458.6,1778
IG,2025-03-13 12:20:00.000,2025-03-13 12:25:00.000,IX.D.NASDAQ.CASH.IP,M5,19460.5,19458.5,19487,19485,19449.7,19447.7,19482.2,19480.2,1123
IG,2025-03-13 12:25:00.000,2025-03-13 12:30:01.000,IX.D.NASDAQ.CASH.IP,M5,19482.4,19480.4,19563,19561,19467,19465,19556.2,19554.2,1639
IG,2025-03-13 12:30:01.000,2025-03-13 12:35:01.000,IX.D.NASDAQ.CASH.IP,M5,19555.7,19553.7,19555.9,19553.9,19492.5,19490.5,19536.1,19534.1,5638
IG,2025-03-13 12:35:01.000,2025-03-13 12:40:00.000,IX.D.NASDAQ.CASH.IP,M5,19535.2,19533.2,19539.1,19537.1,19502.7,19500.7,19517.4,19515.4,2564
IG,2025-03-13 12:40:00.000,2025-03-13 12:45:00.000,IX.D.NASDAQ.CASH.IP,M5,19517.5,19515.5,19532.5,19530.5,19506.4,19504.4,19513.4,19511.4,3341
IG,2025-03-13 12:45:00.000,2025-03-13 12:50:00.000,IX.D.NASDAQ.CASH.IP,M5,19513.5,19511.5,19514.5,19512.5,19478.9,19476.9,19488,19486,3004
IG,2025-03-13 12:50:00.000,2025-03-13 12:55:00.000,IX.D.NASDAQ.CASH.IP,M5,19487.6,19485.6,19518.7,19516.7,19484.7,19482.7,19504.1,19502.1,2084
IG,2025-03-13 12:55:00.000,2025-03-13 13:00:01.000,IX.D.NASDAQ.CASH.IP,M5,19504,19502,19526,19524,19501.6,19499.6,19526,19524,1316
IG,2025-03-13 13:00:01.000,2025-03-13 13:05:00.000,IX.D.NASDAQ.CASH.IP,M5,19525.9,19523.9,19552.6,19550.6,19525.9,19523.9,19546.9,19544.9,2799
IG,2025-03-13 13:05:00.000,2025-03-13 13:10:00.000,IX.D.NASDAQ.CASH.IP,M5,19547.1,19545.1,19556.4,19554.4,19533.4,19531.4,19546.4,19544.4,2486
IG,2025-03-13 13:10:00.000,2025-03-13 13:15:00.000,IX.D.NASDAQ.CASH.IP,M5,19546.2,19544.2,19546.2,19544.2,19516.2,19514.2,19517.5,19515.5,1613
IG,2025-03-13 13:15:00.000,2025-03-13 13:20:00.000,IX.D.NASDAQ.CASH.IP,M5,19517.7,19515.7,19542.5,19540.5,19510.5,19508.5,19534.2,19532.2,1815
IG,2025-03-13 13:20:00.000,2025-03-13 13:25:00.000,IX.D.NASDAQ.CASH.IP,M5,19534.1,19532.1,19555.1,19553.1,19521.9,19519.9,19550.1,19548.1,1544
IG,2025-03-13 13:25:00.000,2025-03-13 13:30:00.000,IX.D.NASDAQ.CASH.IP,M5,19550.4,19548.4,19559.1,19557.1,19533.7,19532.7,19534.6,19533.6,2445
IG,2025-03-13 13:30:00.000,2025-03-13 13:35:00.000,IX.D.NASDAQ.CASH.IP,M5,19532.7,19531.7,19544.1,19543.1,19479.9,19478.9,19535.1,19534.1,11848
IG,2025-03-13 13:35:00.000,2025-03-13 13:40:00.000,IX.D.NASDAQ.CASH.IP,M5,19533.6,19532.6,19537.5,19536.5,19459.1,19458.1,19500.5,19499.5,11167
IG,2025-03-13 13:40:00.000,2025-03-13 13:45:00.000,IX.D.NASDAQ.CASH.IP,M5,19502,19501,19529.5,19528.5,19439.2,19438.2,19445.5,19444.5,12071
IG,2025-03-13 13:45:00.000,2025-03-13 13:50:00.000,IX.D.NASDAQ.CASH.IP,M5,19445.7,19444.7,19475.2,19474.2,19427.5,19426.5,19453.4,19452.4,10466
IG,2025-03-13 13:50:00.000,2025-03-13 13:55:01.000,IX.D.NASDAQ.CASH.IP,M5,19453.6,19452.6,19477.1,19476.1,19358.5,19357.5,19376.5,19375.5,14920
IG,2025-03-13 13:55:01.000,2025-03-13 14:00:00.000,IX.D.NASDAQ.CASH.IP,M5,19376.9,19375.9,19385.5,19384.5,19307.9,19306.9,19319.9,19318.9,14961
IG,2025-03-13 14:00:00.000,2025-03-13 14:05:00.000,IX.D.NASDAQ.CASH.IP,M5,19318.7,19317.7,19390.4,19389.4,19293,19292,19369.1,19368.1,15443
IG,2025-03-13 14:05:00.000,2025-03-13 14:10:00.000,IX.D.NASDAQ.CASH.IP,M5,19368.7,19367.7,19417.4,19416.4,19367.9,19366.9,19401.9,19400.9,9507
IG,2025-03-13 14:10:00.000,2025-03-13 14:15:00.000,IX.D.NASDAQ.CASH.IP,M5,19400.6,19399.6,19451.9,19450.9,19362.2,19361.2,19449.6,19448.6,13585
IG,2025-03-13 14:15:00.000,2025-03-13 14:20:00.000,IX.D.NASDAQ.CASH.IP,M5,19449,19448,19499.9,19498.9,19437.7,19436.7,19486.2,19485.2,12437
IG,2025-03-13 14:20:00.000,2025-03-13 14:25:00.000,IX.D.NASDAQ.CASH.IP,M5,19486.6,19485.6,19514.6,19513.6,19467.4,19466.4,19512.9,19511.9,9644
IG,2025-03-13 14:25:00.000,2025-03-13 14:30:00.000,IX.D.NASDAQ.CASH.IP,M5,19512.1,19511.1,19538.1,19537.1,19438.5,19437.5,19446.1,19445.1,12377
IG,2025-03-13 14:30:00.000,2025-03-13 14:35:00.000,IX.D.NASDAQ.CASH.IP,M5,19446.9,19445.9,19499.4,19498.4,19438.4,19437.4,19450.2,19449.2,12076
IG,2025-03-13 14:35:00.000,2025-03-13 14:40:01.000,IX.D.NASDAQ.CASH.IP,M5,19450,19449,19469.1,19468.1,19398,19397,19413.1,19412.1,9219
IG,2025-03-13 14:40:01.000,2025-03-13 14:44:59.000,IX.D.NASDAQ.CASH.IP,M5,19413.2,19412.2,19419.2,19418.2,19378.6,19377.6,19398.6,19397.6,7570
IG,2025-03-13 14:44:59.000,2025-03-13 14:50:00.000,IX.D.NASDAQ.CASH.IP,M5,19398.5,19397.5,19422.4,19421.4,19369.5,19368.5,19385,19384,8018
IG,2025-03-13 14:50:00.000,2025-03-13 14:55:00.000,IX.D.NASDAQ.CASH.IP,M5,19385.4,19384.4,19460.1,19459.1,19385.4,19384.4,19427.7,19426.7,8675
IG,2025-03-13 14:55:00.000,2025-03-13 15:00:00.000,IX.D.NASDAQ.CASH.IP,M5,19427.9,19426.9,19431.2,19430.2,19376.2,19375.2,19395.2,19394.2,6699
IG,2025-03-13 15:00:00.000,2025-03-13 15:05:01.000,IX.D.NASDAQ.CASH.IP,M5,19395.1,19394.1,19441,19440,19395.1,19394.1,19420.6,19419.6,6399
IG,2025-03-13 15:05:01.000,2025-03-13 15:10:00.000,IX.D.NASDAQ.CASH.IP,M5,19420.9,19419.9,19443.1,19442.1,19347.6,19346.6,19361.7,19360.7,8555
IG,2025-03-13 15:10:00.000,2025-03-13 15:15:00.000,IX.D.NASDAQ.CASH.IP,M5,19361.5,19360.5,19376,19375,19334.4,19333.4,19347.1,19346.1,6327
IG,2025-03-13 15:15:00.000,2025-03-13 15:20:00.000,IX.D.NASDAQ.CASH.IP,M5,19346.7,19345.7,19363.7,19362.7,19327.7,19326.7,19356.5,19355.5,6634
IG,2025-03-13 15:20:00.000,2025-03-13 15:25:00.000,IX.D.NASDAQ.CASH.IP,M5,19356.4,19355.4,19362.1,19361.1,19331,19330,19360.9,19359.9,4870
IG,2025-03-13 15:25:00.000,2025-03-13 15:30:00.000,IX.D.NASDAQ.CASH.IP,M5,19360.5,19359.5,19369.7,19368.7,19310.7,19309.7,19320.5,19319.5,7307
IG,2025-03-13 15:30:00.000,2025-03-13 15:35:00.000,IX.D.NASDAQ.CASH.IP,M5,19320.9,19319.9,19348.9,19347.9,19314.9,19313.9,19327.1,19326.1,5276
IG,2025-03-13 15:35:00.000,2025-03-13 15:40:00.000,IX.D.NASDAQ.CASH.IP,M5,19326.7,19325.7,19327.4,19326.4,19251.9,19250.9,19266,19265,10860
IG,2025-03-13 15:40:00.000,2025-03-13 15:45:00.000,IX.D.NASDAQ.CASH.IP,M5,19266.1,19265.1,19358.6,19357.6,19244.9,19243.9,19323.5,19322.5,14177
IG,2025-03-13 15:45:00.000,2025-03-13 15:50:00.000,IX.D.NASDAQ.CASH.IP,M5,19323.1,19322.1,19341.1,19340.1,19293.6,19292.6,19333.2,19332.2,8310
IG,2025-03-13 15:50:00.000,2025-03-13 15:55:01.000,IX.D.NASDAQ.CASH.IP,M5,19332.5,19331.5,19332.7,19331.7,19273.9,19272.9,19283.4,19282.4,5794
IG,2025-03-13 15:55:01.000,2025-03-13 16:00:01.000,IX.D.NASDAQ.CASH.IP,M5,19283.5,19282.5,19286.9,19285.9,19255.9,19254.9,19267,19266,5859
IG,2025-03-13 16:00:01.000,2025-03-13 16:05:00.000,IX.D.NASDAQ.CASH.IP,M5,19267.1,19266.1,19304.4,19303.4,19254,19253,19295.4,19294.4,6410
IG,2025-03-13 16:05:00.000,2025-03-13 16:10:00.000,IX.D.NASDAQ.CASH.IP,M5,19295.5,19294.5,19322.4,19321.4,19262.9,19261.9,19309.4,19308.4,5229
IG,2025-03-13 16:10:00.000,2025-03-13 16:15:00.000,IX.D.NASDAQ.CASH.IP,M5,19309.5,19308.5,19314,19313,19271.7,19270.7,19275,19274,4205
IG,2025-03-13 16:15:00.000,2025-03-13 16:20:01.000,IX.D.NASDAQ.CASH.IP,M5,19276,19275,19290.1,19289.1,19263,19262,19281.1,19280.1,3457
IG,2025-03-13 16:20:01.000,2025-03-13 16:25:00.000,IX.D.NASDAQ.CASH.IP,M5,19280.9,19279.9,19293.6,19292.6,19266.4,19265.4,19275,19274,3212
IG,2025-03-13 16:25:00.000,2025-03-13 16:30:00.000,IX.D.NASDAQ.CASH.IP,M5,19273.9,19272.9,19285.5,19284.5,19255.1,19254.1,19269.9,19268.9,3775
IG,2025-03-13 16:30:00.000,2025-03-13 16:35:01.000,IX.D.NASDAQ.CASH.IP,M5,19269.5,19268.5,19328,19327,19252,19251,19322.1,19321.1,6222
IG,2025-03-13 16:35:01.000,2025-03-13 16:40:00.000,IX.D.NASDAQ.CASH.IP,M5,19322,19321,19357.1,19356.1,19303.9,19302.9,19353.4,19352.4,4718
IG,2025-03-13 16:40:00.000,2025-03-13 16:45:00.000,IX.D.NASDAQ.CASH.IP,M5,19353.2,19352.2,19358.2,19357.2,19286,19285,19290.7,19289.7,5274
IG,2025-03-13 16:45:00.000,2025-03-13 16:50:00.000,IX.D.NASDAQ.CASH.IP,M5,19290.6,19289.6,19302.9,19301.9,19209.1,19208.1,19236.6,19235.6,8930
IG,2025-03-13 16:50:00.000,2025-03-13 16:55:00.000,IX.D.NASDAQ.CASH.IP,M5,19236.5,19235.5,19279.1,19278.1,19217.5,19216.5,19244.6,19243.6,6046
IG,2025-03-13 16:55:00.000,2025-03-13 17:00:00.000,IX.D.NASDAQ.CASH.IP,M5,19245.4,19244.4,19258.6,19257.6,19229,19228,19254.4,19253.4,3997
IG,2025-03-13 17:00:00.000,2025-03-13 17:05:00.000,IX.D.NASDAQ.CASH.IP,M5,19254,19253,19268.9,19267.9,19226.7,19225.7,19267.7,19266.7,4265
IG,2025-03-13 17:05:00.000,2025-03-13 17:09:59.000,IX.D.NASDAQ.CASH.IP,M5,19268,19267,19280.7,19279.7,19223.6,19222.6,19230.1,19229.1,4690
IG,2025-03-13 17:09:59.000,2025-03-13 17:15:00.000,IX.D.NASDAQ.CASH.IP,M5,19230,19229,19234.6,19233.6,19191.5,19190.5,19202.2,19201.2,5066
IG,2025-03-13 17:15:00.000,2025-03-13 17:20:00.000,IX.D.NASDAQ.CASH.IP,M5,19202.6,19201.6,19203.9,19202.9,19146.7,19145.7,19158.1,19157.1,6558
IG,2025-03-13 17:20:00.000,2025-03-13 17:25:00.000,IX.D.NASDAQ.CASH.IP,M5,19157.6,19156.6,19194.1,19193.1,19154.6,19153.6,19168.6,19167.6,5822
IG,2025-03-13 17:25:00.000,2025-03-13 17:30:00.000,IX.D.NASDAQ.CASH.IP,M5,19169.4,19168.4,19193.5,19192.5,19165.5,19164.5,19180.2,19179.2,3909
IG,2025-03-13 17:30:00.000,2025-03-13 17:35:00.000,IX.D.NASDAQ.CASH.IP,M5,19180.1,19179.1,19191.6,19190.6,19153.6,19152.6,19156.9,19155.9,4039
IG,2025-03-13 17:35:00.000,2025-03-13 17:40:00.000,IX.D.NASDAQ.CASH.IP,M5,19156.7,19155.7,19175.7,19174.7,19150.5,19149.5,19162.2,19161.2,4823
IG,2025-03-13 17:40:00.000,2025-03-13 17:45:00.000,IX.D.NASDAQ.CASH.IP,M5,19162,19161,19179.7,19178.7,19146.4,19145.4,19149.4,19148.4,4437
IG,2025-03-13 17:45:00.000,2025-03-13 17:50:01.000,IX.D.NASDAQ.CASH.IP,M5,19149.2,19148.2,19160.7,19159.7,19138.2,19137.2,19150,19149,4443
IG,2025-03-13 17:50:01.000,2025-03-13 17:55:00.000,IX.D.NASDAQ.CASH.IP,M5,19149.9,19148.9,19194.5,19193.5,19149.5,19148.5,19190.4,19189.4,5771
IG,2025-03-13 17:55:00.000,2025-03-13 18:00:01.000,IX.D.NASDAQ.CASH.IP,M5,19190,19189,19192.5,19191.5,19151.7,19150.7,19156.5,19155.5,4486
IG,2025-03-13 18:00:01.000,2025-03-13 18:05:00.000,IX.D.NASDAQ.CASH.IP,M5,19156.4,19155.4,19227.4,19226.4,19155.9,19154.9,19217.5,19216.5,7967
IG,2025-03-13 18:05:00.000,2025-03-13 18:10:00.000,IX.D.NASDAQ.CASH.IP,M5,19217.2,19216.2,19248.9,19247.9,19207.1,19206.1,19232.4,19231.4,5892
IG,2025-03-13 18:10:00.000,2025-03-13 18:15:00.000,IX.D.NASDAQ.CASH.IP,M5,19232,19231,19292,19291,19226.6,19225.6,19279.1,19278.1,6460
IG,2025-03-13 18:15:00.000,2025-03-13 18:20:01.000,IX.D.NASDAQ.CASH.IP,M5,19278.6,19277.6,19282,19281,19238.5,19237.5,19244.4,19243.4,6256
IG,2025-03-13 18:20:01.000,2025-03-13 18:25:00.000,IX.D.NASDAQ.CASH.IP,M5,19244.2,19243.2,19282.1,19281.1,19242,19241,19278,19277,4048
IG,2025-03-13 18:25:00.000,2025-03-13 18:30:00.000,IX.D.NASDAQ.CASH.IP,M5,19278.5,19277.5,19296.6,19295.6,19264.4,19263.4,19296.4,19295.4,5710
IG,2025-03-13 18:30:00.000,2025-03-13 18:35:00.000,IX.D.NASDAQ.CASH.IP,M5,19296.7,19295.7,19314.6,19313.6,19271.6,19270.6,19290,19289,5291
IG,2025-03-13 18:35:00.000,2025-03-13 18:40:00.000,IX.D.NASDAQ.CASH.IP,M5,19290.5,19289.5,19324.7,19323.7,19288.4,19287.4,19313.4,19312.4,4856
IG,2025-03-13 18:40:00.000,2025-03-13 18:45:00.000,IX.D.NASDAQ.CASH.IP,M5,19312.9,19311.9,19343.5,19342.5,19303.4,19302.4,19338,19337,3785
IG,2025-03-13 18:45:00.000,2025-03-13 18:50:00.000,IX.D.NASDAQ.CASH.IP,M5,19337.1,19336.1,19344.9,19343.9,19313.9,19312.9,19336,19335,4533
IG,2025-03-13 18:50:00.000,2025-03-13 18:55:00.000,IX.D.NASDAQ.CASH.IP,M5,19336.2,19335.2,19344,19343,19281.7,19280.7,19306.5,19305.5,7678
IG,2025-03-13 18:55:00.000,2025-03-13 18:59:59.000,IX.D.NASDAQ.CASH.IP,M5,19306.4,19305.4,19336.9,19335.9,19296.5,19295.5,19331.1,19330.1,4964
IG,2025-03-13 18:59:59.000,2025-03-13 19:05:00.000,IX.D.NASDAQ.CASH.IP,M5,19330.7,19329.7,19363.9,19362.9,19309.9,19308.9,19312.9,19311.9,6668
IG,2025-03-13 19:05:00.000,2025-03-13 19:10:00.000,IX.D.NASDAQ.CASH.IP,M5,19313.1,19312.1,19317.5,19316.5,19260.7,19259.7,19273.1,19272.1,6314
IG,2025-03-13 19:10:00.000,2025-03-13 19:15:00.000,IX.D.NASDAQ.CASH.IP,M5,19273,19272,19295.9,19294.9,19264.7,19263.7,19288.2,19287.2,4157
IG,2025-03-13 19:15:00.000,2025-03-13 19:20:00.000,IX.D.NASDAQ.CASH.IP,M5,19288.7,19287.7,19301.7,19300.7,19274.4,19273.4,19293.1,19292.1,4478
IG,2025-03-13 19:20:00.000,2025-03-13 19:25:00.000,IX.D.NASDAQ.CASH.IP,M5,19292.9,19291.9,19294.7,19293.7,19268.5,19267.5,19273.7,19272.7,3870
IG,2025-03-13 19:25:00.000,2025-03-13 19:30:00.000,IX.D.NASDAQ.CASH.IP,M5,19273.9,19272.9,19277.1,19276.1,19205.1,19204.1,19229,19228,8226
IG,2025-03-13 19:30:00.000,2025-03-13 19:35:00.000,IX.D.NASDAQ.CASH.IP,M5,19228.2,19227.2,19250.5,19249.5,19207.5,19206.5,19237.2,19236.2,4826
IG,2025-03-13 19:35:00.000,2025-03-13 19:40:00.000,IX.D.NASDAQ.CASH.IP,M5,19237.6,19236.6,19244.1,19243.1,19174.7,19173.7,19175.2,19174.2,5167
IG,2025-03-13 19:40:00.000,2025-03-13 19:45:00.000,IX.D.NASDAQ.CASH.IP,M5,19175.6,19174.6,19207,19206,19170.2,19169.2,19195.6,19194.6,5333
IG,2025-03-13 19:45:00.000,2025-03-13 19:50:00.000,IX.D.NASDAQ.CASH.IP,M5,19196.1,19195.1,19209,19208,19173,19172,19176.9,19175.9,5354
IG,2025-03-13 19:50:00.000,2025-03-13 19:55:00.000,IX.D.NASDAQ.CASH.IP,M5,19177.5,19176.5,19199.2,19198.2,19152.7,19151.7,19195.2,19194.2,8256
IG,2025-03-13 19:55:00.000,2025-03-13 20:00:00.000,IX.D.NASDAQ.CASH.IP,M5,19195,19194,19223.7,19222.7,19186.4,19185.4,19212.9,19210.9,17482
IG,2025-03-13 20:00:00.000,2025-03-13 20:05:01.000,IX.D.NASDAQ.CASH.IP,M5,19212.7,19210.7,19265.4,19263.4,19211.3,19209.3,19262.1,19260.1,8093
IG,2025-03-13 20:05:01.000,2025-03-13 20:10:01.000,IX.D.NASDAQ.CASH.IP,M5,19261.9,19259.9,19270.6,19268.6,19255.6,19253.6,19266.4,19264.4,3213
IG,2025-03-13 20:10:01.000,2025-03-13 20:15:01.000,IX.D.NASDAQ.CASH.IP,M5,19266.3,19264.3,19286.9,19284.9,19261.2,19259.2,19282.9,19280.9,2207
IG,2025-03-13 20:15:01.000,2025-03-13 20:20:00.000,IX.D.NASDAQ.CASH.IP,M5,19283.1,19281.1,19293.6,19291.6,19273.9,19271.9,19275.9,19273.9,1862
IG,2025-03-13 20:20:00.000,2025-03-13 20:25:00.000,IX.D.NASDAQ.CASH.IP,M5,19276.2,19274.2,19283.4,19281.4,19268.9,19266.9,19280.1,19278.1,1311
IG,2025-03-13 20:25:01.000,2025-03-13 20:30:00.000,IX.D.NASDAQ.CASH.IP,M5,19279.7,19277.7,19285.3,19283.3,19275.7,19273.7,19276.3,19274.3,581
IG,2025-03-13 20:30:00.000,2025-03-13 20:35:00.000,IX.D.NASDAQ.CASH.IP,M5,19276.9,19274.9,19284.4,19282.4,19271.6,19269.6,19273.1,19271.1,554
IG,2025-03-13 20:35:00.000,2025-03-13 20:40:00.000,IX.D.NASDAQ.CASH.IP,M5,19272.9,19270.9,19276.7,19274.7,19262.2,19260.2,19264.7,19262.7,950
IG,2025-03-13 20:40:00.000,2025-03-13 20:45:00.000,IX.D.NASDAQ.CASH.IP,M5,19264.8,19262.8,19264.8,19262.8,19255.2,19253.2,19256.6,19254.6,515
IG,2025-03-13 20:45:00.000,2025-03-13 20:50:00.000,IX.D.NASDAQ.CASH.IP,M5,19256.7,19254.7,19269.1,19267.1,19255.2,19253.2,19260.7,19258.7,596
IG,2025-03-13 20:50:00.000,2025-03-13 20:55:00.000,IX.D.NASDAQ.CASH.IP,M5,19260.1,19258.1,19269.3,19267.3,19259.4,19257.4,19264.1,19262.1,432
IG,2025-03-13 20:55:00.000,2025-03-13 21:00:00.000,IX.D.NASDAQ.CASH.IP,M5,19263.7,19261.7,19265.9,19263.9,19258.3,19254.1,19259.3,19254.3,421
IG,2025-03-13 21:00:14.000,2025-03-13 21:04:56.000,IX.D.NASDAQ.CASH.IP,M5,19259.2,19254.2,19259.2,19254.2,19252.2,19247.2,19253,19248,0
IG,2025-03-13 21:05:25.000,2025-03-13 21:09:52.000,IX.D.NASDAQ.CASH.IP,M5,19251.7,19246.7,19252.6,19247.6,19247.5,19242.5,19247.7,19242.7,0
IG,2025-03-13 21:10:00.000,2025-03-13 21:14:58.000,IX.D.NASDAQ.CASH.IP,M5,19248,19243,19248.1,19243.1,19245,19240,19245.5,19240.5,0
IG,2025-03-13 21:15:19.000,2025-03-13 21:19:59.000,IX.D.NASDAQ.CASH.IP,M5,19245.7,19240.7,19246.2,19241.2,19243.1,19238.1,19244.5,19239.5,0
IG,2025-03-13 21:20:17.000,2025-03-13 21:24:42.000,IX.D.NASDAQ.CASH.IP,M5,19244.2,19239.2,19244.9,19239.9,19243.3,19238.3,19243.9,19238.9,0
IG,2025-03-13 21:25:02.000,2025-03-13 21:29:46.000,IX.D.NASDAQ.CASH.IP,M5,19243.7,19238.7,19245,19240,19241.9,19236.9,19243.6,19238.6,0
IG,2025-03-13 21:30:00.000,2025-03-13 21:34:44.000,IX.D.NASDAQ.CASH.IP,M5,19243.8,19238.8,19247.6,19242.6,19243.5,19238.5,19246.9,19241.9,0
IG,2025-03-13 21:35:04.000,2025-03-13 21:39:10.000,IX.D.NASDAQ.CASH.IP,M5,19246.8,19241.8,19247.4,19242.4,19244.4,19239.4,19244.4,19239.4,0
IG,2025-03-13 21:40:14.000,2025-03-13 21:44:49.000,IX.D.NASDAQ.CASH.IP,M5,19244.6,19239.6,19245.9,19240.9,19244.6,19239.6,19245.7,19240.7,0
IG,2025-03-13 21:45:15.000,2025-03-13 21:49:49.000,IX.D.NASDAQ.CASH.IP,M5,19245.9,19240.9,19254.2,19249.2,19245.9,19240.9,19253.2,19248.2,0
IG,2025-03-13 21:50:08.000,2025-03-13 21:54:55.000,IX.D.NASDAQ.CASH.IP,M5,19254.1,19249.1,19256.6,19251.6,19253.2,19248.2,19255.5,19250.5,0
IG,2025-03-13 21:55:02.000,2025-03-13 22:00:00.000,IX.D.NASDAQ.CASH.IP,M5,19253.3,19248.3,19270.3,19268.3,19253.3,19248.3,19265.8,19263.8,9
IG,2025-03-13 22:00:00.000,2025-03-13 22:05:00.000,IX.D.NASDAQ.CASH.IP,M5,19266.6,19264.6,19280.7,19278.7,19262.1,19260.1,19276.8,19274.8,673
IG,2025-03-13 22:05:00.000,2025-03-13 22:10:00.000,IX.D.NASDAQ.CASH.IP,M5,19277.9,19275.9,19304.4,19302.4,19276.3,19274.3,19303.7,19301.7,797
IG,2025-03-13 22:10:00.000,2025-03-13 22:15:00.000,IX.D.NASDAQ.CASH.IP,M5,19303.6,19301.6,19314.6,19312.6,19298.2,19296.2,19311.9,19309.9,876
IG,2025-03-13 22:15:00.000,2025-03-13 22:20:00.000,IX.D.NASDAQ.CASH.IP,M5,19312.1,19310.1,19314.4,19312.4,19291.3,19289.3,19296.1,19294.1,788
IG,2025-03-13 22:20:00.000,2025-03-13 22:25:00.000,IX.D.NASDAQ.CASH.IP,M5,19296.2,19294.2,19301.8,19299.8,19286.8,19284.8,19289.2,19287.2,543
IG,2025-03-13 22:25:00.000,2025-03-13 22:30:00.000,IX.D.NASDAQ.CASH.IP,M5,19290.1,19288.1,19304.2,19302.2,19285.9,19283.9,19303.7,19301.7,608
IG,2025-03-13 22:30:00.000,2025-03-13 22:35:01.000,IX.D.NASDAQ.CASH.IP,M5,19303.6,19301.6,19326.4,19324.4,19299.7,19297.7,19323.8,19321.8,715
IG,2025-03-13 22:36:36.000,2025-03-13 22:44:59.000,IX.D.NASDAQ.CASH.IP,M5,19322.6,19320.6,19346.5,19344.5,19319.8,19317.8,19336.5,19334.5,1178
IG,2025-03-13 22:44:59.000,2025-03-13 22:49:59.000,IX.D.NASDAQ.CASH.IP,M5,19335.9,19333.9,19340,19338,19333.8,19331.8,19338.5,19336.5,219
IG,2025-03-13 22:49:59.000,2025-03-13 22:54:59.000,IX.D.NASDAQ.CASH.IP,M5,19338.6,19336.6,19353.8,19351.8,19338.6,19336.6,19349.9,19347.9,633
IG,2025-03-13 22:54:59.000,2025-03-13 22:59:59.000,IX.D.NASDAQ.CASH.IP,M5,19350,19348,19354.3,19352.3,19329,19327,19335.1,19333.1,517
IG,2025-03-13 22:59:59.000,2025-03-13 23:04:59.000,IX.D.NASDAQ.CASH.IP,M5,19334.8,19332.8,19340.1,19338.1,19324.4,19322.4,19329.6,19327.6,378
IG,2025-03-13 23:04:59.000,2025-03-13 23:09:59.000,IX.D.NASDAQ.CASH.IP,M5,19329.8,19327.8,19350.3,19348.3,19328.8,19326.8,19349.1,19347.1,673
IG,2025-03-13 23:09:59.000,2025-03-13 23:14:59.000,IX.D.NASDAQ.CASH.IP,M5,19349.6,19347.6,19357.9,19355.9,19347.1,19345.1,19349,19347,596
IG,2025-03-13 23:14:59.000,2025-03-13 23:19:59.000,IX.D.NASDAQ.CASH.IP,M5,19348.1,19346.1,19348.4,19346.4,19325.6,19323.6,19335,19333,748
IG,2025-03-13 23:19:59.000,2025-03-13 23:24:59.000,IX.D.NASDAQ.CASH.IP,M5,19334.9,19332.9,19347,19345,19327.6,19325.6,19343,19341,423
IG,2025-03-13 23:24:59.000,2025-03-13 23:29:59.000,IX.D.NASDAQ.CASH.IP,M5,19343.1,19341.1,19346.1,19344.1,19337.4,19335.4,19338.5,19336.5,257
IG,2025-03-13 23:29:59.000,2025-03-13 23:34:57.000,IX.D.NASDAQ.CASH.IP,M5,19337.4,19335.4,19347.5,19345.5,19335.9,19333.9,19346,19344,328
IG,2025-03-13 23:34:59.000,2025-03-13 23:39:59.000,IX.D.NASDAQ.CASH.IP,M5,19346.1,19344.1,19346.1,19344.1,19321.6,19319.6,19327,19325,498
IG,2025-03-13 23:39:59.000,2025-03-13 23:44:59.000,IX.D.NASDAQ.CASH.IP,M5,19327.1,19325.1,19338.6,19336.6,19325.9,19323.9,19331.1,19329.1,402
IG,2025-03-13 23:44:59.000,2025-03-13 23:49:58.000,IX.D.NASDAQ.CASH.IP,M5,19331.3,19329.3,19339.9,19337.9,19327.1,19325.1,19338.1,19336.1,345
IG,2025-03-13 23:50:01.000,2025-03-13 23:54:59.000,IX.D.NASDAQ.CASH.IP,M5,19338,19336,19345.5,19343.5,19332.9,19330.9,19342.1,19340.1,410
IG,2025-03-13 23:54:59.000,2025-03-13 23:59:59.000,IX.D.NASDAQ.CASH.IP,M5,19342,19340,19345.8,19343.8,19328.4,19326.4,19330.8,19328.8,688
IG,2025-03-13 23:59:59.000,2025-03-14 00:04:59.000,IX.D.NASDAQ.CASH.IP,M5,19331.4,19329.4,19349.9,19347.9,19307.6,19305.6,19323.8,19321.8,1384
IG,2025-03-14 00:04:59.000,2025-03-14 00:10:00.000,IX.D.NASDAQ.CASH.IP,M5,19323.9,19321.9,19345.5,19343.5,19323.8,19321.8,19339.5,19337.5,785
IG,2025-03-14 00:10:00.000,2025-03-14 00:14:59.000,IX.D.NASDAQ.CASH.IP,M5,19339.4,19337.4,19349.6,19347.6,19338.1,19336.1,19346.3,19344.3,408
IG,2025-03-14 00:14:59.000,2025-03-14 00:19:59.000,IX.D.NASDAQ.CASH.IP,M5,19346.1,19344.1,19354.5,19352.5,19336.6,19334.6,19349.3,19347.3,742
IG,2025-03-14 00:19:59.000,2025-03-14 00:24:59.000,IX.D.NASDAQ.CASH.IP,M5,19349.4,19347.4,19363.1,19361.1,19340.8,19338.8,19359.8,19357.8,2192
IG,2025-03-14 00:24:59.000,2025-03-14 00:29:59.000,IX.D.NASDAQ.CASH.IP,M5,19359.6,19357.6,19365.3,19363.3,19346.3,19344.3,19351.5,19349.5,1921
IG,2025-03-14 00:29:59.000,2025-03-14 00:34:59.000,IX.D.NASDAQ.CASH.IP,M5,19351.6,19349.6,19387.3,19385.3,19351.1,19349.1,19383.9,19381.9,1540
IG,2025-03-14 00:34:59.000,2025-03-14 00:39:59.000,IX.D.NASDAQ.CASH.IP,M5,19384,19382,19392.1,19390.1,19373.9,19371.9,19391.1,19389.1,1638
IG,2025-03-14 00:39:59.000,2025-03-14 00:44:59.000,IX.D.NASDAQ.CASH.IP,M5,19390.9,19388.9,19398,19396,19380,19378,19390.4,19388.4,1326
IG,2025-03-14 00:44:59.000,2025-03-14 00:49:59.000,IX.D.NASDAQ.CASH.IP,M5,19390.5,19388.5,19391,19389,19378.3,19376.3,19386.6,19384.6,654
IG,2025-03-14 00:49:59.000,2025-03-14 00:54:59.000,IX.D.NASDAQ.CASH.IP,M5,19386.5,19384.5,19394.1,19392.1,19384.8,19382.8,19388.4,19386.4,360
IG,2025-03-14 00:54:59.000,2025-03-14 00:59:59.000,IX.D.NASDAQ.CASH.IP,M5,19389.1,19387.1,19389.1,19387.1,19371.3,19369.3,19373.4,19371.4,836
IG,2025-03-14 00:59:59.000,2025-03-14 01:04:59.000,IX.D.NASDAQ.CASH.IP,M5,19373.3,19371.3,19378.4,19376.4,19367.8,19365.8,19374.3,19372.3,633
IG,2025-03-14 01:04:59.000,2025-03-14 01:10:00.000,IX.D.NASDAQ.CASH.IP,M5,19374.4,19372.4,19382.1,19380.1,19365.3,19363.3,19377.1,19375.1,793
IG,2025-03-14 01:10:00.000,2025-03-14 01:14:59.000,IX.D.NASDAQ.CASH.IP,M5,19377.4,19375.4,19387.3,19385.3,19373.6,19371.6,19384.5,19382.5,1012
IG,2025-03-14 01:14:59.000,2025-03-14 01:19:59.000,IX.D.NASDAQ.CASH.IP,M5,19384.6,19382.6,19386.3,19384.3,19368.9,19366.9,19373.3,19371.3,933
IG,2025-03-14 01:19:59.000,2025-03-14 01:24:59.000,IX.D.NASDAQ.CASH.IP,M5,19373.1,19371.1,19386.8,19384.8,19369.1,19367.1,19382.8,19380.8,403
IG,2025-03-14 01:24:59.000,2025-03-14 01:29:59.000,IX.D.NASDAQ.CASH.IP,M5,19382.6,19380.6,19385,19383,19374,19372,19376.5,19374.5,284
IG,2025-03-14 01:29:59.000,2025-03-14 01:34:59.000,IX.D.NASDAQ.CASH.IP,M5,19376.4,19374.4,19376.8,19374.8,19360.4,19358.4,19367.6,19365.6,679
IG,2025-03-14 01:34:59.000,2025-03-14 01:39:58.000,IX.D.NASDAQ.CASH.IP,M5,19366.9,19364.9,19377,19375,19366.9,19364.9,19370.3,19368.3,506
IG,2025-03-14 01:39:59.000,2025-03-14 01:44:59.000,IX.D.NASDAQ.CASH.IP,M5,19370.9,19368.9,19405.1,19403.1,19369.9,19367.9,19393.5,19391.5,1306
IG,2025-03-14 01:44:59.000,2025-03-14 01:49:59.000,IX.D.NASDAQ.CASH.IP,M5,19393.4,19391.4,19397.1,19395.1,19383.3,19381.3,19386.3,19384.3,627
IG,2025-03-14 01:49:59.000,2025-03-14 01:54:58.000,IX.D.NASDAQ.CASH.IP,M5,19386.4,19384.4,19399.4,19397.4,19380.1,19378.1,19396.4,19394.4,432
IG,2025-03-14 01:54:59.000,2025-03-14 01:59:59.000,IX.D.NASDAQ.CASH.IP,M5,19396.3,19394.3,19396.9,19394.9,19374.8,19372.8,19375.4,19373.4,453
IG,2025-03-14 01:59:59.000,2025-03-14 02:04:59.000,IX.D.NASDAQ.CASH.IP,M5,19375.6,19373.6,19385.1,19383.1,19373.6,19371.6,19377.1,19375.1,583
IG,2025-03-14 02:04:59.000,2025-03-14 02:09:59.000,IX.D.NASDAQ.CASH.IP,M5,19377.3,19375.3,19386.8,19384.8,19374,19372,19376.5,19374.5,335
IG,2025-03-14 02:09:59.000,2025-03-14 02:14:59.000,IX.D.NASDAQ.CASH.IP,M5,19376.6,19374.6,19392.5,19390.5,19376.5,19374.5,19392.1,19390.1,398
IG,2025-03-14 02:14:59.000,2025-03-14 02:20:00.000,IX.D.NASDAQ.CASH.IP,M5,19392.3,19390.3,19395.1,19393.1,19385.5,19383.5,19392.4,19390.4,347
IG,2025-03-14 02:20:00.000,2025-03-14 02:24:56.000,IX.D.NASDAQ.CASH.IP,M5,19392.3,19390.3,19401,19399,19392.3,19390.3,19400.9,19398.9,447
IG,2025-03-14 02:25:00.000,2025-03-14 02:29:58.000,IX.D.NASDAQ.CASH.IP,M5,19400.8,19398.8,19401.1,19399.1,19391.1,19389.1,19395.1,19393.1,380
IG,2025-03-14 02:29:59.000,2025-03-14 02:34:59.000,IX.D.NASDAQ.CASH.IP,M5,19395.3,19393.3,19401.4,19399.4,19393.9,19391.9,19395.6,19393.6,500
IG,2025-03-14 02:34:59.000,2025-03-14 02:39:59.000,IX.D.NASDAQ.CASH.IP,M5,19395.8,19393.8,19401.9,19399.9,19389.4,19387.4,19395.9,19393.9,306
IG,2025-03-14 02:39:59.000,2025-03-14 02:44:59.000,IX.D.NASDAQ.CASH.IP,M5,19395.8,19393.8,19395.8,19393.8,19383.8,19381.8,19389.3,19387.3,496
IG,2025-03-14 02:44:59.000,2025-03-14 02:50:00.000,IX.D.NASDAQ.CASH.IP,M5,19389.4,19387.4,19395.1,19393.1,19384,19382,19389.9,19387.9,320
IG,2025-03-14 02:50:00.000,2025-03-14 02:54:59.000,IX.D.NASDAQ.CASH.IP,M5,19389.8,19387.8,19413.4,19411.4,19389.4,19387.4,19410.9,19408.9,869
IG,2025-03-14 02:54:59.000,2025-03-14 02:59:59.000,IX.D.NASDAQ.CASH.IP,M5,19411,19409,19411,19409,19400.5,19398.5,19408.4,19406.4,473
IG,2025-03-14 02:59:59.000,2025-03-14 03:04:57.000,IX.D.NASDAQ.CASH.IP,M5,19408.3,19406.3,19419,19417,19405.9,19403.9,19415.3,19413.3,513
IG,2025-03-14 03:04:59.000,2025-03-14 03:09:59.000,IX.D.NASDAQ.CASH.IP,M5,19415.4,19413.4,19422,19420,19409.9,19407.9,19410.8,19408.8,403
IG,2025-03-14 03:09:59.000,2025-03-14 03:14:59.000,IX.D.NASDAQ.CASH.IP,M5,19410.9,19408.9,19419,19417,19405.8,19403.8,19417.6,19415.6,616
IG,2025-03-14 03:14:59.000,2025-03-14 03:19:59.000,IX.D.NASDAQ.CASH.IP,M5,19417.8,19415.8,19431.9,19429.9,19417,19415,19428.6,19426.6,838
IG,2025-03-14 03:19:59.000,2025-03-14 03:24:58.000,IX.D.NASDAQ.CASH.IP,M5,19428.5,19426.5,19429,19427,19422.8,19420.8,19424.6,19422.6,270
IG,2025-03-14 03:24:59.000,2025-03-14 03:29:59.000,IX.D.NASDAQ.CASH.IP,M5,19424.8,19422.8,19429.3,19427.3,19423,19421,19423.9,19421.9,256
IG,2025-03-14 03:29:59.000,2025-03-14 03:34:59.000,IX.D.NASDAQ.CASH.IP,M5,19424,19422,19429.9,19427.9,19423,19421,19424.8,19422.8,317
IG,2025-03-14 03:35:00.000,2025-03-14 03:39:59.000,IX.D.NASDAQ.CASH.IP,M5,19424.6,19422.6,19427.3,19425.3,19420.3,19418.3,19423.1,19421.1,304
IG,2025-03-14 03:39:59.000,2025-03-14 03:44:59.000,IX.D.NASDAQ.CASH.IP,M5,19423,19421,19424.6,19422.6,19417.9,19415.9,19424.5,19422.5,328
IG,2025-03-14 03:44:59.000,2025-03-14 03:49:59.000,IX.D.NASDAQ.CASH.IP,M5,19424.4,19422.4,19424.5,19422.5,19417.9,19415.9,19423.9,19421.9,367
IG,2025-03-14 03:49:59.000,2025-03-14 03:54:56.000,IX.D.NASDAQ.CASH.IP,M5,19423.8,19421.8,19428.4,19426.4,19419.9,19417.9,19425.6,19423.6,338
IG,2025-03-14 03:54:59.000,2025-03-14 03:59:59.000,IX.D.NASDAQ.CASH.IP,M5,19425.8,19423.8,19427.6,19425.6,19417,19415,19423.1,19421.1,267
IG,2025-03-14 03:59:59.000,2025-03-14 04:04:59.000,IX.D.NASDAQ.CASH.IP,M5,19422,19420,19426.5,19424.5,19420.6,19418.6,19422.3,19420.3,247
IG,2025-03-14 04:04:59.000,2025-03-14 04:09:59.000,IX.D.NASDAQ.CASH.IP,M5,19422.4,19420.4,19424.9,19422.9,19417.3,19415.3,19423.4,19421.4,406
IG,2025-03-14 04:09:59.000,2025-03-14 04:14:57.000,IX.D.NASDAQ.CASH.IP,M5,19423.5,19421.5,19429.1,19427.1,19419.8,19417.8,19427,19425,388
IG,2025-03-14 04:14:59.000,2025-03-14 04:19:59.000,IX.D.NASDAQ.CASH.IP,M5,19427.1,19425.1,19431.5,19429.5,19424.4,19422.4,19425.6,19423.6,258
IG,2025-03-14 04:19:59.000,2025-03-14 04:24:59.000,IX.D.NASDAQ.CASH.IP,M5,19425.8,19423.8,19430.6,19428.6,19423.6,19421.6,19430.1,19428.1,222
IG,2025-03-14 04:24:59.000,2025-03-14 04:29:58.000,IX.D.NASDAQ.CASH.IP,M5,19430.3,19428.3,19431.1,19429.1,19411.4,19409.4,19412.9,19410.9,636
IG,2025-03-14 04:29:59.000,2025-03-14 04:34:59.000,IX.D.NASDAQ.CASH.IP,M5,19412.8,19410.8,19417.4,19415.4,19409.6,19407.6,19410.4,19408.4,344
IG,2025-03-14 04:34:59.000,2025-03-14 04:39:58.000,IX.D.NASDAQ.CASH.IP,M5,19410.3,19408.3,19413.4,19411.4,19404.1,19402.1,19408.4,19406.4,322
IG,2025-03-14 04:39:59.000,2025-03-14 04:44:59.000,IX.D.NASDAQ.CASH.IP,M5,19408.3,19406.3,19417.6,19415.6,19407.4,19405.4,19413,19411,320
IG,2025-03-14 04:44:59.000,2025-03-14 04:49:58.000,IX.D.NASDAQ.CASH.IP,M5,19413.1,19411.1,19415.3,19413.3,19404.3,19402.3,19407.4,19405.4,221
IG,2025-03-14 04:49:59.000,2025-03-14 04:54:59.000,IX.D.NASDAQ.CASH.IP,M5,19407.3,19405.3,19414.4,19412.4,19407.1,19405.1,19409.4,19407.4,171
IG,2025-03-14 04:54:59.000,2025-03-14 04:59:59.000,IX.D.NASDAQ.CASH.IP,M5,19409.3,19407.3,19414.9,19412.9,19408.9,19406.9,19414.5,19412.5,158
IG,2025-03-14 04:59:59.000,2025-03-14 05:04:59.000,IX.D.NASDAQ.CASH.IP,M5,19414.1,19412.1,19418.4,19416.4,19411.8,19409.8,19416.1,19414.1,278
IG,2025-03-14 05:04:59.000,2025-03-14 05:09:59.000,IX.D.NASDAQ.CASH.IP,M5,19416.3,19414.3,19417.3,19415.3,19409.8,19407.8,19411.6,19409.6,228
IG,2025-03-14 05:09:59.000,2025-03-14 05:14:59.000,IX.D.NASDAQ.CASH.IP,M5,19411.8,19409.8,19422,19420,19410.6,19408.6,19419.8,19417.8,316
IG,2025-03-14 05:14:59.000,2025-03-14 05:20:00.000,IX.D.NASDAQ.CASH.IP,M5,19423.1,19421.1,19427.3,19425.3,19418.5,19416.5,19423.9,19421.9,598
IG,2025-03-14 05:20:00.000,2025-03-14 05:24:59.000,IX.D.NASDAQ.CASH.IP,M5,19424,19422,19425,19423,19395.6,19393.6,19397.6,19395.6,768
IG,2025-03-14 05:24:59.000,2025-03-14 05:29:59.000,IX.D.NASDAQ.CASH.IP,M5,19397.8,19395.8,19410.8,19408.8,19397.8,19395.8,19398.8,19396.8,441
IG,2025-03-14 05:29:59.000,2025-03-14 05:34:59.000,IX.D.NASDAQ.CASH.IP,M5,19399.1,19397.1,19402.1,19400.1,19390.3,19388.3,19391.3,19389.3,471
IG,2025-03-14 05:35:00.000,2025-03-14 05:39:59.000,IX.D.NASDAQ.CASH.IP,M5,19391.1,19389.1,19394.1,19392.1,19386.9,19384.9,19389.5,19387.5,389
IG,2025-03-14 05:39:59.000,2025-03-14 05:44:58.000,IX.D.NASDAQ.CASH.IP,M5,19389.6,19387.6,19396.4,19394.4,19389.3,19387.3,19389.4,19387.4,224
IG,2025-03-14 05:44:59.000,2025-03-14 05:49:59.000,IX.D.NASDAQ.CASH.IP,M5,19389.5,19387.5,19394.1,19392.1,19386.4,19384.4,19391,19389,217
IG,2025-03-14 05:49:59.000,2025-03-14 05:54:59.000,IX.D.NASDAQ.CASH.IP,M5,19391.1,19389.1,19391.6,19389.6,19387,19385,19389.3,19387.3,121
IG,2025-03-14 05:54:59.000,2025-03-14 05:59:59.000,IX.D.NASDAQ.CASH.IP,M5,19388.6,19386.6,19392.1,19390.1,19377.4,19375.4,19383.3,19381.3,388
IG,2025-03-14 05:59:59.000,2025-03-14 06:04:59.000,IX.D.NASDAQ.CASH.IP,M5,19383.1,19381.1,19388.6,19386.6,19370.6,19368.6,19371,19369,723
IG,2025-03-14 06:04:59.000,2025-03-14 06:09:58.000,IX.D.NASDAQ.CASH.IP,M5,19370.9,19368.9,19379.8,19377.8,19364,19362,19379,19377,625
IG,2025-03-14 06:09:59.000,2025-03-14 06:14:59.000,IX.D.NASDAQ.CASH.IP,M5,19378.9,19376.9,19380,19378,19366.8,19364.8,19376.4,19374.4,357
IG,2025-03-14 06:14:59.000,2025-03-14 06:19:58.000,IX.D.NASDAQ.CASH.IP,M5,19376.6,19374.6,19383.5,19381.5,19375.9,19373.9,19377.6,19375.6,348
IG,2025-03-14 06:19:59.000,2025-03-14 06:24:59.000,IX.D.NASDAQ.CASH.IP,M5,19377.5,19375.5,19380.1,19378.1,19372.1,19370.1,19375.6,19373.6,232
IG,2025-03-14 06:24:59.000,2025-03-14 06:29:59.000,IX.D.NASDAQ.CASH.IP,M5,19375.8,19373.8,19378.9,19376.9,19371.3,19369.3,19371.8,19369.8,231
IG,2025-03-14 06:29:59.000,2025-03-14 06:34:59.000,IX.D.NASDAQ.CASH.IP,M5,19372.3,19370.3,19379.8,19377.8,19356.4,19354.4,19362.1,19360.1,596
IG,2025-03-14 06:34:59.000,2025-03-14 06:39:59.000,IX.D.NASDAQ.CASH.IP,M5,19362.3,19360.3,19383,19381,19360,19358,19380.6,19378.6,403
IG,2025-03-14 06:39:59.000,2025-03-14 06:44:58.000,IX.D.NASDAQ.CASH.IP,M5,19380.8,19378.8,19388.6,19386.6,19379.3,19377.3,19385.8,19383.8,428
IG,2025-03-14 06:44:59.000,2025-03-14 06:49:58.000,IX.D.NASDAQ.CASH.IP,M5,19385.6,19383.6,19392.9,19390.9,19378.6,19376.6,19380.5,19378.5,430
IG,2025-03-14 06:49:59.000,2025-03-14 06:54:58.000,IX.D.NASDAQ.CASH.IP,M5,19380.6,19378.6,19385.9,19383.9,19376.3,19374.3,19384.6,19382.6,321
IG,2025-03-14 06:54:59.000,2025-03-14 06:59:59.000,IX.D.NASDAQ.CASH.IP,M5,19384.5,19382.5,19388.8,19386.8,19379.8,19377.8,19385.5,19383.5,276
IG,2025-03-14 06:59:59.000,2025-03-14 07:04:59.000,IX.D.NASDAQ.CASH.IP,M5,19384.9,19382.9,19384.9,19382.9,19357.8,19355.8,19364.4,19362.4,1178
IG,2025-03-14 07:04:59.000,2025-03-14 07:09:59.000,IX.D.NASDAQ.CASH.IP,M5,19364.3,19362.3,19367.6,19365.6,19349.9,19347.9,19353.5,19351.5,706
IG,2025-03-14 07:09:59.000,2025-03-14 07:14:59.000,IX.D.NASDAQ.CASH.IP,M5,19353,19351,19358,19356,19345.6,19343.6,19357.4,19355.4,810
IG,2025-03-14 07:14:59.000,2025-03-14 07:19:59.000,IX.D.NASDAQ.CASH.IP,M5,19357.3,19355.3,19364.3,19362.3,19351.8,19349.8,19360.1,19358.1,576
IG,2025-03-14 07:19:59.000,2025-03-14 07:24:59.000,IX.D.NASDAQ.CASH.IP,M5,19360.3,19358.3,19368.6,19366.6,19358.5,19356.5,19361.8,19359.8,366
IG,2025-03-14 07:24:59.000,2025-03-14 07:30:00.000,IX.D.NASDAQ.CASH.IP,M5,19361.9,19359.9,19371.6,19369.6,19361.9,19359.9,19363.5,19361.5,480
IG,2025-03-14 07:30:00.000,2025-03-14 07:34:59.000,IX.D.NASDAQ.CASH.IP,M5,19363.6,19361.6,19363.8,19361.8,19343,19341,19347.9,19345.9,803
IG,2025-03-14 07:34:59.000,2025-03-14 07:40:00.000,IX.D.NASDAQ.CASH.IP,M5,19347.8,19345.8,19361.5,19359.5,19347.4,19345.4,19361.5,19359.5,450
IG,2025-03-14 07:40:00.000,2025-03-14 07:44:58.000,IX.D.NASDAQ.CASH.IP,M5,19361.4,19359.4,19382.1,19380.1,19359,19357,19381.3,19379.3,651
IG,2025-03-14 07:44:59.000,2025-03-14 07:49:59.000,IX.D.NASDAQ.CASH.IP,M5,19378.1,19376.1,19394.3,19392.3,19377,19375,19382,19380,963
IG,2025-03-14 07:49:59.000,2025-03-14 07:54:57.000,IX.D.NASDAQ.CASH.IP,M5,19381.9,19379.9,19385.8,19383.8,19367.6,19365.6,19383.5,19381.5,746
IG,2025-03-14 07:54:59.000,2025-03-14 07:59:59.000,IX.D.NASDAQ.CASH.IP,M5,19384.4,19382.4,19384.6,19382.6,19361.1,19359.1,19364.4,19362.4,567
IG,2025-03-14 07:59:59.000,2025-03-14 08:04:59.000,IX.D.NASDAQ.CASH.IP,M5,19361.9,19359.9,19374,19372,19347.9,19345.9,19362.9,19360.9,1773
IG,2025-03-14 08:04:59.000,2025-03-14 08:09:59.000,IX.D.NASDAQ.CASH.IP,M5,19362.6,19360.6,19376.5,19374.5,19360.5,19358.5,19373.3,19371.3,1078
IG,2025-03-14 08:09:59.000,2025-03-14 08:14:59.000,IX.D.NASDAQ.CASH.IP,M5,19372.8,19370.8,19388.6,19386.6,19364.1,19362.1,19387.1,19385.1,977
IG,2025-03-14 08:14:59.000,2025-03-14 08:19:59.000,IX.D.NASDAQ.CASH.IP,M5,19385.6,19383.6,19401.3,19399.3,19382.1,19380.1,19392,19390,1029
IG,2025-03-14 08:19:59.000,2025-03-14 08:24:59.000,IX.D.NASDAQ.CASH.IP,M5,19391.9,19389.9,19409.6,19407.6,19391.5,19389.5,19404.4,19402.4,991
IG,2025-03-14 08:24:59.000,2025-03-14 08:29:59.000,IX.D.NASDAQ.CASH.IP,M5,19404.5,19402.5,19425.9,19423.9,19399.5,19397.5,19416.5,19414.5,1178
IG,2025-03-14 08:29:59.000,2025-03-14 08:34:59.000,IX.D.NASDAQ.CASH.IP,M5,19416.9,19414.9,19423.6,19421.6,19397,19395,19398.5,19396.5,1299
IG,2025-03-14 08:34:59.000,2025-03-14 08:39:59.000,IX.D.NASDAQ.CASH.IP,M5,19398.6,19396.6,19402,19400,19391.6,19389.6,19398.5,19396.5,821
IG,2025-03-14 08:39:59.000,2025-03-14 08:44:59.000,IX.D.NASDAQ.CASH.IP,M5,19398.3,19396.3,19405.3,19403.3,19388.5,19386.5,19403.8,19401.8,736
IG,2025-03-14 08:44:59.000,2025-03-14 08:49:59.000,IX.D.NASDAQ.CASH.IP,M5,19403.9,19401.9,19414.4,19412.4,19402.9,19400.9,19414.1,19412.1,659
IG,2025-03-14 08:49:59.000,2025-03-14 08:54:59.000,IX.D.NASDAQ.CASH.IP,M5,19414,19412,19414,19412,19395.3,19393.3,19403.8,19401.8,630
IG,2025-03-14 08:54:59.000,2025-03-14 08:59:59.000,IX.D.NASDAQ.CASH.IP,M5,19404,19402,19406.6,19404.6,19397.8,19395.8,19400.6,19398.6,487
IG,2025-03-14 08:59:59.000,2025-03-14 09:04:59.000,IX.D.NASDAQ.CASH.IP,M5,19401.6,19399.6,19413.3,19411.3,19401.5,19399.5,19410.3,19408.3,587
IG,2025-03-14 09:04:59.000,2025-03-14 09:09:59.000,IX.D.NASDAQ.CASH.IP,M5,19410,19408,19424.4,19422.4,19408.6,19406.6,19419.6,19417.6,886
IG,2025-03-14 09:09:59.000,2025-03-14 09:14:59.000,IX.D.NASDAQ.CASH.IP,M5,19419.5,19417.5,19419.6,19417.6,19405,19403,19414,19412,556
IG,2025-03-14 09:14:59.000,2025-03-14 09:19:59.000,IX.D.NASDAQ.CASH.IP,M5,19414.1,19412.1,19423.3,19421.3,19410.3,19408.3,19421.9,19419.9,350
IG,2025-03-14 09:19:59.000,2025-03-14 09:24:59.000,IX.D.NASDAQ.CASH.IP,M5,19421.8,19419.8,19433.4,19431.4,19415,19413,19423.9,19421.9,775
IG,2025-03-14 09:24:59.000,2025-03-14 09:29:59.000,IX.D.NASDAQ.CASH.IP,M5,19424,19422,19431.6,19429.6,19408.3,19406.3,19413.5,19411.5,875
IG,2025-03-14 09:29:59.000,2025-03-14 09:34:59.000,IX.D.NASDAQ.CASH.IP,M5,19413.4,19411.4,19416.1,19414.1,19399.4,19397.4,19406.1,19404.1,742
IG,2025-03-14 09:34:59.000,2025-03-14 09:39:59.000,IX.D.NASDAQ.CASH.IP,M5,19407.1,19405.1,19417,19415,19402,19400,19409.9,19407.9,739
IG,2025-03-14 09:39:59.000,2025-03-14 09:44:59.000,IX.D.NASDAQ.CASH.IP,M5,19409.8,19407.8,19427.1,19425.1,19404.9,19402.9,19409.4,19407.4,1230
IG,2025-03-14 09:44:59.000,2025-03-14 09:49:59.000,IX.D.NASDAQ.CASH.IP,M5,19409.3,19407.3,19419.1,19417.1,19399.9,19397.9,19416.8,19414.8,1413
IG,2025-03-14 09:49:59.000,2025-03-14 09:54:59.000,IX.D.NASDAQ.CASH.IP,M5,19416.1,19414.1,19424.6,19422.6,19413.9,19411.9,19414.8,19412.8,2000
IG,2025-03-14 09:54:59.000,2025-03-14 10:00:00.000,IX.D.NASDAQ.CASH.IP,M5,19414.4,19412.4,19415.8,19413.8,19408.5,19406.5,19414.9,19412.9,788
IG,2025-03-14 10:00:00.000,2025-03-14 10:04:59.000,IX.D.NASDAQ.CASH.IP,M5,19415,19413,19419.1,19417.1,19406.4,19404.4,19414.3,19412.3,444
IG,2025-03-14 10:04:59.000,2025-03-14 10:09:59.000,IX.D.NASDAQ.CASH.IP,M5,19414.4,19412.4,19419.6,19417.6,19407.9,19405.9,19416.1,19414.1,786
IG,2025-03-14 10:09:59.000,2025-03-14 10:14:59.000,IX.D.NASDAQ.CASH.IP,M5,19416,19414,19419.9,19417.9,19395.4,19393.4,19399.1,19397.1,1836
IG,2025-03-14 10:14:59.000,2025-03-14 10:19:59.000,IX.D.NASDAQ.CASH.IP,M5,19399.3,19397.3,19406.3,19404.3,19392,19390,19401.5,19399.5,1189
IG,2025-03-14 10:19:59.000,2025-03-14 10:24:59.000,IX.D.NASDAQ.CASH.IP,M5,19401.6,19399.6,19402.4,19400.4,19388.3,19386.3,19393.9,19391.9,1052
IG,2025-03-14 10:24:59.000,2025-03-14 10:29:59.000,IX.D.NASDAQ.CASH.IP,M5,19394,19392,19401.3,19399.3,19393.6,19391.6,19398.9,19396.9,1454
IG,2025-03-14 10:29:59.000,2025-03-14 10:34:59.000,IX.D.NASDAQ.CASH.IP,M5,19397.9,19395.9,19398.9,19396.9,19379.5,19377.5,19379.5,19377.5,1602
IG,2025-03-14 10:34:59.000,2025-03-14 10:39:59.000,IX.D.NASDAQ.CASH.IP,M5,19379.6,19377.6,19396.5,19394.5,19371.8,19369.8,19391.9,19389.9,1299
IG,2025-03-14 10:39:59.000,2025-03-14 10:44:58.000,IX.D.NASDAQ.CASH.IP,M5,19392.4,19390.4,19397.4,19395.4,19384,19382,19393.9,19391.9,1494
IG,2025-03-14 10:45:00.000,2025-03-14 10:50:00.000,IX.D.NASDAQ.CASH.IP,M5,19394.1,19392.1,19422.8,19420.8,19391.6,19389.6,19421.1,19419.1,1379
IG,2025-03-14 10:50:00.000,2025-03-14 10:54:59.000,IX.D.NASDAQ.CASH.IP,M5,19421.3,19419.3,19458.5,19456.5,19420.6,19418.6,19446.4,19444.4,3452
IG,2025-03-14 10:54:59.000,2025-03-14 10:59:59.000,IX.D.NASDAQ.CASH.IP,M5,19446.3,19444.3,19448.6,19446.6,19425,19423,19429.8,19427.8,1645
IG,2025-03-14 10:59:59.000,2025-03-14 11:04:59.000,IX.D.NASDAQ.CASH.IP,M5,19429.9,19427.9,19434.9,19432.9,19419.1,19417.1,19432.1,19430.1,1733
IG,2025-03-14 11:04:59.000,2025-03-14 11:09:59.000,IX.D.NASDAQ.CASH.IP,M5,19432.3,19430.3,19441.3,19439.3,19414.1,19412.1,19422.6,19420.6,1693
IG,2025-03-14 11:09:59.000,2025-03-14 11:14:59.000,IX.D.NASDAQ.CASH.IP,M5,19422.8,19420.8,19425.5,19423.5,19414.6,19412.6,19415.6,19413.6,1008
IG,2025-03-14 11:14:59.000,2025-03-14 11:19:59.000,IX.D.NASDAQ.CASH.IP,M5,19415.5,19413.5,19419.6,19417.6,19396.8,19394.8,19398.6,19396.6,1353
IG,2025-03-14 11:19:59.000,2025-03-14 11:24:59.000,IX.D.NASDAQ.CASH.IP,M5,19398.5,19396.5,19413.4,19411.4,19398.5,19396.5,19409.4,19407.4,823
IG,2025-03-14 11:24:59.000,2025-03-14 11:29:59.000,IX.D.NASDAQ.CASH.IP,M5,19409.3,19407.3,19421.1,19419.1,19403.1,19401.1,19420.1,19418.1,734
IG,2025-03-14 11:29:59.000,2025-03-14 11:34:59.000,IX.D.NASDAQ.CASH.IP,M5,19420.4,19418.4,19432.3,19430.3,19415,19413,19429,19427,1083
IG,2025-03-14 11:34:59.000,2025-03-14 11:40:00.000,IX.D.NASDAQ.CASH.IP,M5,19428.9,19426.9,19439.5,19437.5,19425.1,19423.1,19438.6,19436.6,1410
IG,2025-03-14 11:40:00.000,2025-03-14 11:44:59.000,IX.D.NASDAQ.CASH.IP,M5,19439,19437,19449,19447,19432.6,19430.6,19444.1,19442.1,1649
IG,2025-03-14 11:44:59.000,2025-03-14 11:49:59.000,IX.D.NASDAQ.CASH.IP,M5,19444,19442,19459.6,19457.6,19439.9,19437.9,19458.4,19456.4,967
IG,2025-03-14 11:49:59.000,2025-03-14 11:54:59.000,IX.D.NASDAQ.CASH.IP,M5,19458.5,19456.5,19459.4,19457.4,19439.9,19437.9,19442.9,19440.9,924
IG,2025-03-14 11:54:59.000,2025-03-14 12:00:00.000,IX.D.NASDAQ.CASH.IP,M5,19443,19441,19456.1,19454.1,19441.3,19439.3,19446.3,19444.3,878
IG,2025-03-14 12:00:00.000,2025-03-14 12:04:59.000,IX.D.NASDAQ.CASH.IP,M5,19446.1,19444.1,19454,19452,19439.9,19437.9,19450.9,19448.9,983
IG,2025-03-14 12:04:59.000,2025-03-14 12:09:59.000,IX.D.NASDAQ.CASH.IP,M5,19450.8,19448.8,19463.5,19461.5,19448.3,19446.3,19456.9,19454.9,1807
IG,2025-03-14 12:09:59.000,2025-03-14 12:14:59.000,IX.D.NASDAQ.CASH.IP,M5,19456.8,19454.8,19460.9,19458.9,19441.8,19439.8,19452.4,19450.4,1265
IG,2025-03-14 12:14:59.000,2025-03-14 12:19:59.000,IX.D.NASDAQ.CASH.IP,M5,19452.5,19450.5,19460.8,19458.8,19449,19447,19458.9,19456.9,991
IG,2025-03-14 12:19:59.000,2025-03-14 12:24:59.000,IX.D.NASDAQ.CASH.IP,M5,19459,19457,19481.4,19479.4,19458.5,19456.5,19480.9,19478.9,1728
IG,2025-03-14 12:24:59.000,2025-03-14 12:29:59.000,IX.D.NASDAQ.CASH.IP,M5,19481,19479,19495,19493,19476.3,19474.3,19494.9,19492.9,3726
IG,2025-03-14 12:29:59.000,2025-03-14 12:34:59.000,IX.D.NASDAQ.CASH.IP,M5,19495,19493,19505.8,19503.8,19487.4,19485.4,19494.3,19492.3,2469
IG,2025-03-14 12:34:59.000,2025-03-14 12:39:59.000,IX.D.NASDAQ.CASH.IP,M5,19494.1,19492.1,19495.9,19493.9,19475.4,19473.4,19475.4,19473.4,1805
IG,2025-03-14 12:39:59.000,2025-03-14 12:44:59.000,IX.D.NASDAQ.CASH.IP,M5,19475.5,19473.5,19485.9,19483.9,19465.3,19463.3,19469,19467,1753
IG,2025-03-14 12:44:59.000,2025-03-14 12:49:59.000,IX.D.NASDAQ.CASH.IP,M5,19469.4,19467.4,19488.9,19486.9,19469.1,19467.1,19480.1,19478.1,1711
IG,2025-03-14 12:49:59.000,2025-03-14 12:54:59.000,IX.D.NASDAQ.CASH.IP,M5,19480.3,19478.3,19480.6,19478.6,19470.6,19468.6,19471.1,19469.1,1010
IG,2025-03-14 12:54:59.000,2025-03-14 12:59:59.000,IX.D.NASDAQ.CASH.IP,M5,19471,19469,19474,19472,19460.5,19458.5,19468.3,19466.3,1209
IG,2025-03-14 12:59:59.000,2025-03-14 13:04:59.000,IX.D.NASDAQ.CASH.IP,M5,19468.1,19466.1,19481.1,19479.1,19456.8,19454.8,19476.3,19474.3,2020
IG,2025-03-14 13:04:59.000,2025-03-14 13:09:59.000,IX.D.NASDAQ.CASH.IP,M5,19476.4,19474.4,19477.8,19475.8,19463.9,19461.9,19466.1,19464.1,1314
IG,2025-03-14 13:09:59.000,2025-03-14 13:14:59.000,IX.D.NASDAQ.CASH.IP,M5,19466,19464,19471.8,19469.8,19451.6,19449.6,19451.9,19449.9,1464
IG,2025-03-14 13:14:59.000,2025-03-14 13:19:59.000,IX.D.NASDAQ.CASH.IP,M5,19452.1,19450.1,19453.4,19451.4,19437.1,19435.1,19439,19437,1667
IG,2025-03-14 13:19:59.000,2025-03-14 13:24:59.000,IX.D.NASDAQ.CASH.IP,M5,19439.1,19437.1,19452.5,19450.5,19437.6,19435.6,19450.9,19448.9,1892
IG,2025-03-14 13:24:59.000,2025-03-14 13:29:59.000,IX.D.NASDAQ.CASH.IP,M5,19451,19449,19454.8,19452.8,19430.9,19428.9,19438.3,19436.3,3090
IG,2025-03-14 13:29:59.000,2025-03-14 13:34:59.000,IX.D.NASDAQ.CASH.IP,M5,19437.6,19435.6,19517.1,19516.1,19423.5,19422.5,19509.9,19508.9,17703
IG,2025-03-14 13:34:59.000,2025-03-14 13:39:59.000,IX.D.NASDAQ.CASH.IP,M5,19510,19509,19572.1,19571.1,19501.8,19500.8,19553.4,19552.4,17465
IG,2025-03-14 13:39:59.000,2025-03-14 13:44:59.000,IX.D.NASDAQ.CASH.IP,M5,19553.3,19552.3,19562.1,19561.1,19521,19520,19548.6,19547.6,12162
IG,2025-03-14 13:44:59.000,2025-03-14 13:49:59.000,IX.D.NASDAQ.CASH.IP,M5,19548.9,19547.9,19575,19574,19534.3,19533.3,19568.9,19567.9,9894
IG,2025-03-14 13:49:59.000,2025-03-14 13:54:59.000,IX.D.NASDAQ.CASH.IP,M5,19570.9,19569.9,19592.5,19591.5,19547.8,19546.8,19579.9,19578.9,10317
IG,2025-03-14 13:54:59.000,2025-03-14 13:59:59.000,IX.D.NASDAQ.CASH.IP,M5,19580.6,19579.6,19580.6,19579.6,19508.9,19507.9,19518.5,19517.5,8861
IG,2025-03-14 13:59:59.000,2025-03-14 14:04:59.000,IX.D.NASDAQ.CASH.IP,M5,19519,19518,19519,19518,19411.9,19410.9,19499.1,19498.1,21755
IG,2025-03-14 14:04:59.000,2025-03-14 14:09:59.000,IX.D.NASDAQ.CASH.IP,M5,19499.5,19498.5,19554.3,19553.3,19469.1,19468.1,19470.9,19469.9,14048
IG,2025-03-14 14:09:59.000,2025-03-14 14:14:59.000,IX.D.NASDAQ.CASH.IP,M5,19470.6,19469.6,19497.3,19496.3,19434.9,19433.9,19450.6,19449.6,11651
IG,2025-03-14 14:14:59.000,2025-03-14 14:19:59.000,IX.D.NASDAQ.CASH.IP,M5,19450.9,19449.9,19475.8,19474.8,19444.3,19443.3,19466.9,19465.9,8388
IG,2025-03-14 14:19:59.000,2025-03-14 14:24:59.000,IX.D.NASDAQ.CASH.IP,M5,19466.8,19465.8,19494.6,19493.6,19417.5,19416.5,19489.1,19488.1,13744
IG,2025-03-14 14:24:59.000,2025-03-14 14:29:59.000,IX.D.NASDAQ.CASH.IP,M5,19489.6,19488.6,19493.1,19492.1,19433,19432,19447.3,19446.3,9700
IG,2025-03-14 14:29:59.000,2025-03-14 14:34:59.000,IX.D.NASDAQ.CASH.IP,M5,19447,19446,19484.1,19483.1,19442.6,19441.6,19469.6,19468.6,8676
IG,2025-03-14 14:34:59.000,2025-03-14 14:40:00.000,IX.D.NASDAQ.CASH.IP,M5,19470.9,19469.9,19523.5,19522.5,19439.9,19438.9,19519.9,19518.9,10951
IG,2025-03-14 14:40:00.000,2025-03-14 14:44:59.000,IX.D.NASDAQ.CASH.IP,M5,19520,19519,19533.4,19532.4,19485.3,19484.3,19521.1,19520.1,10395
IG,2025-03-14 14:44:59.000,2025-03-14 14:49:59.000,IX.D.NASDAQ.CASH.IP,M5,19521.8,19520.8,19550.5,19549.5,19518.6,19517.6,19534.4,19533.4,9915
IG,2025-03-14 14:49:59.000,2025-03-14 14:54:59.000,IX.D.NASDAQ.CASH.IP,M5,19534.3,19533.3,19553.9,19552.9,19530.1,19529.1,19532.9,19531.9,6673
IG,2025-03-14 14:54:59.000,2025-03-14 14:59:59.000,IX.D.NASDAQ.CASH.IP,M5,19532.4,19531.4,19582.9,19581.9,19514.4,19513.4,19582.4,19581.4,9874
IG,2025-03-14 14:59:59.000,2025-03-14 15:04:59.000,IX.D.NASDAQ.CASH.IP,M5,19582,19581,19613.1,19612.1,19582,19581,19606.4,19605.4,12256
IG,2025-03-14 15:04:59.000,2025-03-14 15:09:59.000,IX.D.NASDAQ.CASH.IP,M5,19606.9,19605.9,19612.1,19611.1,19579.3,19578.3,19583,19582,7107
IG,2025-03-14 15:09:59.000,2025-03-14 15:14:59.000,IX.D.NASDAQ.CASH.IP,M5,19583.4,19582.4,19607.9,19606.9,19563.9,19562.9,19587.4,19586.4,9196
IG,2025-03-14 15:14:59.000,2025-03-14 15:19:59.000,IX.D.NASDAQ.CASH.IP,M5,19587.3,19586.3,19618.9,19617.9,19587,19586,19617.4,19616.4,6487
IG,2025-03-14 15:19:59.000,2025-03-14 15:24:59.000,IX.D.NASDAQ.CASH.IP,M5,19617.6,19616.6,19635,19634,19609.4,19608.4,19624.8,19623.8,7848
IG,2025-03-14 15:24:59.000,2025-03-14 15:29:59.000,IX.D.NASDAQ.CASH.IP,M5,19624.4,19623.4,19631.5,19630.5,19601.8,19600.8,19616.9,19615.9,5527
IG,2025-03-14 15:29:59.000,2025-03-14 15:34:59.000,IX.D.NASDAQ.CASH.IP,M5,19617,19616,19643.8,19642.8,19612.5,19611.5,19634.8,19633.8,6045
IG,2025-03-14 15:34:59.000,2025-03-14 15:39:59.000,IX.D.NASDAQ.CASH.IP,M5,19635.3,19634.3,19654.5,19653.5,19630.1,19629.1,19653.8,19652.8,6553
IG,2025-03-14 15:39:59.000,2025-03-14 15:44:59.000,IX.D.NASDAQ.CASH.IP,M5,19654,19653,19671.5,19670.5,19648.8,19647.8,19669.1,19668.1,6335
IG,2025-03-14 15:44:59.000,2025-03-14 15:49:59.000,IX.D.NASDAQ.CASH.IP,M5,19668.4,19667.4,19674.8,19673.8,19623.4,19622.4,19642.5,19641.5,8018
IG,2025-03-14 15:49:59.000,2025-03-14 15:54:59.000,IX.D.NASDAQ.CASH.IP,M5,19642.6,19641.6,19648.3,19647.3,19620.8,19619.8,19645.4,19644.4,4573
IG,2025-03-14 15:54:59.000,2025-03-14 15:59:59.000,IX.D.NASDAQ.CASH.IP,M5,19642.4,19641.4,19661.6,19660.6,19633.1,19632.1,19652.3,19651.3,5443
IG,2025-03-14 15:59:59.000,2025-03-14 16:04:59.000,IX.D.NASDAQ.CASH.IP,M5,19652.4,19651.4,19664.6,19663.6,19636.4,19635.4,19637.1,19636.1,4031
IG,2025-03-14 16:04:59.000,2025-03-14 16:09:59.000,IX.D.NASDAQ.CASH.IP,M5,19636.6,19635.6,19643.5,19642.5,19615,19614,19617.1,19616.1,5045
IG,2025-03-14 16:09:59.000,2025-03-14 16:14:59.000,IX.D.NASDAQ.CASH.IP,M5,19617.3,19616.3,19624.9,19623.9,19598.8,19597.8,19610.1,19609.1,5590
IG,2025-03-14 16:14:59.000,2025-03-14 16:19:59.000,IX.D.NASDAQ.CASH.IP,M5,19610,19609,19619.8,19618.8,19586.1,19585.1,19607.1,19606.1,6033
IG,2025-03-14 16:19:59.000,2025-03-14 16:24:59.000,IX.D.NASDAQ.CASH.IP,M5,19607,19606,19632.4,19631.4,19603.6,19602.6,19619.1,19618.1,5449
IG,2025-03-14 16:24:59.000,2025-03-14 16:29:59.000,IX.D.NASDAQ.CASH.IP,M5,19619.4,19618.4,19628.8,19627.8,19580.4,19579.4,19586.9,19585.9,4858
IG,2025-03-14 16:29:59.000,2025-03-14 16:34:59.000,IX.D.NASDAQ.CASH.IP,M5,19587.1,19586.1,19607.8,19606.8,19576.5,19575.5,19607.5,19606.5,5478
IG,2025-03-14 16:34:59.000,2025-03-14 16:39:59.000,IX.D.NASDAQ.CASH.IP,M5,19607.4,19606.4,19649.6,19648.6,19605.3,19604.3,19626.6,19625.6,6915
IG,2025-03-14 16:39:59.000,2025-03-14 16:44:59.000,IX.D.NASDAQ.CASH.IP,M5,19626.4,19625.4,19654.3,19653.3,19626,19625,19650.5,19649.5,4242
IG,2025-03-14 16:44:59.000,2025-03-14 16:49:59.000,IX.D.NASDAQ.CASH.IP,M5,19650.6,19649.6,19653.5,19652.5,19637.4,19636.4,19653.3,19652.3,3869
IG,2025-03-14 16:49:59.000,2025-03-14 16:54:59.000,IX.D.NASDAQ.CASH.IP,M5,19653.4,19652.4,19679.4,19678.4,19649.9,19648.9,19670,19669,7043
IG,2025-03-14 16:54:59.000,2025-03-14 16:59:59.000,IX.D.NASDAQ.CASH.IP,M5,19669.8,19668.8,19675.1,19674.1,19653.8,19652.8,19658.8,19657.8,5198
IG,2025-03-14 16:59:59.000,2025-03-14 17:04:59.000,IX.D.NASDAQ.CASH.IP,M5,19658.9,19657.9,19679,19678,19632.3,19631.3,19647.1,19646.1,9542
IG,2025-03-14 17:04:59.000,2025-03-14 17:09:59.000,IX.D.NASDAQ.CASH.IP,M5,19647.3,19646.3,19673.6,19672.6,19641.6,19640.6,19664.1,19663.1,4655
IG,2025-03-14 17:09:59.000,2025-03-14 17:14:59.000,IX.D.NASDAQ.CASH.IP,M5,19664.3,19663.3,19667,19666,19638.9,19637.9,19645.3,19644.3,4015
IG,2025-03-14 17:14:59.000,2025-03-14 17:19:59.000,IX.D.NASDAQ.CASH.IP,M5,19644.3,19643.3,19666.4,19665.4,19636.3,19635.3,19640.8,19639.8,3615
IG,2025-03-14 17:19:59.000,2025-03-14 17:24:59.000,IX.D.NASDAQ.CASH.IP,M5,19641.1,19640.1,19663.8,19662.8,19633.1,19632.1,19637.8,19636.8,4325
IG,2025-03-14 17:24:59.000,2025-03-14 17:29:59.000,IX.D.NASDAQ.CASH.IP,M5,19637.6,19636.6,19650.1,19649.1,19614.5,19613.5,19625,19624,4621
IG,2025-03-14 17:29:59.000,2025-03-14 17:34:59.000,IX.D.NASDAQ.CASH.IP,M5,19624.3,19623.3,19644,19643,19601.9,19600.9,19609.3,19608.3,5086
IG,2025-03-14 17:34:59.000,2025-03-14 17:40:01.000,IX.D.NASDAQ.CASH.IP,M5,19609.5,19608.5,19630.9,19629.9,19592.8,19591.8,19622.8,19621.8,4842
IG,2025-03-14 17:40:01.000,2025-03-14 17:44:59.000,IX.D.NASDAQ.CASH.IP,M5,19622.5,19621.5,19626.6,19625.6,19600.1,19599.1,19602.3,19601.3,3106
IG,2025-03-14 17:44:59.000,2025-03-14 17:49:59.000,IX.D.NASDAQ.CASH.IP,M5,19602.1,19601.1,19611.1,19610.1,19591.9,19590.9,19603.9,19602.9,3920
IG,2025-03-14 17:49:59.000,2025-03-14 17:54:59.000,IX.D.NASDAQ.CASH.IP,M5,19603.8,19602.8,19634.8,19633.8,19601.9,19600.9,19630.5,19629.5,5254
IG,2025-03-14 17:54:59.000,2025-03-14 18:00:00.000,IX.D.NASDAQ.CASH.IP,M5,19630.4,19629.4,19632.1,19631.1,19597.8,19596.8,19602.4,19601.4,4094
IG,2025-03-14 18:00:00.000,2025-03-14 18:05:00.000,IX.D.NASDAQ.CASH.IP,M5,19602.9,19601.9,19634.9,19633.9,19602,19601,19632.4,19631.4,4952
IG,2025-03-14 18:05:00.000,2025-03-14 18:09:59.000,IX.D.NASDAQ.CASH.IP,M5,19632.3,19631.3,19645.1,19644.1,19621.1,19620.1,19629.1,19628.1,5157
IG,2025-03-14 18:09:59.000,2025-03-14 18:14:59.000,IX.D.NASDAQ.CASH.IP,M5,19628.4,19627.4,19637.3,19636.3,19602.8,19601.8,19606.3,19605.3,3502
IG,2025-03-14 18:14:59.000,2025-03-14 18:19:59.000,IX.D.NASDAQ.CASH.IP,M5,19606,19605,19614.8,19613.8,19596,19595,19605.6,19604.6,4017
IG,2025-03-14 18:19:59.000,2025-03-14 18:24:59.000,IX.D.NASDAQ.CASH.IP,M5,19605.8,19604.8,19614.4,19613.4,19584.5,19583.5,19588.9,19587.9,3955
IG,2025-03-14 18:24:59.000,2025-03-14 18:29:59.000,IX.D.NASDAQ.CASH.IP,M5,19588.5,19587.5,19616,19615,19587.1,19586.1,19604.3,19603.3,3754
IG,2025-03-14 18:29:59.000,2025-03-14 18:34:59.000,IX.D.NASDAQ.CASH.IP,M5,19604.1,19603.1,19638.4,19637.4,19603.6,19602.6,19637.4,19636.4,4137
IG,2025-03-14 18:34:59.000,2025-03-14 18:39:59.000,IX.D.NASDAQ.CASH.IP,M5,19637.3,19636.3,19661.9,19660.9,19626,19625,19661,19660,4505
IG,2025-03-14 18:39:59.000,2025-03-14 18:44:59.000,IX.D.NASDAQ.CASH.IP,M5,19660.8,19659.8,19666.4,19665.4,19642.5,19641.5,19659.4,19658.4,4488
IG,2025-03-14 18:44:59.000,2025-03-14 18:49:59.000,IX.D.NASDAQ.CASH.IP,M5,19659.5,19658.5,19675.4,19674.4,19656,19655,19658.8,19657.8,4421
IG,2025-03-14 18:49:59.000,2025-03-14 18:54:59.000,IX.D.NASDAQ.CASH.IP,M5,19658.6,19657.6,19665.4,19664.4,19643.9,19642.9,19649.8,19648.8,4039
IG,2025-03-14 18:54:59.000,2025-03-14 18:59:59.000,IX.D.NASDAQ.CASH.IP,M5,19650,19649,19655.1,19654.1,19624.1,19623.1,19646.8,19645.8,4392
IG,2025-03-14 18:59:59.000,2025-03-14 19:04:59.000,IX.D.NASDAQ.CASH.IP,M5,19646.6,19645.6,19659.5,19658.5,19634.5,19633.5,19657.8,19656.8,4029
IG,2025-03-14 19:04:59.000,2025-03-14 19:10:00.000,IX.D.NASDAQ.CASH.IP,M5,19657.9,19656.9,19675.8,19674.8,19654,19653,19669,19668,3745
IG,2025-03-14 19:10:00.000,2025-03-14 19:14:59.000,IX.D.NASDAQ.CASH.IP,M5,19668.9,19667.9,19684.3,19683.3,19656.3,19655.3,19682.8,19681.8,4706
IG,2025-03-14 19:14:59.000,2025-03-14 19:19:59.000,IX.D.NASDAQ.CASH.IP,M5,19682.6,19681.6,19684.3,19683.3,19658.4,19657.4,19664.8,19663.8,4642
IG,2025-03-14 19:19:59.000,2025-03-14 19:25:00.000,IX.D.NASDAQ.CASH.IP,M5,19665.4,19664.4,19670.9,19669.9,19642.4,19641.4,19659.3,19658.3,4581
IG,2025-03-14 19:25:00.000,2025-03-14 19:30:00.000,IX.D.NASDAQ.CASH.IP,M5,19659.5,19658.5,19665.8,19664.8,19636.4,19635.4,19640.9,19639.9,4085
IG,2025-03-14 19:30:00.000,2025-03-14 19:34:59.000,IX.D.NASDAQ.CASH.IP,M5,19640.8,19639.8,19661.4,19660.4,19640.8,19639.8,19654.4,19653.4,4034
IG,2025-03-14 19:34:59.000,2025-03-14 19:39:59.000,IX.D.NASDAQ.CASH.IP,M5,19654.3,19653.3,19655.9,19654.9,19630.4,19629.4,19632.6,19631.6,4484
IG,2025-03-14 19:39:59.000,2025-03-14 19:44:59.000,IX.D.NASDAQ.CASH.IP,M5,19632,19631,19644.4,19643.4,19622.4,19621.4,19640.8,19639.8,4832
IG,2025-03-14 19:44:59.000,2025-03-14 19:49:59.000,IX.D.NASDAQ.CASH.IP,M5,19640.6,19639.6,19669.1,19668.1,19632.1,19631.1,19668.4,19667.4,7239
IG,2025-03-14 19:49:59.000,2025-03-14 19:54:59.000,IX.D.NASDAQ.CASH.IP,M5,19668.5,19667.5,19707.1,19706.1,19633.4,19632.4,19703,19702,11655
IG,2025-03-14 19:54:59.000,2025-03-14 19:59:59.000,IX.D.NASDAQ.CASH.IP,M5,19703.1,19702.1,19714.8,19713.8,19676,19675,19678.3,19677.3,26887
IG,2025-03-14 19:59:59.000,2025-03-14 20:04:59.000,IX.D.NASDAQ.CASH.IP,M5,19678.8,19676.8,19678.8,19676.8,19637.4,19635.4,19643.8,19641.8,11252
IG,2025-03-14 20:04:59.000,2025-03-14 20:09:59.000,IX.D.NASDAQ.CASH.IP,M5,19644.1,19642.1,19648.6,19646.6,19636.3,19634.3,19638.4,19636.4,3009
IG,2025-03-14 20:09:59.000,2025-03-14 20:14:59.000,IX.D.NASDAQ.CASH.IP,M5,19638.3,19636.3,19642.8,19640.8,19626.8,19624.8,19634.1,19632.1,2311
IG,2025-03-14 20:14:59.000,2025-03-14 20:19:59.000,IX.D.NASDAQ.CASH.IP,M5,19634.5,19632.5,19641.3,19639.3,19630.8,19628.8,19633.9,19631.9,1282
IG,2025-03-14 20:19:59.000,2025-03-14 20:24:59.000,IX.D.NASDAQ.CASH.IP,M5,19634,19632,19634.1,19632.1,19613.6,19611.6,19620,19618,1406
IG,2025-03-14 20:24:59.000,2025-03-14 20:29:58.000,IX.D.NASDAQ.CASH.IP,M5,19619.6,19617.6,19630.5,19628.5,19617.8,19615.8,19629.5,19627.5,966
IG,2025-03-14 20:29:59.000,2025-03-14 20:34:59.000,IX.D.NASDAQ.CASH.IP,M5,19629.6,19627.6,19642.3,19640.3,19624.8,19622.8,19636.6,19634.6,934
IG,2025-03-14 20:34:59.000,2025-03-14 20:39:59.000,IX.D.NASDAQ.CASH.IP,M5,19636.8,19634.8,19637.8,19635.8,19628.9,19626.9,19635.4,19633.4,663
IG,2025-03-14 20:39:59.000,2025-03-14 20:44:59.000,IX.D.NASDAQ.CASH.IP,M5,19635.3,19633.3,19641,19639,19632,19630,19640.9,19638.9,686
IG,2025-03-14 20:44:59.000,2025-03-14 20:49:59.000,IX.D.NASDAQ.CASH.IP,M5,19641,19639,19641.5,19639.5,19631.8,19629.8,19639.3,19637.3,891
IG,2025-03-14 20:49:59.000,2025-03-14 20:54:59.000,IX.D.NASDAQ.CASH.IP,M5,19639,19637,19641.4,19639.4,19634.5,19632.5,19640.9,19638.9,513
IG,2025-03-14 20:54:59.000,2025-03-14 20:59:59.000,IX.D.NASDAQ.CASH.IP,M5,19640.8,19638.8,19647.9,19645.9,19636.9,19634.9,19646.5,19641.5,748
IG,2025-03-14 20:59:59.000,2025-03-14 21:00:00.000,IX.D.NASDAQ.CASH.IP,M5,19646.4,19641.4,19646.4,19641.4,19646.4,19641.4,19646.4,19641.4,0
IG,2025-03-14 21:00:00.000,2025-03-14 21:05:00.000,IX.D.NASDAQ.CASH.IP,M5,19646.4,19641.4,19646.4,19641.4,19646.4,19641.4,19646.4,19641.4,0
IG,2025-03-16 22:00:00.000,2025-03-16 22:05:00.000,IX.D.NASDAQ.CASH.IP,M5,19630.1,19628.1,19667.6,19665.6,19630.1,19628.1,19638.4,19636.4,1175
IG,2025-03-16 22:05:00.000,2025-03-16 22:10:00.000,IX.D.NASDAQ.CASH.IP,M5,19638.3,19636.3,19641.3,19639.3,19596.9,19594.9,19599.4,19597.4,1240
IG,2025-03-16 22:10:00.000,2025-03-16 22:15:00.000,IX.D.NASDAQ.CASH.IP,M5,19599.6,19597.6,19612.4,19610.4,19574.3,19572.3,19594.8,19592.8,1674
IG,2025-03-16 22:15:00.000,2025-03-16 22:20:00.000,IX.D.NASDAQ.CASH.IP,M5,19594.7,19592.7,19599.6,19597.6,19578.1,19576.1,19593.8,19591.8,872
IG,2025-03-16 22:20:00.000,2025-03-16 22:25:00.000,IX.D.NASDAQ.CASH.IP,M5,19593.9,19591.9,19602.6,19600.6,19583.7,19581.7,19598.3,19596.3,717
IG,2025-03-16 22:25:00.000,2025-03-16 22:30:00.000,IX.D.NASDAQ.CASH.IP,M5,19598.4,19596.4,19605.3,19603.3,19589.6,19587.6,19596.1,19594.1,431
IG,2025-03-16 22:30:00.000,2025-03-16 22:35:00.000,IX.D.NASDAQ.CASH.IP,M5,19596.2,19594.2,19602.4,19600.4,19578.2,19576.2,19591.2,19589.2,846
IG,2025-03-16 22:35:00.000,2025-03-16 22:40:00.000,IX.D.NASDAQ.CASH.IP,M5,19591.8,19589.8,19596.2,19594.2,19576.3,19574.3,19581.7,19579.7,693
IG,2025-03-16 22:40:00.000,2025-03-16 22:45:00.000,IX.D.NASDAQ.CASH.IP,M5,19581.6,19579.6,19601.7,19599.7,19578.9,19576.9,19594.9,19592.9,670
IG,2025-03-16 22:45:00.000,2025-03-16 22:50:00.000,IX.D.NASDAQ.CASH.IP,M5,19595.1,19593.1,19595.6,19593.6,19584.4,19582.4,19585.2,19583.2,410
IG,2025-03-16 22:50:00.000,2025-03-16 22:55:00.000,IX.D.NASDAQ.CASH.IP,M5,19585.1,19583.1,19593.1,19591.1,19557.6,19555.6,19574.1,19572.1,1674
IG,2025-03-16 22:55:19.000,2025-03-16 23:04:57.000,IX.D.NASDAQ.CASH.IP,M5,19576.8,19574.8,19576.8,19574.8,19540.8,19538.8,19557.4,19555.4,1568
IG,2025-03-16 23:04:57.000,2025-03-16 23:09:53.000,IX.D.NASDAQ.CASH.IP,M5,19557.6,19555.6,19557.8,19555.8,19532.3,19530.3,19539.7,19537.7,583
IG,2025-03-16 23:09:57.000,2025-03-16 23:14:56.000,IX.D.NASDAQ.CASH.IP,M5,19539.6,19537.6,19550.8,19548.8,19533.1,19531.1,19549.6,19547.6,533
IG,2025-03-16 23:14:59.000,2025-03-16 23:19:54.000,IX.D.NASDAQ.CASH.IP,M5,19549.7,19547.7,19566.1,19564.1,19547.9,19545.9,19559.9,19557.9,523
IG,2025-03-16 23:19:59.000,2025-03-16 23:24:57.000,IX.D.NASDAQ.CASH.IP,M5,19559.8,19557.8,19562.4,19560.4,19555.1,19553.1,19557.6,19555.6,193
IG,2025-03-16 23:24:57.000,2025-03-16 23:29:57.000,IX.D.NASDAQ.CASH.IP,M5,19557.8,19555.8,19572.2,19570.2,19557.7,19555.7,19570.3,19568.3,210
IG,2025-03-16 23:29:58.000,2025-03-16 23:34:57.000,IX.D.NASDAQ.CASH.IP,M5,19570.1,19568.1,19574.2,19572.2,19567.2,19565.2,19574.2,19572.2,194
IG,2025-03-16 23:34:57.000,2025-03-16 23:39:57.000,IX.D.NASDAQ.CASH.IP,M5,19574.1,19572.1,19582.7,19580.7,19570.7,19568.7,19581.3,19579.3,319
IG,2025-03-16 23:39:58.000,2025-03-16 23:44:57.000,IX.D.NASDAQ.CASH.IP,M5,19581.1,19579.1,19591.9,19589.9,19580.7,19578.7,19584.1,19582.1,387
IG,2025-03-16 23:44:57.000,2025-03-16 23:49:56.000,IX.D.NASDAQ.CASH.IP,M5,19583.9,19581.9,19586.9,19584.9,19575.6,19573.6,19576.3,19574.3,237
IG,2025-03-16 23:49:58.000,2025-03-16 23:54:57.000,IX.D.NASDAQ.CASH.IP,M5,19576.2,19574.2,19589.7,19587.7,19564.3,19562.3,19580.1,19578.1,674
IG,2025-03-16 23:54:57.000,2025-03-16 23:59:57.000,IX.D.NASDAQ.CASH.IP,M5,19579.7,19577.7,19579.7,19577.7,19563.1,19561.1,19564.9,19562.9,301
IG,2025-03-16 23:59:57.000,2025-03-17 00:04:57.000,IX.D.NASDAQ.CASH.IP,M5,19565.1,19563.1,19580.4,19578.4,19559.4,19557.4,19568.1,19566.1,717
IG,2025-03-17 00:04:57.000,2025-03-17 00:09:57.000,IX.D.NASDAQ.CASH.IP,M5,19568.2,19566.2,19572.2,19570.2,19552.1,19550.1,19552.1,19550.1,732
IG,2025-03-17 00:09:57.000,2025-03-17 00:14:57.000,IX.D.NASDAQ.CASH.IP,M5,19552.2,19550.2,19558.7,19556.7,19549.6,19547.6,19557.7,19555.7,627
IG,2025-03-17 00:14:57.000,2025-03-17 00:19:58.000,IX.D.NASDAQ.CASH.IP,M5,19558.2,19556.2,19560.1,19558.1,19545.8,19543.8,19552.2,19550.2,560
IG,2025-03-17 00:19:58.000,2025-03-17 00:24:57.000,IX.D.NASDAQ.CASH.IP,M5,19552.1,19550.1,19561.7,19559.7,19551.7,19549.7,19557.6,19555.6,588
IG,2025-03-17 00:24:58.000,2025-03-17 00:29:57.000,IX.D.NASDAQ.CASH.IP,M5,19557.7,19555.7,19568.9,19566.9,19553.3,19551.3,19565.7,19563.7,342
IG,2025-03-17 00:29:57.000,2025-03-17 00:34:57.000,IX.D.NASDAQ.CASH.IP,M5,19566.1,19564.1,19586.6,19584.6,19564.8,19562.8,19583.9,19581.9,886
IG,2025-03-17 00:34:57.000,2025-03-17 00:39:57.000,IX.D.NASDAQ.CASH.IP,M5,19584.2,19582.2,19595.1,19593.1,19580.1,19578.1,19585.4,19583.4,739
IG,2025-03-17 00:39:57.000,2025-03-17 00:44:57.000,IX.D.NASDAQ.CASH.IP,M5,19585.3,19583.3,19590.6,19588.6,19580.1,19578.1,19588.2,19586.2,362
IG,2025-03-17 00:44:57.000,2025-03-17 00:49:57.000,IX.D.NASDAQ.CASH.IP,M5,19588.1,19586.1,19593.4,19591.4,19582.2,19580.2,19592.7,19590.7,443
IG,2025-03-17 00:49:58.000,2025-03-17 00:54:57.000,IX.D.NASDAQ.CASH.IP,M5,19592.8,19590.8,19603.6,19601.6,19590.9,19588.9,19597.1,19595.1,477
IG,2025-03-17 00:54:57.000,2025-03-17 00:59:55.000,IX.D.NASDAQ.CASH.IP,M5,19597.4,19595.4,19600.7,19598.7,19581.4,19579.4,19583.6,19581.6,483
IG,2025-03-17 00:59:57.000,2025-03-17 01:04:57.000,IX.D.NASDAQ.CASH.IP,M5,19583.7,19581.7,19599.9,19597.9,19580.3,19578.3,19585.7,19583.7,573
IG,2025-03-17 01:04:57.000,2025-03-17 01:09:57.000,IX.D.NASDAQ.CASH.IP,M5,19585.4,19583.4,19595.4,19593.4,19579.7,19577.7,19594.3,19592.3,387
IG,2025-03-17 01:09:57.000,2025-03-17 01:14:57.000,IX.D.NASDAQ.CASH.IP,M5,19594.4,19592.4,19594.9,19592.9,19581.4,19579.4,19584.4,19582.4,325
IG,2025-03-17 01:14:57.000,2025-03-17 01:19:57.000,IX.D.NASDAQ.CASH.IP,M5,19584.6,19582.6,19597.7,19595.7,19580.9,19578.9,19597.1,19595.1,363
IG,2025-03-17 01:19:58.000,2025-03-17 01:24:57.000,IX.D.NASDAQ.CASH.IP,M5,19596.9,19594.9,19609.2,19607.2,19595.3,19593.3,19604.8,19602.8,554
IG,2025-03-17 01:24:57.000,2025-03-17 01:29:58.000,IX.D.NASDAQ.CASH.IP,M5,19604.9,19602.9,19606.1,19604.1,19596.6,19594.6,19597.2,19595.2,199
IG,2025-03-17 01:29:59.000,2025-03-17 01:34:57.000,IX.D.NASDAQ.CASH.IP,M5,19597.1,19595.1,19603.9,19601.9,19592.1,19590.1,19596.4,19594.4,291
IG,2025-03-17 01:34:57.000,2025-03-17 01:39:58.000,IX.D.NASDAQ.CASH.IP,M5,19596.6,19594.6,19601.8,19599.8,19592.9,19590.9,19595.4,19593.4,227
IG,2025-03-17 01:39:58.000,2025-03-17 01:44:57.000,IX.D.NASDAQ.CASH.IP,M5,19595.3,19593.3,19601.6,19599.6,19589.9,19587.9,19600.4,19598.4,225
IG,2025-03-17 01:44:58.000,2025-03-17 01:49:56.000,IX.D.NASDAQ.CASH.IP,M5,19600.3,19598.3,19606.4,19604.4,19595.6,19593.6,19603.4,19601.4,340
IG,2025-03-17 01:49:57.000,2025-03-17 01:54:57.000,IX.D.NASDAQ.CASH.IP,M5,19603.6,19601.6,19604.4,19602.4,19589.3,19587.3,19599.2,19597.2,346
IG,2025-03-17 01:54:57.000,2025-03-17 01:59:57.000,IX.D.NASDAQ.CASH.IP,M5,19599.1,19597.1,19601.7,19599.7,19584.6,19582.6,19590.6,19588.6,399
IG,2025-03-17 01:59:57.000,2025-03-17 02:04:57.000,IX.D.NASDAQ.CASH.IP,M5,19590.4,19588.4,19592.1,19590.1,19572.8,19570.8,19577.6,19575.6,656
IG,2025-03-17 02:04:57.000,2025-03-17 02:09:57.000,IX.D.NASDAQ.CASH.IP,M5,19577.4,19575.4,19588.9,19586.9,19572.9,19570.9,19584.7,19582.7,493
IG,2025-03-17 02:09:57.000,2025-03-17 02:14:57.000,IX.D.NASDAQ.CASH.IP,M5,19584.6,19582.6,19585.2,19583.2,19573.6,19571.6,19577.4,19575.4,399
IG,2025-03-17 02:14:57.000,2025-03-17 02:19:57.000,IX.D.NASDAQ.CASH.IP,M5,19577.6,19575.6,19590.7,19588.7,19576.4,19574.4,19590.2,19588.2,259
IG,2025-03-17 02:19:58.000,2025-03-17 02:24:55.000,IX.D.NASDAQ.CASH.IP,M5,19590.1,19588.1,19590.9,19588.9,19584.7,19582.7,19587.6,19585.6,167
IG,2025-03-17 02:24:57.000,2025-03-17 02:29:57.000,IX.D.NASDAQ.CASH.IP,M5,19587.7,19585.7,19591.2,19589.2,19582.4,19580.4,19589.8,19587.8,183
IG,2025-03-17 02:29:57.000,2025-03-17 02:34:57.000,IX.D.NASDAQ.CASH.IP,M5,19589.7,19587.7,19590.6,19588.6,19585.9,19583.9,19587.2,19585.2,137
IG,2025-03-17 02:34:57.000,2025-03-17 02:39:57.000,IX.D.NASDAQ.CASH.IP,M5,19587.1,19585.1,19590.1,19588.1,19582.7,19580.7,19588.7,19586.7,138
IG,2025-03-17 02:39:57.000,2025-03-17 02:44:57.000,IX.D.NASDAQ.CASH.IP,M5,19588.4,19586.4,19590.2,19588.2,19584.8,19582.8,19585.8,19583.8,88
IG,2025-03-17 02:44:58.000,2025-03-17 02:49:55.000,IX.D.NASDAQ.CASH.IP,M5,19585.7,19583.7,19587.2,19585.2,19579.6,19577.6,19584.4,19582.4,243
IG,2025-03-17 02:49:58.000,2025-03-17 02:54:57.000,IX.D.NASDAQ.CASH.IP,M5,19584.6,19582.6,19588.6,19586.6,19581.3,19579.3,19584.7,19582.7,166
IG,2025-03-17 02:54:59.000,2025-03-17 02:59:57.000,IX.D.NASDAQ.CASH.IP,M5,19584.6,19582.6,19591.6,19589.6,19582.2,19580.2,19582.7,19580.7,379
IG,2025-03-17 02:59:57.000,2025-03-17 03:04:57.000,IX.D.NASDAQ.CASH.IP,M5,19582.8,19580.8,19585.9,19583.9,19568.1,19566.1,19570.9,19568.9,321
IG,2025-03-17 03:04:57.000,2025-03-17 03:09:57.000,IX.D.NASDAQ.CASH.IP,M5,19570.7,19568.7,19578.3,19576.3,19567.3,19565.3,19576.6,19574.6,315
IG,2025-03-17 03:09:57.000,2025-03-17 03:14:57.000,IX.D.NASDAQ.CASH.IP,M5,19576.2,19574.2,19586.2,19584.2,19570.9,19568.9,19586.1,19584.1,334
IG,2025-03-17 03:14:57.000,2025-03-17 03:19:57.000,IX.D.NASDAQ.CASH.IP,M5,19585.7,19583.7,19590.7,19588.7,19581.2,19579.2,19581.6,19579.6,220
IG,2025-03-17 03:19:57.000,2025-03-17 03:24:57.000,IX.D.NASDAQ.CASH.IP,M5,19581.7,19579.7,19583.7,19581.7,19572.8,19570.8,19578.9,19576.9,203
IG,2025-03-17 03:24:57.000,2025-03-17 03:29:57.000,IX.D.NASDAQ.CASH.IP,M5,19578.8,19576.8,19579.1,19577.1,19573.6,19571.6,19574.4,19572.4,112
IG,2025-03-17 03:29:58.000,2025-03-17 03:34:57.000,IX.D.NASDAQ.CASH.IP,M5,19574.7,19572.7,19581.1,19579.1,19569.6,19567.6,19572.8,19570.8,241
IG,2025-03-17 03:34:58.000,2025-03-17 03:39:57.000,IX.D.NASDAQ.CASH.IP,M5,19572.7,19570.7,19575.3,19573.3,19569.7,19567.7,19573.6,19571.6,92
IG,2025-03-17 03:39:57.000,2025-03-17 03:44:55.000,IX.D.NASDAQ.CASH.IP,M5,19573.7,19571.7,19577.1,19575.1,19570.7,19568.7,19574.7,19572.7,132
IG,2025-03-17 03:44:57.000,2025-03-17 03:49:58.000,IX.D.NASDAQ.CASH.IP,M5,19574.8,19572.8,19583.9,19581.9,19573.3,19571.3,19581.7,19579.7,162
IG,2025-03-17 03:49:58.000,2025-03-17 03:54:56.000,IX.D.NASDAQ.CASH.IP,M5,19581.8,19579.8,19582.4,19580.4,19569.8,19567.8,19570.4,19568.4,209
IG,2025-03-17 03:54:57.000,2025-03-17 03:59:57.000,IX.D.NASDAQ.CASH.IP,M5,19570.3,19568.3,19573.6,19571.6,19565.3,19563.3,19565.9,19563.9,253
IG,2025-03-17 03:59:57.000,2025-03-17 04:04:57.000,IX.D.NASDAQ.CASH.IP,M5,19565.8,19563.8,19580.3,19578.3,19565.1,19563.1,19575.7,19573.7,189
IG,2025-03-17 04:04:57.000,2025-03-17 04:09:56.000,IX.D.NASDAQ.CASH.IP,M5,19575.8,19573.8,19586.6,19584.6,19567.2,19565.2,19576.1,19574.1,490
IG,2025-03-17 04:09:58.000,2025-03-17 04:14:57.000,IX.D.NASDAQ.CASH.IP,M5,19576.2,19574.2,19585.4,19583.4,19573.9,19571.9,19585.2,19583.2,159
IG,2025-03-17 04:14:57.000,2025-03-17 04:19:49.000,IX.D.NASDAQ.CASH.IP,M5,19585.4,19583.4,19587.2,19585.2,19578.8,19576.8,19582.2,19580.2,193
IG,2025-03-17 04:19:57.000,2025-03-17 04:24:57.000,IX.D.NASDAQ.CASH.IP,M5,19582.3,19580.3,19586.3,19584.3,19580.3,19578.3,19582.7,19580.7,121
IG,2025-03-17 04:24:57.000,2025-03-17 04:29:57.000,IX.D.NASDAQ.CASH.IP,M5,19582.8,19580.8,19582.8,19580.8,19571.7,19569.7,19573.4,19571.4,211
IG,2025-03-17 04:29:57.000,2025-03-17 04:34:57.000,IX.D.NASDAQ.CASH.IP,M5,19573.3,19571.3,19575.2,19573.2,19570.6,19568.6,19574.6,19572.6,112
IG,2025-03-17 04:34:58.000,2025-03-17 04:39:56.000,IX.D.NASDAQ.CASH.IP,M5,19574.4,19572.4,19585.4,19583.4,19573.9,19571.9,19583.4,19581.4,159
IG,2025-03-17 04:39:58.000,2025-03-17 04:44:53.000,IX.D.NASDAQ.CASH.IP,M5,19583.3,19581.3,19583.4,19581.4,19576.3,19574.3,19578.7,19576.7,104
IG,2025-03-17 04:44:57.000,2025-03-17 04:49:58.000,IX.D.NASDAQ.CASH.IP,M5,19578.8,19576.8,19581.4,19579.4,19577.4,19575.4,19578.2,19576.2,80
IG,2025-03-17 04:49:58.000,2025-03-17 04:54:57.000,IX.D.NASDAQ.CASH.IP,M5,19578.1,19576.1,19583.2,19581.2,19578.1,19576.1,19582.8,19580.8,77
IG,2025-03-17 04:54:58.000,2025-03-17 04:59:55.000,IX.D.NASDAQ.CASH.IP,M5,19583.1,19581.1,19583.2,19581.2,19572.1,19570.1,19576.3,19574.3,160
IG,2025-03-17 04:59:58.000,2025-03-17 05:04:57.000,IX.D.NASDAQ.CASH.IP,M5,19576.4,19574.4,19577.3,19575.3,19566.6,19564.6,19569.2,19567.2,183
IG,2025-03-17 05:04:57.000,2025-03-17 05:09:56.000,IX.D.NASDAQ.CASH.IP,M5,19569.3,19567.3,19572.3,19570.3,19566.2,19564.2,19569.6,19567.6,148
IG,2025-03-17 05:09:57.000,2025-03-17 05:14:57.000,IX.D.NASDAQ.CASH.IP,M5,19569.4,19567.4,19573.7,19571.7,19567.3,19565.3,19570.9,19568.9,148
IG,2025-03-17 05:14:57.000,2025-03-17 05:19:57.000,IX.D.NASDAQ.CASH.IP,M5,19571.1,19569.1,19579.4,19577.4,19570.6,19568.6,19577.9,19575.9,171
IG,2025-03-17 05:19:58.000,2025-03-17 05:24:55.000,IX.D.NASDAQ.CASH.IP,M5,19577.8,19575.8,19579.3,19577.3,19573.7,19571.7,19575.4,19573.4,90
IG,2025-03-17 05:24:57.000,2025-03-17 05:29:57.000,IX.D.NASDAQ.CASH.IP,M5,19575.3,19573.3,19578.6,19576.6,19574.2,19572.2,19576.9,19574.9,65
IG,2025-03-17 05:29:57.000,2025-03-17 05:34:56.000,IX.D.NASDAQ.CASH.IP,M5,19576.8,19574.8,19580.9,19578.9,19576.3,19574.3,19578.9,19576.9,102
IG,2025-03-17 05:34:57.000,2025-03-17 05:39:58.000,IX.D.NASDAQ.CASH.IP,M5,19579.1,19577.1,19579.4,19577.4,19573.6,19571.6,19574.7,19572.7,88
IG,2025-03-17 05:39:58.000,2025-03-17 05:44:56.000,IX.D.NASDAQ.CASH.IP,M5,19574.6,19572.6,19576.2,19574.2,19569.2,19567.2,19573.2,19571.2,94
IG,2025-03-17 05:44:57.000,2025-03-17 05:49:57.000,IX.D.NASDAQ.CASH.IP,M5,19572.9,19570.9,19576.8,19574.8,19569.2,19567.2,19576.7,19574.7,115
IG,2025-03-17 05:49:59.000,2025-03-17 05:54:57.000,IX.D.NASDAQ.CASH.IP,M5,19576.6,19574.6,19577.4,19575.4,19572.6,19570.6,19575.2,19573.2,70
IG,2025-03-17 05:55:02.000,2025-03-17 05:59:56.000,IX.D.NASDAQ.CASH.IP,M5,19575.3,19573.3,19576.6,19574.6,19573.2,19571.2,19574.2,19572.2,39
IG,2025-03-17 05:59:57.000,2025-03-17 06:04:57.000,IX.D.NASDAQ.CASH.IP,M5,19574.1,19572.1,19582.7,19580.7,19573.6,19571.6,19576.7,19574.7,236
IG,2025-03-17 06:04:57.000,2025-03-17 06:09:58.000,IX.D.NASDAQ.CASH.IP,M5,19576.6,19574.6,19577.4,19575.4,19569.3,19567.3,19570.1,19568.1,155
IG,2025-03-17 06:09:59.000,2025-03-17 06:14:56.000,IX.D.NASDAQ.CASH.IP,M5,19570.3,19568.3,19573.6,19571.6,19566.9,19564.9,19571.9,19569.9,154
IG,2025-03-17 06:14:57.000,2025-03-17 06:19:57.000,IX.D.NASDAQ.CASH.IP,M5,19572.1,19570.1,19572.3,19570.3,19554.3,19552.3,19556.2,19554.2,283
IG,2025-03-17 06:19:57.000,2025-03-17 06:24:57.000,IX.D.NASDAQ.CASH.IP,M5,19556.1,19554.1,19556.2,19554.2,19544.9,19542.9,19551.6,19549.6,479
IG,2025-03-17 06:24:57.000,2025-03-17 06:29:57.000,IX.D.NASDAQ.CASH.IP,M5,19551.4,19549.4,19559.8,19557.8,19543.6,19541.6,19549.7,19547.7,349
IG,2025-03-17 06:29:58.000,2025-03-17 06:34:56.000,IX.D.NASDAQ.CASH.IP,M5,19549.6,19547.6,19554.4,19552.4,19547.7,19545.7,19549.6,19547.6,212
IG,2025-03-17 06:34:57.000,2025-03-17 06:39:57.000,IX.D.NASDAQ.CASH.IP,M5,19549.4,19547.4,19555.7,19553.7,19549.1,19547.1,19555.7,19553.7,144
IG,2025-03-17 06:39:59.000,2025-03-17 06:44:56.000,IX.D.NASDAQ.CASH.IP,M5,19555.8,19553.8,19558.3,19556.3,19553.1,19551.1,19554.8,19552.8,159
IG,2025-03-17 06:44:58.000,2025-03-17 06:49:57.000,IX.D.NASDAQ.CASH.IP,M5,19554.6,19552.6,19562.7,19560.7,19552.8,19550.8,19557.4,19555.4,217
IG,2025-03-17 06:49:57.000,2025-03-17 06:54:57.000,IX.D.NASDAQ.CASH.IP,M5,19557.6,19555.6,19559.9,19557.9,19555.3,19553.3,19556.8,19554.8,139
IG,2025-03-17 06:54:58.000,2025-03-17 06:59:57.000,IX.D.NASDAQ.CASH.IP,M5,19556.7,19554.7,19558.9,19556.9,19555.2,19553.2,19557.4,19555.4,107
IG,2025-03-17 06:59:57.000,2025-03-17 07:04:57.000,IX.D.NASDAQ.CASH.IP,M5,19557.6,19555.6,19558.7,19556.7,19545.1,19543.1,19550.2,19548.2,420
IG,2025-03-17 07:04:57.000,2025-03-17 07:09:56.000,IX.D.NASDAQ.CASH.IP,M5,19550.3,19548.3,19553.6,19551.6,19546.9,19544.9,19550.9,19548.9,223
IG,2025-03-17 07:09:59.000,2025-03-17 07:14:57.000,IX.D.NASDAQ.CASH.IP,M5,19550.7,19548.7,19553.6,19551.6,19542.6,19540.6,19552.1,19550.1,272
IG,2025-03-17 07:14:58.000,2025-03-17 07:19:57.000,IX.D.NASDAQ.CASH.IP,M5,19552.2,19550.2,19554.9,19552.9,19535.3,19533.3,19539.8,19537.8,423
IG,2025-03-17 07:19:58.000,2025-03-17 07:24:57.000,IX.D.NASDAQ.CASH.IP,M5,19539.7,19537.7,19549.6,19547.6,19536.3,19534.3,19547.1,19545.1,330
IG,2025-03-17 07:24:57.000,2025-03-17 07:29:57.000,IX.D.NASDAQ.CASH.IP,M5,19547.2,19545.2,19561.9,19559.9,19546.1,19544.1,19557.2,19555.2,348
IG,2025-03-17 07:29:57.000,2025-03-17 07:34:56.000,IX.D.NASDAQ.CASH.IP,M5,19557.1,19555.1,19561.4,19559.4,19550.9,19548.9,19556.7,19554.7,269
IG,2025-03-17 07:34:57.000,2025-03-17 07:39:57.000,IX.D.NASDAQ.CASH.IP,M5,19556.8,19554.8,19557.1,19555.1,19536.2,19534.2,19541.6,19539.6,539
IG,2025-03-17 07:39:57.000,2025-03-17 07:44:57.000,IX.D.NASDAQ.CASH.IP,M5,19541.4,19539.4,19547.2,19545.2,19539.6,19537.6,19543.2,19541.2,333
IG,2025-03-17 07:44:57.000,2025-03-17 07:49:57.000,IX.D.NASDAQ.CASH.IP,M5,19545.8,19543.8,19559.7,19557.7,19545.8,19543.8,19554.7,19552.7,497
IG,2025-03-17 07:49:57.000,2025-03-17 07:54:58.000,IX.D.NASDAQ.CASH.IP,M5,19554.8,19552.8,19570.2,19568.2,19552.6,19550.6,19564.4,19562.4,499
IG,2025-03-17 07:54:58.000,2025-03-17 07:59:57.000,IX.D.NASDAQ.CASH.IP,M5,19564.6,19562.6,19575.2,19573.2,19559.3,19557.3,19570.9,19568.9,549
IG,2025-03-17 07:59:57.000,2025-03-17 08:04:57.000,IX.D.NASDAQ.CASH.IP,M5,19570.8,19568.8,19580.2,19578.2,19562.2,19560.2,19567.1,19565.1,910
IG,2025-03-17 08:04:57.000,2025-03-17 08:09:57.000,IX.D.NASDAQ.CASH.IP,M5,19566.9,19564.9,19575.8,19573.8,19556.3,19554.3,19574.9,19572.9,658
IG,2025-03-17 08:09:57.000,2025-03-17 08:14:57.000,IX.D.NASDAQ.CASH.IP,M5,19574.8,19572.8,19583.6,19581.6,19568.1,19566.1,19580.7,19578.7,738
IG,2025-03-17 08:14:57.000,2025-03-17 08:19:57.000,IX.D.NASDAQ.CASH.IP,M5,19580.9,19578.9,19587.2,19585.2,19561.2,19559.2,19569.7,19567.7,559
IG,2025-03-17 08:19:58.000,2025-03-17 08:24:57.000,IX.D.NASDAQ.CASH.IP,M5,19569.6,19567.6,19590.6,19588.6,19567.2,19565.2,19589.8,19587.8,772
IG,2025-03-17 08:24:57.000,2025-03-17 08:29:57.000,IX.D.NASDAQ.CASH.IP,M5,19589.9,19587.9,19598.1,19596.1,19587.3,19585.3,19592.9,19590.9,799
IG,2025-03-17 08:29:57.000,2025-03-17 08:34:57.000,IX.D.NASDAQ.CASH.IP,M5,19593.1,19591.1,19594.6,19592.6,19575.2,19573.2,19581.2,19579.2,649
IG,2025-03-17 08:34:57.000,2025-03-17 08:39:57.000,IX.D.NASDAQ.CASH.IP,M5,19581.3,19579.3,19594.2,19592.2,19579.6,19577.6,19593.1,19591.1,438
IG,2025-03-17 08:39:57.000,2025-03-17 08:44:57.000,IX.D.NASDAQ.CASH.IP,M5,19592.9,19590.9,19596.4,19594.4,19586.7,19584.7,19593.9,19591.9,376
IG,2025-03-17 08:44:57.000,2025-03-17 08:49:59.000,IX.D.NASDAQ.CASH.IP,M5,19594.1,19592.1,19603.1,19601.1,19591.1,19589.1,19601.1,19599.1,598
IG,2025-03-17 08:49:59.000,2025-03-17 08:54:57.000,IX.D.NASDAQ.CASH.IP,M5,19601.2,19599.2,19602.7,19600.7,19594.1,19592.1,19600.9,19598.9,430
IG,2025-03-17 08:54:57.000,2025-03-17 08:59:57.000,IX.D.NASDAQ.CASH.IP,M5,19601.1,19599.1,19607.9,19605.9,19594.4,19592.4,19600.2,19598.2,384
IG,2025-03-17 08:59:58.000,2025-03-17 09:04:57.000,IX.D.NASDAQ.CASH.IP,M5,19600.3,19598.3,19606.2,19604.2,19589.4,19587.4,19600.8,19598.8,564
IG,2025-03-17 09:04:57.000,2025-03-17 09:09:57.000,IX.D.NASDAQ.CASH.IP,M5,19601.6,19599.6,19610.3,19608.3,19592.2,19590.2,19592.3,19590.3,566
IG,2025-03-17 09:09:57.000,2025-03-17 09:14:57.000,IX.D.NASDAQ.CASH.IP,M5,19592.4,19590.4,19598.3,19596.3,19587.4,19585.4,19598.3,19596.3,327
IG,2025-03-17 09:14:57.000,2025-03-17 09:19:57.000,IX.D.NASDAQ.CASH.IP,M5,19598.2,19596.2,19598.2,19596.2,19585.4,19583.4,19589.2,19587.2,468
IG,2025-03-17 09:19:57.000,2025-03-17 09:24:57.000,IX.D.NASDAQ.CASH.IP,M5,19590.1,19588.1,19603.3,19601.3,19588.3,19586.3,19591.1,19589.1,582
IG,2025-03-17 09:24:57.000,2025-03-17 09:29:57.000,IX.D.NASDAQ.CASH.IP,M5,19591.2,19589.2,19604.2,19602.2,19587.9,19585.9,19602.3,19600.3,383
IG,2025-03-17 09:29:57.000,2025-03-17 09:34:57.000,IX.D.NASDAQ.CASH.IP,M5,19602.4,19600.4,19611.3,19609.3,19594.3,19592.3,19604.8,19602.8,507
IG,2025-03-17 09:34:57.000,2025-03-17 09:39:58.000,IX.D.NASDAQ.CASH.IP,M5,19604.9,19602.9,19610.4,19608.4,19595.4,19593.4,19610.4,19608.4,371
IG,2025-03-17 09:39:59.000,2025-03-17 09:44:58.000,IX.D.NASDAQ.CASH.IP,M5,19610.3,19608.3,19612.2,19610.2,19603.6,19601.6,19604.4,19602.4,493
IG,2025-03-17 09:44:59.000,2025-03-17 09:49:56.000,IX.D.NASDAQ.CASH.IP,M5,19604.3,19602.3,19617.6,19615.6,19600.2,19598.2,19613.4,19611.4,569
IG,2025-03-17 09:49:57.000,2025-03-17 09:54:57.000,IX.D.NASDAQ.CASH.IP,M5,19613.3,19611.3,19615.7,19613.7,19602.7,19600.7,19607.3,19605.3,367
IG,2025-03-17 09:54:57.000,2025-03-17 09:59:58.000,IX.D.NASDAQ.CASH.IP,M5,19607.4,19605.4,19609.8,19607.8,19601.8,19599.8,19605.7,19603.7,337
IG,2025-03-17 09:59:58.000,2025-03-17 10:04:57.000,IX.D.NASDAQ.CASH.IP,M5,19605.8,19603.8,19611.1,19609.1,19598.3,19596.3,19610.6,19608.6,426
IG,2025-03-17 10:04:57.000,2025-03-17 10:09:57.000,IX.D.NASDAQ.CASH.IP,M5,19610.7,19608.7,19622.4,19620.4,19604.9,19602.9,19622.2,19620.2,623
IG,2025-03-17 10:09:57.000,2025-03-17 10:14:57.000,IX.D.NASDAQ.CASH.IP,M5,19621.3,19619.3,19632.3,19630.3,19616.6,19614.6,19629.4,19627.4,734
IG,2025-03-17 10:14:57.000,2025-03-17 10:19:59.000,IX.D.NASDAQ.CASH.IP,M5,19629.6,19627.6,19632.6,19630.6,19623.2,19621.2,19631.6,19629.6,484
IG,2025-03-17 10:19:59.000,2025-03-17 10:24:57.000,IX.D.NASDAQ.CASH.IP,M5,19631.4,19629.4,19634.2,19632.2,19624.7,19622.7,19631.3,19629.3,667
IG,2025-03-17 10:24:57.000,2025-03-17 10:29:57.000,IX.D.NASDAQ.CASH.IP,M5,19631.2,19629.2,19634.8,19632.8,19625.7,19623.7,19634.4,19632.4,296
IG,2025-03-17 10:29:57.000,2025-03-17 10:34:57.000,IX.D.NASDAQ.CASH.IP,M5,19634.6,19632.6,19638.7,19636.7,19626.6,19624.6,19638.6,19636.6,340
IG,2025-03-17 10:34:57.000,2025-03-17 10:39:57.000,IX.D.NASDAQ.CASH.IP,M5,19638.4,19636.4,19648.3,19646.3,19635.3,19633.3,19647.1,19645.1,570
IG,2025-03-17 10:39:57.000,2025-03-17 10:44:57.000,IX.D.NASDAQ.CASH.IP,M5,19647.2,19645.2,19650.6,19648.6,19633.3,19631.3,19633.9,19631.9,1026
IG,2025-03-17 10:44:57.000,2025-03-17 10:49:57.000,IX.D.NASDAQ.CASH.IP,M5,19634.1,19632.1,19664.6,19662.6,19633.6,19631.6,19663.8,19661.8,771
IG,2025-03-17 10:49:57.000,2025-03-17 10:54:57.000,IX.D.NASDAQ.CASH.IP,M5,19663.4,19661.4,19669.6,19667.6,19659.7,19657.7,19662.2,19660.2,755
IG,2025-03-17 10:54:58.000,2025-03-17 10:59:58.000,IX.D.NASDAQ.CASH.IP,M5,19662.4,19660.4,19668.7,19666.7,19660.4,19658.4,19661.2,19659.2,299
IG,2025-03-17 10:59:58.000,2025-03-17 11:04:57.000,IX.D.NASDAQ.CASH.IP,M5,19661.1,19659.1,19682.2,19680.2,19657.8,19655.8,19681.2,19679.2,743
IG,2025-03-17 11:04:57.000,2025-03-17 11:09:58.000,IX.D.NASDAQ.CASH.IP,M5,19681.1,19679.1,19681.1,19679.1,19669.7,19667.7,19675.7,19673.7,606
IG,2025-03-17 11:09:58.000,2025-03-17 11:14:57.000,IX.D.NASDAQ.CASH.IP,M5,19675.6,19673.6,19683.7,19681.7,19674.8,19672.8,19680.2,19678.2,549
IG,2025-03-17 11:14:57.000,2025-03-17 11:19:57.000,IX.D.NASDAQ.CASH.IP,M5,19680.1,19678.1,19693.3,19691.3,19675.2,19673.2,19692.6,19690.6,561
IG,2025-03-17 11:19:57.000,2025-03-17 11:24:57.000,IX.D.NASDAQ.CASH.IP,M5,19692.4,19690.4,19697.9,19695.9,19682.9,19680.9,19686.2,19684.2,629
IG,2025-03-17 11:24:57.000,2025-03-17 11:29:58.000,IX.D.NASDAQ.CASH.IP,M5,19686.3,19684.3,19688.4,19686.4,19676.1,19674.1,19679.2,19677.2,616
IG,2025-03-17 11:29:58.000,2025-03-17 11:34:57.000,IX.D.NASDAQ.CASH.IP,M5,19679.1,19677.1,19681.7,19679.7,19666.2,19664.2,19669.9,19667.9,1582
IG,2025-03-17 11:34:57.000,2025-03-17 11:39:57.000,IX.D.NASDAQ.CASH.IP,M5,19669.8,19667.8,19685.4,19683.4,19667.4,19665.4,19680.2,19678.2,570
IG,2025-03-17 11:39:57.000,2025-03-17 11:44:58.000,IX.D.NASDAQ.CASH.IP,M5,19682.1,19680.1,19695.3,19693.3,19676.4,19674.4,19676.7,19674.7,785
IG,2025-03-17 11:44:58.000,2025-03-17 11:49:57.000,IX.D.NASDAQ.CASH.IP,M5,19676.6,19674.6,19680.9,19678.9,19664.8,19662.8,19665.1,19663.1,1250
IG,2025-03-17 11:49:57.000,2025-03-17 11:54:58.000,IX.D.NASDAQ.CASH.IP,M5,19664.9,19662.9,19674.8,19672.8,19660.3,19658.3,19672.3,19670.3,770
IG,2025-03-17 11:54:58.000,2025-03-17 11:59:58.000,IX.D.NASDAQ.CASH.IP,M5,19672.7,19670.7,19675.9,19673.9,19662.2,19660.2,19663.7,19661.7,515
IG,2025-03-17 11:59:58.000,2025-03-17 12:04:57.000,IX.D.NASDAQ.CASH.IP,M5,19663.8,19661.8,19668.3,19666.3,19647.7,19645.7,19649.2,19647.2,1079
IG,2025-03-17 12:04:57.000,2025-03-17 12:09:57.000,IX.D.NASDAQ.CASH.IP,M5,19649.3,19647.3,19654.3,19652.3,19641.3,19639.3,19654.2,19652.2,1125
IG,2025-03-17 12:09:57.000,2025-03-17 12:14:55.000,IX.D.NASDAQ.CASH.IP,M5,19654.3,19652.3,19664.9,19662.9,19650.9,19648.9,19656.7,19654.7,874
IG,2025-03-17 12:15:00.000,2025-03-17 12:19:58.000,IX.D.NASDAQ.CASH.IP,M5,19656.6,19654.6,19660.1,19658.1,19647.9,19645.9,19654.9,19652.9,958
IG,2025-03-17 12:19:58.000,2025-03-17 12:24:57.000,IX.D.NASDAQ.CASH.IP,M5,19655.1,19653.1,19669.3,19667.3,19651.4,19649.4,19661.8,19659.8,1502
IG,2025-03-17 12:24:57.000,2025-03-17 12:29:58.000,IX.D.NASDAQ.CASH.IP,M5,19661.6,19659.6,19663.4,19661.4,19651.4,19649.4,19656.4,19654.4,871
IG,2025-03-17 12:29:59.000,2025-03-17 12:34:57.000,IX.D.NASDAQ.CASH.IP,M5,19656.9,19654.9,19721.1,19719.1,19641.7,19639.7,19718.9,19716.9,4269
IG,2025-03-17 12:34:57.000,2025-03-17 12:39:57.000,IX.D.NASDAQ.CASH.IP,M5,19718.8,19716.8,19730.6,19728.6,19698.7,19696.7,19728.4,19726.4,2424
IG,2025-03-17 12:39:57.000,2025-03-17 12:44:57.000,IX.D.NASDAQ.CASH.IP,M5,19728.6,19726.6,19759.1,19757.1,19718.7,19716.7,19748.1,19746.1,2789
IG,2025-03-17 12:44:57.000,2025-03-17 12:49:57.000,IX.D.NASDAQ.CASH.IP,M5,19747.9,19745.9,19755.7,19753.7,19736.3,19734.3,19736.4,19734.4,1601
IG,2025-03-17 12:49:57.000,2025-03-17 12:54:57.000,IX.D.NASDAQ.CASH.IP,M5,19735.9,19733.9,19747.2,19745.2,19728.8,19726.8,19734.1,19732.1,1595
IG,2025-03-17 12:54:57.000,2025-03-17 12:59:57.000,IX.D.NASDAQ.CASH.IP,M5,19734.2,19732.2,19746.8,19744.8,19722.4,19720.4,19731.4,19729.4,1325
IG,2025-03-17 12:59:57.000,2025-03-17 13:04:58.000,IX.D.NASDAQ.CASH.IP,M5,19731.6,19729.6,19734.4,19732.4,19700.7,19698.7,19700.9,19698.9,2215
IG,2025-03-17 13:04:58.000,2025-03-17 13:09:57.000,IX.D.NASDAQ.CASH.IP,M5,19700.8,19698.8,19722.4,19720.4,19694.7,19692.7,19721.4,19719.4,1422
IG,2025-03-17 13:09:57.000,2025-03-17 13:14:57.000,IX.D.NASDAQ.CASH.IP,M5,19721.3,19719.3,19726.6,19724.6,19710.2,19708.2,19714.4,19712.4,1032
IG,2025-03-17 13:14:57.000,2025-03-17 13:19:57.000,IX.D.NASDAQ.CASH.IP,M5,19714.6,19712.6,19717.1,19715.1,19695.6,19693.6,19697.4,19695.4,1075
IG,2025-03-17 13:19:57.000,2025-03-17 13:24:57.000,IX.D.NASDAQ.CASH.IP,M5,19697.3,19695.3,19698.6,19696.6,19686.2,19684.2,19687.3,19685.3,1316
IG,2025-03-17 13:24:57.000,2025-03-17 13:29:57.000,IX.D.NASDAQ.CASH.IP,M5,19687.4,19685.4,19691.8,19689.8,19666.9,19664.9,19681.2,19679.2,2412
IG,2025-03-17 13:29:57.000,2025-03-17 13:34:57.000,IX.D.NASDAQ.CASH.IP,M5,19681.3,19679.3,19739.8,19738.8,19664.9,19663.9,19733.7,19732.7,13765
IG,2025-03-17 13:34:57.000,2025-03-17 13:39:57.000,IX.D.NASDAQ.CASH.IP,M5,19733.6,19732.6,19808.6,19807.6,19726.2,19725.2,19804.7,19803.7,10745
IG,2025-03-17 13:39:57.000,2025-03-17 13:44:57.000,IX.D.NASDAQ.CASH.IP,M5,19805.1,19804.1,19827.8,19826.8,19789.4,19788.4,19791.1,19790.1,8671
IG,2025-03-17 13:44:57.000,2025-03-17 13:49:57.000,IX.D.NASDAQ.CASH.IP,M5,19791.2,19790.2,19807.4,19806.4,19724.1,19723.1,19730.4,19729.4,11419
IG,2025-03-17 13:49:57.000,2025-03-17 13:54:57.000,IX.D.NASDAQ.CASH.IP,M5,19730.6,19729.6,19796.4,19795.4,19707.6,19706.6,19789.9,19788.9,13152
IG,2025-03-17 13:54:57.000,2025-03-17 13:59:57.000,IX.D.NASDAQ.CASH.IP,M5,19790.2,19789.2,19798.4,19797.4,19754.3,19753.3,19770.3,19769.3,8877
IG,2025-03-17 13:59:57.000,2025-03-17 14:04:57.000,IX.D.NASDAQ.CASH.IP,M5,19768.2,19767.2,19772.3,19771.3,19702.3,19701.3,19731.2,19730.2,11624
IG,2025-03-17 14:04:57.000,2025-03-17 14:09:58.000,IX.D.NASDAQ.CASH.IP,M5,19731.4,19730.4,19768.1,19767.1,19703.9,19702.9,19748.4,19747.4,13312
IG,2025-03-17 14:09:58.000,2025-03-17 14:14:57.000,IX.D.NASDAQ.CASH.IP,M5,19747.7,19746.7,19796.9,19795.9,19735.7,19734.7,19788.8,19787.8,11059
IG,2025-03-17 14:14:57.000,2025-03-17 14:19:57.000,IX.D.NASDAQ.CASH.IP,M5,19788.2,19787.2,19793.8,19792.8,19750.7,19749.7,19773.2,19772.2,7759
IG,2025-03-17 14:19:57.000,2025-03-17 14:24:57.000,IX.D.NASDAQ.CASH.IP,M5,19773.1,19772.1,19786.1,19785.1,19751.2,19750.2,19760.9,19759.9,5643
IG,2025-03-17 14:24:57.000,2025-03-17 14:29:57.000,IX.D.NASDAQ.CASH.IP,M5,19761.1,19760.1,19779.4,19778.4,19695.3,19694.3,19695.3,19694.3,8374
IG,2025-03-17 14:29:57.000,2025-03-17 14:34:57.000,IX.D.NASDAQ.CASH.IP,M5,19695.9,19694.9,19714.2,19713.2,19671.7,19670.7,19689.7,19688.7,10334
IG,2025-03-17 14:34:57.000,2025-03-17 14:39:57.000,IX.D.NASDAQ.CASH.IP,M5,19689.6,19688.6,19724.4,19723.4,19656.7,19655.7,19719.9,19718.9,7966
IG,2025-03-17 14:39:57.000,2025-03-17 14:44:57.000,IX.D.NASDAQ.CASH.IP,M5,19720.1,19719.1,19738.6,19737.6,19700.9,19699.9,19730.9,19729.9,6800
IG,2025-03-17 14:44:57.000,2025-03-17 14:49:57.000,IX.D.NASDAQ.CASH.IP,M5,19730.8,19729.8,19735.8,19734.8,19704.6,19703.6,19729.8,19728.8,5212
IG,2025-03-17 14:49:57.000,2025-03-17 14:54:57.000,IX.D.NASDAQ.CASH.IP,M5,19730.2,19729.2,19730.8,19729.8,19682.1,19681.1,19689.4,19688.4,5278
IG,2025-03-17 14:54:57.000,2025-03-17 14:59:57.000,IX.D.NASDAQ.CASH.IP,M5,19689.7,19688.7,19689.9,19688.9,19652.1,19651.1,19663.1,19662.1,6113
IG,2025-03-17 14:59:57.000,2025-03-17 15:04:57.000,IX.D.NASDAQ.CASH.IP,M5,19663.2,19662.2,19691.1,19690.1,19635.1,19634.1,19646.9,19645.9,5829
IG,2025-03-17 15:04:57.000,2025-03-17 15:09:57.000,IX.D.NASDAQ.CASH.IP,M5,19647.4,19646.4,19663.7,19662.7,19636.8,19635.8,19658.2,19657.2,4442
IG,2025-03-17 15:09:57.000,2025-03-17 15:14:57.000,IX.D.NASDAQ.CASH.IP,M5,19658.3,19657.3,19684.3,19683.3,19640.9,19639.9,19678.3,19677.3,4645
IG,2025-03-17 15:14:57.000,2025-03-17 15:19:57.000,IX.D.NASDAQ.CASH.IP,M5,19678.6,19677.6,19711.8,19710.8,19659.2,19658.2,19709.8,19708.8,4598
IG,2025-03-17 15:19:57.000,2025-03-17 15:24:57.000,IX.D.NASDAQ.CASH.IP,M5,19709.4,19708.4,19714.3,19713.3,19691.8,19690.8,19699.2,19698.2,3716
IG,2025-03-17 15:24:57.000,2025-03-17 15:29:57.000,IX.D.NASDAQ.CASH.IP,M5,19699.1,19698.1,19703.6,19702.6,19658.1,19657.1,19659.8,19658.8,3978
IG,2025-03-17 15:29:57.000,2025-03-17 15:34:57.000,IX.D.NASDAQ.CASH.IP,M5,19660.3,19659.3,19676.9,19675.9,19609.3,19608.3,19625.7,19624.7,4986
IG,2025-03-17 15:34:57.000,2025-03-17 15:39:57.000,IX.D.NASDAQ.CASH.IP,M5,19625.9,19624.9,19654.4,19653.4,19620.1,19619.1,19629.4,19628.4,4562
IG,2025-03-17 15:39:57.000,2025-03-17 15:44:57.000,IX.D.NASDAQ.CASH.IP,M5,19629.6,19628.6,19641.4,19640.4,19617.1,19616.1,19633.3,19632.3,5007
IG,2025-03-17 15:44:57.000,2025-03-17 15:49:57.000,IX.D.NASDAQ.CASH.IP,M5,19633.2,19632.2,19665.2,19664.2,19626.9,19625.9,19662.6,19661.6,4460
IG,2025-03-17 15:49:57.000,2025-03-17 15:54:57.000,IX.D.NASDAQ.CASH.IP,M5,19662.2,19661.2,19679.8,19678.8,19648.1,19647.1,19674.6,19673.6,4124
IG,2025-03-17 15:54:57.000,2025-03-17 15:59:57.000,IX.D.NASDAQ.CASH.IP,M5,19674.7,19673.7,19681.8,19680.8,19653.6,19652.6,19663.1,19662.1,3528
IG,2025-03-17 15:59:57.000,2025-03-17 16:04:57.000,IX.D.NASDAQ.CASH.IP,M5,19663.2,19662.2,19676.1,19675.1,19637.2,19636.2,19672.7,19671.7,4520
IG,2025-03-17 16:04:57.000,2025-03-17 16:09:57.000,IX.D.NASDAQ.CASH.IP,M5,19673.3,19672.3,19716.7,19715.7,19672.4,19671.4,19710.2,19709.2,5096
IG,2025-03-17 16:09:57.000,2025-03-17 16:14:57.000,IX.D.NASDAQ.CASH.IP,M5,19710.3,19709.3,19724.9,19723.9,19697.3,19696.3,19710.1,19709.1,4690
IG,2025-03-17 16:14:57.000,2025-03-17 16:19:57.000,IX.D.NASDAQ.CASH.IP,M5,19710.2,19709.2,19716.6,19715.6,19679.4,19678.4,19685.3,19684.3,3821
IG,2025-03-17 16:19:57.000,2025-03-17 16:24:57.000,IX.D.NASDAQ.CASH.IP,M5,19685.2,19684.2,19689.6,19688.6,19648.9,19647.9,19664.7,19663.7,4050
IG,2025-03-17 16:24:57.000,2025-03-17 16:29:58.000,IX.D.NASDAQ.CASH.IP,M5,19664.6,19663.6,19673.6,19672.6,19641.7,19640.7,19648.8,19647.8,3872
IG,2025-03-17 16:29:58.000,2025-03-17 16:34:57.000,IX.D.NASDAQ.CASH.IP,M5,19648.9,19647.9,19671.7,19670.7,19644.7,19643.7,19662.8,19661.8,3587
IG,2025-03-17 16:34:57.000,2025-03-17 16:39:57.000,IX.D.NASDAQ.CASH.IP,M5,19662.4,19661.4,19691.8,19690.8,19657.2,19656.2,19674.9,19673.9,4306
IG,2025-03-17 16:39:57.000,2025-03-17 16:44:57.000,IX.D.NASDAQ.CASH.IP,M5,19674.8,19673.8,19675.4,19674.4,19638.8,19637.8,19652.7,19651.7,3504
IG,2025-03-17 16:44:57.000,2025-03-17 16:49:58.000,IX.D.NASDAQ.CASH.IP,M5,19652.8,19651.8,19675.7,19674.7,19635.7,19634.7,19673.2,19672.2,3587
IG,2025-03-17 16:49:58.000,2025-03-17 16:54:57.000,IX.D.NASDAQ.CASH.IP,M5,19672.8,19671.8,19691.6,19690.6,19657.3,19656.3,19687.3,19686.3,4023
IG,2025-03-17 16:54:57.000,2025-03-17 16:59:58.000,IX.D.NASDAQ.CASH.IP,M5,19687.4,19686.4,19694.9,19693.9,19667.1,19666.1,19679.2,19678.2,3495
IG,2025-03-17 16:59:58.000,2025-03-17 17:04:57.000,IX.D.NASDAQ.CASH.IP,M5,19679.3,19678.3,19686.3,19685.3,19654.4,19653.4,19657.9,19656.9,3389
IG,2025-03-17 17:04:57.000,2025-03-17 17:09:58.000,IX.D.NASDAQ.CASH.IP,M5,19658.1,19657.1,19698.9,19697.9,19657.7,19656.7,19693.1,19692.1,4314
IG,2025-03-17 17:09:58.000,2025-03-17 17:14:57.000,IX.D.NASDAQ.CASH.IP,M5,19692.7,19691.7,19703.4,19702.4,19680.2,19679.2,19702.7,19701.7,2871
IG,2025-03-17 17:14:57.000,2025-03-17 17:19:57.000,IX.D.NASDAQ.CASH.IP,M5,19702.8,19701.8,19707.2,19706.2,19691.7,19690.7,19701.7,19700.7,3298
IG,2025-03-17 17:19:57.000,2025-03-17 17:24:58.000,IX.D.NASDAQ.CASH.IP,M5,19701.6,19700.6,19726.4,19725.4,19687.8,19686.8,19723.7,19722.7,3839
IG,2025-03-17 17:24:58.000,2025-03-17 17:29:58.000,IX.D.NASDAQ.CASH.IP,M5,19723.8,19722.8,19751.2,19750.2,19720.6,19719.6,19741.2,19740.2,5040
IG,2025-03-17 17:29:58.000,2025-03-17 17:34:58.000,IX.D.NASDAQ.CASH.IP,M5,19740.7,19739.7,19758.4,19757.4,19730.2,19729.2,19758.4,19757.4,4186
IG,2025-03-17 17:34:58.000,2025-03-17 17:39:58.000,IX.D.NASDAQ.CASH.IP,M5,19758.6,19757.6,19785.3,19784.3,19750.9,19749.9,19780.8,19779.8,6457
IG,2025-03-17 17:39:58.000,2025-03-17 17:44:57.000,IX.D.NASDAQ.CASH.IP,M5,19780.7,19779.7,19805.1,19804.1,19779.1,19778.1,19797.1,19796.1,5295
IG,2025-03-17 17:44:57.000,2025-03-17 17:49:57.000,IX.D.NASDAQ.CASH.IP,M5,19796.8,19795.8,19804.2,19803.2,19778.4,19777.4,19802.8,19801.8,5857
IG,2025-03-17 17:49:57.000,2025-03-17 17:54:57.000,IX.D.NASDAQ.CASH.IP,M5,19802.9,19801.9,19813.8,19812.8,19799.9,19798.9,19809.9,19808.9,6028
IG,2025-03-17 17:54:57.000,2025-03-17 17:59:58.000,IX.D.NASDAQ.CASH.IP,M5,19810.2,19809.2,19811.3,19810.3,19792.8,19791.8,19796.4,19795.4,4287
IG,2025-03-17 17:59:58.000,2025-03-17 18:04:57.000,IX.D.NASDAQ.CASH.IP,M5,19796.3,19795.3,19834.8,19833.8,19794.9,19793.9,19809.3,19808.3,6588
IG,2025-03-17 18:04:57.000,2025-03-17 18:09:58.000,IX.D.NASDAQ.CASH.IP,M5,19808.7,19807.7,19831.1,19830.1,19804.6,19803.6,19826.9,19825.9,3388
IG,2025-03-17 18:09:58.000,2025-03-17 18:14:58.000,IX.D.NASDAQ.CASH.IP,M5,19827.1,19826.1,19862.1,19861.1,19815.6,19814.6,19857.3,19856.3,6473
IG,2025-03-17 18:14:58.000,2025-03-17 18:19:58.000,IX.D.NASDAQ.CASH.IP,M5,19857.4,19856.4,19879.7,19878.7,19848.3,19847.3,19874.3,19873.3,8676
IG,2025-03-17 18:19:58.000,2025-03-17 18:24:57.000,IX.D.NASDAQ.CASH.IP,M5,19874.6,19873.6,19881.1,19880.1,19860.1,19859.1,19877.7,19876.7,6180
IG,2025-03-17 18:24:57.000,2025-03-17 18:29:58.000,IX.D.NASDAQ.CASH.IP,M5,19877.6,19876.6,19903.4,19902.4,19876.8,19875.8,19898.2,19897.2,4867
IG,2025-03-17 18:29:58.000,2025-03-17 18:34:58.000,IX.D.NASDAQ.CASH.IP,M5,19897.9,19896.9,19919.1,19918.1,19890.4,19889.4,19918.3,19917.3,5003
IG,2025-03-17 18:34:58.000,2025-03-17 18:39:58.000,IX.D.NASDAQ.CASH.IP,M5,19918.2,19917.2,19919.1,19918.1,19894.2,19893.2,19911.7,19910.7,4190
IG,2025-03-17 18:39:58.000,2025-03-17 18:44:58.000,IX.D.NASDAQ.CASH.IP,M5,19911.2,19910.2,19918.2,19917.2,19898.7,19897.7,19907.7,19906.7,3584
IG,2025-03-17 18:44:58.000,2025-03-17 18:49:58.000,IX.D.NASDAQ.CASH.IP,M5,19907.6,19906.6,19938.3,19937.3,19904.6,19903.6,19930.1,19929.1,5085
IG,2025-03-17 18:49:58.000,2025-03-17 18:54:57.000,IX.D.NASDAQ.CASH.IP,M5,19929.7,19928.7,19938.9,19937.9,19920.3,19919.3,19924.1,19923.1,4685
IG,2025-03-17 18:54:57.000,2025-03-17 18:59:58.000,IX.D.NASDAQ.CASH.IP,M5,19924.2,19923.2,19937.3,19936.3,19915.8,19914.8,19917.4,19916.4,3465
IG,2025-03-17 18:59:58.000,2025-03-17 19:04:57.000,IX.D.NASDAQ.CASH.IP,M5,19917.6,19916.6,19924.6,19923.6,19894.4,19893.4,19903.2,19902.2,5248
IG,2025-03-17 19:04:57.000,2025-03-17 19:09:57.000,IX.D.NASDAQ.CASH.IP,M5,19903.1,19902.1,19921.8,19920.8,19896.7,19895.7,19899.3,19898.3,4288
IG,2025-03-17 19:09:57.000,2025-03-17 19:14:58.000,IX.D.NASDAQ.CASH.IP,M5,19898.4,19897.4,19907.4,19906.4,19886.2,19885.2,19901.8,19900.8,4375
IG,2025-03-17 19:14:58.000,2025-03-17 19:19:58.000,IX.D.NASDAQ.CASH.IP,M5,19901.9,19900.9,19902.4,19901.4,19887.2,19886.2,19893.7,19892.7,3045
IG,2025-03-17 19:19:58.000,2025-03-17 19:24:58.000,IX.D.NASDAQ.CASH.IP,M5,19893.8,19892.8,19905.8,19904.8,19890.9,19889.9,19896.1,19895.1,4373
IG,2025-03-17 19:24:58.000,2025-03-17 19:29:58.000,IX.D.NASDAQ.CASH.IP,M5,19895.9,19894.9,19901.6,19900.6,19882.6,19881.6,19898.6,19897.6,4268
IG,2025-03-17 19:29:58.000,2025-03-17 19:34:57.000,IX.D.NASDAQ.CASH.IP,M5,19898.7,19897.7,19910.2,19909.2,19882.8,19881.8,19885.3,19884.3,4102
IG,2025-03-17 19:34:57.000,2025-03-17 19:39:58.000,IX.D.NASDAQ.CASH.IP,M5,19885.4,19884.4,19902.4,19901.4,19881.6,19880.6,19894.2,19893.2,3345
IG,2025-03-17 19:39:58.000,2025-03-17 19:44:58.000,IX.D.NASDAQ.CASH.IP,M5,19894.1,19893.1,19897.9,19896.9,19879.7,19878.7,19894.6,19893.6,3738
IG,2025-03-17 19:44:58.000,2025-03-17 19:49:57.000,IX.D.NASDAQ.CASH.IP,M5,19894.7,19893.7,19900.1,19899.1,19879.9,19878.9,19886.6,19885.6,4503
IG,2025-03-17 19:49:57.000,2025-03-17 19:54:58.000,IX.D.NASDAQ.CASH.IP,M5,19886.7,19885.7,19895.7,19894.7,19840.1,19839.1,19850.7,19849.7,7295
IG,2025-03-17 19:54:58.000,2025-03-17 19:59:57.000,IX.D.NASDAQ.CASH.IP,M5,19850.8,19849.8,19851.8,19850.8,19806.6,19805.6,19809.2,19808.2,15693
IG,2025-03-17 19:59:57.000,2025-03-17 20:04:57.000,IX.D.NASDAQ.CASH.IP,M5,19809.6,19808.6,19814.4,19813.4,19781.8,19779.8,19801.3,19799.3,7202
IG,2025-03-17 20:04:57.000,2025-03-17 20:09:57.000,IX.D.NASDAQ.CASH.IP,M5,19801.4,19799.4,19808.1,19806.1,19793.5,19791.5,19798.3,19796.3,2896
IG,2025-03-17 20:09:57.000,2025-03-17 20:14:58.000,IX.D.NASDAQ.CASH.IP,M5,19798.1,19796.1,19805.8,19803.8,19790.1,19788.1,19796,19794,1211
IG,2025-03-17 20:14:58.000,2025-03-17 20:19:58.000,IX.D.NASDAQ.CASH.IP,M5,19796.1,19794.1,19797.9,19795.9,19790.1,19788.1,19797.4,19795.4,662
IG,2025-03-17 20:19:58.000,2025-03-17 20:24:58.000,IX.D.NASDAQ.CASH.IP,M5,19797.5,19795.5,19808.9,19806.9,19795.4,19793.4,19804.5,19802.5,830
IG,2025-03-17 20:24:58.000,2025-03-17 20:29:58.000,IX.D.NASDAQ.CASH.IP,M5,19804.6,19802.6,19816.4,19814.4,19800.9,19798.9,19815.9,19813.9,595
IG,2025-03-17 20:29:58.000,2025-03-17 20:34:57.000,IX.D.NASDAQ.CASH.IP,M5,19816,19814,19816.1,19814.1,19809.3,19807.3,19813.6,19811.6,392
IG,2025-03-17 20:34:58.000,2025-03-17 20:39:58.000,IX.D.NASDAQ.CASH.IP,M5,19813.8,19811.8,19818.8,19816.8,19812.5,19810.5,19818.3,19816.3,340
IG,2025-03-17 20:39:58.000,2025-03-17 20:44:58.000,IX.D.NASDAQ.CASH.IP,M5,19818.4,19816.4,19818.4,19816.4,19807.6,19805.6,19809.5,19807.5,404
IG,2025-03-17 20:44:59.000,2025-03-17 20:49:58.000,IX.D.NASDAQ.CASH.IP,M5,19809.4,19807.4,19814,19812,19801.5,19799.5,19811.8,19809.8,423
IG,2025-03-17 20:49:58.000,2025-03-17 20:54:58.000,IX.D.NASDAQ.CASH.IP,M5,19811.6,19809.6,19814.1,19812.1,19809.1,19807.1,19813.9,19811.9,225
IG,2025-03-17 20:54:58.000,2025-03-17 20:59:50.000,IX.D.NASDAQ.CASH.IP,M5,19814,19812,19814.4,19812.4,19808.3,19806.3,19811.9,19809.9,314
IG,2025-03-17 20:59:58.000,2025-03-17 21:04:53.000,IX.D.NASDAQ.CASH.IP,M5,19813.4,19808.4,19814.1,19809.1,19811.9,19806.9,19813.2,19808.2,8
IG,2025-03-17 21:05:04.000,2025-03-17 21:09:54.000,IX.D.NASDAQ.CASH.IP,M5,19813.3,19808.3,19815,19810,19813.1,19808.1,19813.7,19808.7,0
IG,2025-03-17 21:10:02.000,2025-03-17 21:12:50.000,IX.D.NASDAQ.CASH.IP,M5,19813.3,19808.3,19814.3,19809.3,19813,19808,19813.4,19808.4,0
IG,2025-03-17 21:15:27.000,2025-03-17 21:19:46.000,IX.D.NASDAQ.CASH.IP,M5,19813.6,19808.6,19815.9,19810.9,19813.6,19808.6,19814.4,19809.4,0
IG,2025-03-17 21:20:02.000,2025-03-17 21:24:45.000,IX.D.NASDAQ.CASH.IP,M5,19814.6,19809.6,19817.7,19812.7,19813.6,19808.6,19813.6,19808.6,0
IG,2025-03-17 21:25:04.000,2025-03-17 21:29:56.000,IX.D.NASDAQ.CASH.IP,M5,19813.3,19808.3,19814.2,19809.2,19810,19805,19810,19805,0
IG,2025-03-17 21:30:09.000,2025-03-17 21:34:53.000,IX.D.NASDAQ.CASH.IP,M5,19809.1,19804.1,19812.7,19807.7,19808.4,19803.4,19811.1,19806.1,0
IG,2025-03-17 21:35:13.000,2025-03-17 21:39:33.000,IX.D.NASDAQ.CASH.IP,M5,19811.4,19806.4,19813,19808,19811.4,19806.4,19812.7,19807.7,0
IG,2025-03-17 21:41:19.000,2025-03-17 21:44:58.000,IX.D.NASDAQ.CASH.IP,M5,19813.6,19808.6,19817.5,19812.5,19813.4,19808.4,19813.9,19808.9,0
IG,2025-03-17 21:45:02.000,2025-03-17 21:49:23.000,IX.D.NASDAQ.CASH.IP,M5,19814.1,19809.1,19818.5,19813.5,19814.1,19809.1,19818.1,19813.1,0
IG,2025-03-17 21:49:58.000,2025-03-17 21:54:41.000,IX.D.NASDAQ.CASH.IP,M5,19818,19813,19820.1,19815.1,19817.8,19812.8,19819.8,19814.8,0
IG,2025-03-17 21:54:58.000,2025-03-17 21:59:56.000,IX.D.NASDAQ.CASH.IP,M5,19820,19815,19821.1,19816.1,19818.5,19813.5,19820.5,19815.5,0
IG,2025-03-17 21:59:59.000,2025-03-17 22:04:58.000,IX.D.NASDAQ.CASH.IP,M5,19820.7,19815.7,19827.5,19825.5,19793.9,19791.9,19826.4,19824.4,429
IG,2025-03-17 22:05:00.000,2025-03-17 22:10:00.000,IX.D.NASDAQ.CASH.IP,M5,19826.4,19824.4,19831.3,19829.3,19821.1,19819.1,19830.2,19828.2,1095
IG,2025-03-17 22:10:00.000,2025-03-17 22:15:00.000,IX.D.NASDAQ.CASH.IP,M5,19830.4,19828.4,19838.2,19836.2,19829.5,19827.5,19832.5,19830.5,1312
IG,2025-03-17 22:15:00.000,2025-03-17 22:20:00.000,IX.D.NASDAQ.CASH.IP,M5,19832.6,19830.6,19833.9,19831.9,19827.9,19825.9,19829.1,19827.1,1226
IG,2025-03-17 22:20:00.000,2025-03-17 22:25:00.000,IX.D.NASDAQ.CASH.IP,M5,19829.2,19827.2,19830,19828,19819.6,19817.6,19830,19828,1427
IG,2025-03-17 22:25:00.000,2025-03-17 22:30:00.000,IX.D.NASDAQ.CASH.IP,M5,19830.1,19828.1,19837.7,19835.7,19828.1,19826.1,19832.4,19830.4,681
IG,2025-03-17 22:30:00.000,2025-03-17 22:35:00.000,IX.D.NASDAQ.CASH.IP,M5,19832.2,19830.2,19840.7,19838.7,19832,19830,19838.1,19836.1,757
IG,2025-03-17 22:35:00.000,2025-03-17 22:40:00.000,IX.D.NASDAQ.CASH.IP,M5,19837.6,19835.6,19840.9,19838.9,19835.1,19833.1,19838.4,19836.4,617
IG,2025-03-17 22:40:00.000,2025-03-17 22:45:00.000,IX.D.NASDAQ.CASH.IP,M5,19838.2,19836.2,19840.5,19838.5,19833.6,19831.6,19837.4,19835.4,213
IG,2025-03-17 22:45:00.000,2025-03-17 22:50:00.000,IX.D.NASDAQ.CASH.IP,M5,19837.5,19835.5,19840.4,19838.4,19830.7,19828.7,19834.2,19832.2,172
IG,2025-03-17 22:50:00.000,2025-03-17 22:55:00.000,IX.D.NASDAQ.CASH.IP,M5,19834.1,19832.1,19837.7,19835.7,19832.4,19830.4,19833.4,19831.4,208
IG,2025-03-17 22:55:00.000,2025-03-17 23:00:00.000,IX.D.NASDAQ.CASH.IP,M5,19833.2,19831.2,19835,19833,19826.6,19824.6,19833.4,19831.4,221
IG,2025-03-17 23:00:00.000,2025-03-17 23:05:00.000,IX.D.NASDAQ.CASH.IP,M5,19833.6,19831.6,19835.5,19833.5,19825.2,19823.2,19827,19825,174
IG,2025-03-17 23:05:00.000,2025-03-17 23:10:00.000,IX.D.NASDAQ.CASH.IP,M5,19827.1,19825.1,19829.5,19827.5,19818.6,19816.6,19821.7,19819.7,243
IG,2025-03-17 23:10:00.000,2025-03-17 23:15:00.000,IX.D.NASDAQ.CASH.IP,M5,19821.4,19819.4,19825,19823,19802.9,19800.9,19804,19802,743
IG,2025-03-17 23:15:00.000,2025-03-17 23:20:00.000,IX.D.NASDAQ.CASH.IP,M5,19804.1,19802.1,19815.1,19813.1,19800.5,19798.5,19807.2,19805.2,667
IG,2025-03-17 23:20:00.000,2025-03-17 23:25:00.000,IX.D.NASDAQ.CASH.IP,M5,19807.1,19805.1,19812.9,19810.9,19806,19804,19810.4,19808.4,429
IG,2025-03-17 23:25:00.000,2025-03-17 23:30:00.000,IX.D.NASDAQ.CASH.IP,M5,19810.2,19808.2,19812.4,19810.4,19807,19805,19810.4,19808.4,122
IG,2025-03-17 23:30:00.000,2025-03-17 23:35:00.000,IX.D.NASDAQ.CASH.IP,M5,19810.5,19808.5,19815.5,19813.5,19808.7,19806.7,19810.4,19808.4,310
IG,2025-03-17 23:35:00.000,2025-03-17 23:40:00.000,IX.D.NASDAQ.CASH.IP,M5,19810.5,19808.5,19814.5,19812.5,19809.4,19807.4,19809.5,19807.5,74
IG,2025-03-17 23:40:00.000,2025-03-17 23:45:00.000,IX.D.NASDAQ.CASH.IP,M5,19809.4,19807.4,19813.5,19811.5,19805.1,19803.1,19810.4,19808.4,171
IG,2025-03-17 23:45:00.000,2025-03-17 23:50:00.000,IX.D.NASDAQ.CASH.IP,M5,19811.5,19809.5,19818.4,19816.4,19810.9,19808.9,19812.5,19810.5,218
IG,2025-03-17 23:50:00.000,2025-03-17 23:55:00.000,IX.D.NASDAQ.CASH.IP,M5,19813.2,19811.2,19813.5,19811.5,19804,19802,19810.7,19808.7,164
IG,2025-03-17 23:56:47.000,2025-03-18 00:05:00.000,IX.D.NASDAQ.CASH.IP,M5,19810.1,19808.1,19810.7,19808.7,19793.7,19791.7,19804.5,19802.5,735
IG,2025-03-18 00:05:00.000,2025-03-18 00:10:01.000,IX.D.NASDAQ.CASH.IP,M5,19804.7,19802.7,19805.4,19803.4,19787,19785,19789.2,19787.2,1017
IG,2025-03-18 00:10:01.000,2025-03-18 00:15:00.000,IX.D.NASDAQ.CASH.IP,M5,19789.1,19787.1,19794.9,19792.9,19781.1,19779.1,19793.4,19791.4,713
IG,2025-03-18 00:15:00.000,2025-03-18 00:20:00.000,IX.D.NASDAQ.CASH.IP,M5,19793.2,19791.2,19797.4,19795.4,19780,19778,19780.7,19778.7,363
IG,2025-03-18 00:20:00.000,2025-03-18 00:25:00.000,IX.D.NASDAQ.CASH.IP,M5,19780.9,19778.9,19789,19787,19773.7,19771.7,19779.2,19777.2,1035
IG,2025-03-18 00:25:00.000,2025-03-18 00:30:00.000,IX.D.NASDAQ.CASH.IP,M5,19779.6,19777.6,19779.7,19777.7,19765.9,19763.9,19778.6,19776.6,540
IG,2025-03-18 00:30:00.000,2025-03-18 00:35:00.000,IX.D.NASDAQ.CASH.IP,M5,19778.7,19776.7,19786,19784,19776,19774,19778.7,19776.7,342
IG,2025-03-18 00:35:01.000,2025-03-18 00:40:00.000,IX.D.NASDAQ.CASH.IP,M5,19778.6,19776.6,19778.6,19776.6,19769.9,19767.9,19776.4,19774.4,190
IG,2025-03-18 00:40:00.000,2025-03-18 00:45:00.000,IX.D.NASDAQ.CASH.IP,M5,19776.2,19774.2,19782.2,19780.2,19774.7,19772.7,19776,19774,124
IG,2025-03-18 00:45:00.000,2025-03-18 00:50:00.000,IX.D.NASDAQ.CASH.IP,M5,19775.9,19773.9,19782.7,19780.7,19775,19773,19780,19778,123
IG,2025-03-18 00:50:00.000,2025-03-18 00:55:00.000,IX.D.NASDAQ.CASH.IP,M5,19779.9,19777.9,19781.5,19779.5,19773.1,19771.1,19779.1,19777.1,169
IG,2025-03-18 00:55:00.000,2025-03-18 01:00:00.000,IX.D.NASDAQ.CASH.IP,M5,19779,19777,19782.4,19780.4,19771.7,19769.7,19778.5,19776.5,325
IG,2025-03-18 01:00:00.000,2025-03-18 01:05:00.000,IX.D.NASDAQ.CASH.IP,M5,19778.6,19776.6,19779.5,19777.5,19770,19768,19775.5,19773.5,590
IG,2025-03-18 01:05:00.000,2025-03-18 01:10:00.000,IX.D.NASDAQ.CASH.IP,M5,19775.4,19773.4,19788.6,19786.6,19775.4,19773.4,19787.4,19785.4,563
IG,2025-03-18 01:10:00.000,2025-03-18 01:15:00.000,IX.D.NASDAQ.CASH.IP,M5,19787.5,19785.5,19789.9,19787.9,19777.2,19775.2,19784.9,19782.9,583
IG,2025-03-18 01:15:00.000,2025-03-18 01:20:00.000,IX.D.NASDAQ.CASH.IP,M5,19784.6,19782.6,19787,19785,19761.1,19759.1,19773,19771,519
IG,2025-03-18 01:20:01.000,2025-03-18 01:25:00.000,IX.D.NASDAQ.CASH.IP,M5,19773.1,19771.1,19775.1,19773.1,19768.7,19766.7,19773.2,19771.2,197
IG,2025-03-18 01:25:00.000,2025-03-18 01:30:00.000,IX.D.NASDAQ.CASH.IP,M5,19773.1,19771.1,19775.1,19773.1,19770.5,19768.5,19771.5,19769.5,192
IG,2025-03-18 01:30:00.000,2025-03-18 01:35:00.000,IX.D.NASDAQ.CASH.IP,M5,19771.4,19769.4,19771.7,19769.7,19748.7,19746.7,19754.4,19752.4,654
IG,2025-03-18 01:35:00.000,2025-03-18 01:40:00.000,IX.D.NASDAQ.CASH.IP,M5,19754.2,19752.2,19754.9,19752.9,19743.9,19741.9,19746.2,19744.2,345
IG,2025-03-18 01:40:00.000,2025-03-18 01:45:00.000,IX.D.NASDAQ.CASH.IP,M5,19746.1,19744.1,19750.5,19748.5,19739.4,19737.4,19742.5,19740.5,301
IG,2025-03-18 01:45:00.000,2025-03-18 01:50:00.000,IX.D.NASDAQ.CASH.IP,M5,19742.6,19740.6,19746.5,19744.5,19733.7,19731.7,19736.2,19734.2,368
IG,2025-03-18 01:50:00.000,2025-03-18 01:55:00.000,IX.D.NASDAQ.CASH.IP,M5,19736.1,19734.1,19739.4,19737.4,19735.4,19733.4,19737.2,19735.2,128
IG,2025-03-18 01:55:00.000,2025-03-18 02:00:00.000,IX.D.NASDAQ.CASH.IP,M5,19737.4,19735.4,19737.7,19735.7,19727.4,19725.4,19731.5,19729.5,353
IG,2025-03-18 02:00:00.000,2025-03-18 02:05:00.000,IX.D.NASDAQ.CASH.IP,M5,19731.6,19729.6,19743,19741,19730.5,19728.5,19741.5,19739.5,245
IG,2025-03-18 02:05:00.000,2025-03-18 02:10:00.000,IX.D.NASDAQ.CASH.IP,M5,19741.6,19739.6,19746.5,19744.5,19740.9,19738.9,19741.7,19739.7,188
IG,2025-03-18 02:10:00.000,2025-03-18 02:15:00.000,IX.D.NASDAQ.CASH.IP,M5,19741.6,19739.6,19744.7,19742.7,19733.7,19731.7,19742.7,19740.7,236
IG,2025-03-18 02:15:00.000,2025-03-18 02:20:00.000,IX.D.NASDAQ.CASH.IP,M5,19742.9,19740.9,19747.4,19745.4,19738.4,19736.4,19738.4,19736.4,636
IG,2025-03-18 02:20:00.000,2025-03-18 02:25:00.000,IX.D.NASDAQ.CASH.IP,M5,19738.1,19736.1,19747,19745,19736.6,19734.6,19739.5,19737.5,231
IG,2025-03-18 02:25:00.000,2025-03-18 02:30:00.000,IX.D.NASDAQ.CASH.IP,M5,19739.4,19737.4,19746.4,19744.4,19737.9,19735.9,19739.9,19737.9,175
IG,2025-03-18 02:30:00.000,2025-03-18 02:35:00.000,IX.D.NASDAQ.CASH.IP,M5,19739.7,19737.7,19747.1,19745.1,19738,19736,19745.6,19743.6,154
IG,2025-03-18 02:35:00.000,2025-03-18 02:40:00.000,IX.D.NASDAQ.CASH.IP,M5,19745.5,19743.5,19751.2,19749.2,19744.5,19742.5,19749.5,19747.5,177
IG,2025-03-18 02:40:00.000,2025-03-18 02:45:00.000,IX.D.NASDAQ.CASH.IP,M5,19749.7,19747.7,19749.9,19747.9,19743.5,19741.5,19746.7,19744.7,108
IG,2025-03-18 02:45:00.000,2025-03-18 02:50:00.000,IX.D.NASDAQ.CASH.IP,M5,19746.6,19744.6,19749.7,19747.7,19745.4,19743.4,19748.7,19746.7,87
IG,2025-03-18 02:50:00.000,2025-03-18 02:54:59.000,IX.D.NASDAQ.CASH.IP,M5,19748.6,19746.6,19750.9,19748.9,19744,19742,19749,19747,110
IG,2025-03-18 02:55:00.000,2025-03-18 03:00:00.000,IX.D.NASDAQ.CASH.IP,M5,19748.9,19746.9,19749.5,19747.5,19743.4,19741.4,19743.5,19741.5,90
IG,2025-03-18 03:00:00.000,2025-03-18 03:05:00.000,IX.D.NASDAQ.CASH.IP,M5,19743.4,19741.4,19747.6,19745.6,19741.1,19739.1,19742.5,19740.5,119
IG,2025-03-18 03:05:00.000,2025-03-18 03:10:01.000,IX.D.NASDAQ.CASH.IP,M5,19742.4,19740.4,19743,19741,19721.7,19719.7,19731.9,19729.9,324
IG,2025-03-18 03:10:01.000,2025-03-18 03:15:00.000,IX.D.NASDAQ.CASH.IP,M5,19731.7,19729.7,19735,19733,19730.7,19728.7,19733.1,19731.1,97
IG,2025-03-18 03:15:00.000,2025-03-18 03:20:00.000,IX.D.NASDAQ.CASH.IP,M5,19733.2,19731.2,19733.5,19731.5,19716.6,19714.6,19725.6,19723.6,254
IG,2025-03-18 03:20:00.000,2025-03-18 03:25:00.000,IX.D.NASDAQ.CASH.IP,M5,19725.5,19723.5,19729.2,19727.2,19722.9,19720.9,19726,19724,195
IG,2025-03-18 03:25:03.000,2025-03-18 03:30:00.000,IX.D.NASDAQ.CASH.IP,M5,19726.1,19724.1,19726.1,19724.1,19723.4,19721.4,19725.4,19723.4,72
IG,2025-03-18 03:30:00.000,2025-03-18 03:35:00.000,IX.D.NASDAQ.CASH.IP,M5,19725.6,19723.6,19729.4,19727.4,19723.1,19721.1,19724.4,19722.4,86
IG,2025-03-18 03:35:00.000,2025-03-18 03:40:00.000,IX.D.NASDAQ.CASH.IP,M5,19724.2,19722.2,19727,19725,19720,19718,19725.4,19723.4,102
IG,2025-03-18 03:40:01.000,2025-03-18 03:45:00.000,IX.D.NASDAQ.CASH.IP,M5,19725.5,19723.5,19726.9,19724.9,19719.7,19717.7,19720,19718,82
IG,2025-03-18 03:45:00.000,2025-03-18 03:49:59.000,IX.D.NASDAQ.CASH.IP,M5,19719.9,19717.9,19722.6,19720.6,19709,19707,19715.9,19713.9,382
IG,2025-03-18 03:50:00.000,2025-03-18 03:55:00.000,IX.D.NASDAQ.CASH.IP,M5,19715.7,19713.7,19718.2,19716.2,19711.5,19709.5,19718.1,19716.1,161
IG,2025-03-18 03:55:00.000,2025-03-18 04:00:00.000,IX.D.NASDAQ.CASH.IP,M5,19718.2,19716.2,19719.9,19717.9,19713.6,19711.6,19713.6,19711.6,94
IG,2025-03-18 04:00:00.000,2025-03-18 04:04:59.000,IX.D.NASDAQ.CASH.IP,M5,19713.5,19711.5,19719.6,19717.6,19713,19711,19716.5,19714.5,101
IG,2025-03-18 04:05:00.000,2025-03-18 04:10:00.000,IX.D.NASDAQ.CASH.IP,M5,19716.6,19714.6,19723.7,19721.7,19715.7,19713.7,19719.2,19717.2,110
IG,2025-03-18 04:10:00.000,2025-03-18 04:15:00.000,IX.D.NASDAQ.CASH.IP,M5,19719.4,19717.4,19727.2,19725.2,19718.5,19716.5,19725.2,19723.2,100
IG,2025-03-18 04:15:00.000,2025-03-18 04:20:00.000,IX.D.NASDAQ.CASH.IP,M5,19725.1,19723.1,19729.7,19727.7,19723.5,19721.5,19727.7,19725.7,82
IG,2025-03-18 04:20:00.000,2025-03-18 04:25:00.000,IX.D.NASDAQ.CASH.IP,M5,19727.9,19725.9,19728.6,19726.6,19719.9,19717.9,19720.7,19718.7,95
IG,2025-03-18 04:25:00.000,2025-03-18 04:30:00.000,IX.D.NASDAQ.CASH.IP,M5,19720.6,19718.6,19721.9,19719.9,19717.4,19715.4,19720.2,19718.2,73
IG,2025-03-18 04:30:00.000,2025-03-18 04:35:00.000,IX.D.NASDAQ.CASH.IP,M5,19720.1,19718.1,19721.7,19719.7,19715.4,19713.4,19717.5,19715.5,70
IG,2025-03-18 04:35:02.000,2025-03-18 04:40:00.000,IX.D.NASDAQ.CASH.IP,M5,19717.6,19715.6,19718.9,19716.9,19704.7,19702.7,19710.9,19708.9,231
IG,2025-03-18 04:40:00.000,2025-03-18 04:45:00.000,IX.D.NASDAQ.CASH.IP,M5,19711,19709,19712.4,19710.4,19694.9,19692.9,19703.2,19701.2,720
IG,2025-03-18 04:45:00.000,2025-03-18 04:50:00.000,IX.D.NASDAQ.CASH.IP,M5,19703.4,19701.4,19706.7,19704.7,19699.4,19697.4,19705.7,19703.7,130
IG,2025-03-18 04:50:01.000,2025-03-18 04:55:00.000,IX.D.NASDAQ.CASH.IP,M5,19705.9,19703.9,19708.6,19706.6,19705.1,19703.1,19707.2,19705.2,99
IG,2025-03-18 04:55:00.000,2025-03-18 05:00:01.000,IX.D.NASDAQ.CASH.IP,M5,19707.1,19705.1,19707.5,19705.5,19698,19696,19701.7,19699.7,211
IG,2025-03-18 05:00:01.000,2025-03-18 05:05:00.000,IX.D.NASDAQ.CASH.IP,M5,19701.9,19699.9,19712.9,19710.9,19701.2,19699.2,19711.4,19709.4,145
IG,2025-03-18 05:05:00.000,2025-03-18 05:10:00.000,IX.D.NASDAQ.CASH.IP,M5,19711.2,19709.2,19714.5,19712.5,19707.7,19705.7,19712.5,19710.5,108
IG,2025-03-18 05:10:00.000,2025-03-18 05:15:00.000,IX.D.NASDAQ.CASH.IP,M5,19712.4,19710.4,19717.4,19715.4,19711.7,19709.7,19713.2,19711.2,193
IG,2025-03-18 05:15:03.000,2025-03-18 05:20:00.000,IX.D.NASDAQ.CASH.IP,M5,19713.1,19711.1,19716.2,19714.2,19707.5,19705.5,19710.9,19708.9,166
IG,2025-03-18 05:20:02.000,2025-03-18 05:25:00.000,IX.D.NASDAQ.CASH.IP,M5,19710.7,19708.7,19711.9,19709.9,19708.4,19706.4,19709.1,19707.1,64
IG,2025-03-18 05:25:00.000,2025-03-18 05:30:01.000,IX.D.NASDAQ.CASH.IP,M5,19709,19707,19713.6,19711.6,19706.2,19704.2,19708.2,19706.2,148
IG,2025-03-18 05:30:02.000,2025-03-18 05:35:00.000,IX.D.NASDAQ.CASH.IP,M5,19708.1,19706.1,19709,19707,19703.7,19701.7,19706.7,19704.7,230
IG,2025-03-18 05:35:00.000,2025-03-18 05:40:01.000,IX.D.NASDAQ.CASH.IP,M5,19706.9,19704.9,19710.5,19708.5,19705.7,19703.7,19708.6,19706.6,153
IG,2025-03-18 05:40:01.000,2025-03-18 05:45:01.000,IX.D.NASDAQ.CASH.IP,M5,19708.7,19706.7,19710.4,19708.4,19706.5,19704.5,19710.2,19708.2,62
IG,2025-03-18 05:45:03.000,2025-03-18 05:50:00.000,IX.D.NASDAQ.CASH.IP,M5,19710.4,19708.4,19726.2,19724.2,19710,19708,19724.2,19722.2,285
IG,2025-03-18 05:50:00.000,2025-03-18 05:55:00.000,IX.D.NASDAQ.CASH.IP,M5,19724.4,19722.4,19727,19725,19718,19716,19727,19725,216
IG,2025-03-18 05:55:00.000,2025-03-18 06:00:00.000,IX.D.NASDAQ.CASH.IP,M5,19727.1,19725.1,19729.5,19727.5,19722.7,19720.7,19729.5,19727.5,576
IG,2025-03-18 06:00:00.000,2025-03-18 06:05:00.000,IX.D.NASDAQ.CASH.IP,M5,19729.4,19727.4,19730.1,19728.1,19716.1,19714.1,19721.7,19719.7,246
IG,2025-03-18 06:05:00.000,2025-03-18 06:10:01.000,IX.D.NASDAQ.CASH.IP,M5,19721.5,19719.5,19724.5,19722.5,19719.6,19717.6,19721.6,19719.6,96
IG,2025-03-18 06:10:01.000,2025-03-18 06:15:00.000,IX.D.NASDAQ.CASH.IP,M5,19721.5,19719.5,19730.1,19728.1,19719,19717,19726.7,19724.7,298
IG,2025-03-18 06:15:00.000,2025-03-18 06:19:59.000,IX.D.NASDAQ.CASH.IP,M5,19726.6,19724.6,19731.5,19729.5,19725.2,19723.2,19730.4,19728.4,131
IG,2025-03-18 06:20:00.000,2025-03-18 06:25:00.000,IX.D.NASDAQ.CASH.IP,M5,19730.2,19728.2,19741.5,19739.5,19730,19728,19736.6,19734.6,311
IG,2025-03-18 06:25:00.000,2025-03-18 06:30:01.000,IX.D.NASDAQ.CASH.IP,M5,19736.5,19734.5,19745.4,19743.4,19735.2,19733.2,19743.1,19741.1,241
IG,2025-03-18 06:30:01.000,2025-03-18 06:35:00.000,IX.D.NASDAQ.CASH.IP,M5,19742.9,19740.9,19746.1,19744.1,19737,19735,19744.2,19742.2,185
IG,2025-03-18 06:35:00.000,2025-03-18 06:40:00.000,IX.D.NASDAQ.CASH.IP,M5,19744.4,19742.4,19745.5,19743.5,19732.5,19730.5,19737,19735,186
IG,2025-03-18 06:40:00.000,2025-03-18 06:45:01.000,IX.D.NASDAQ.CASH.IP,M5,19737.7,19735.7,19750.5,19748.5,19737,19735,19748.5,19746.5,227
IG,2025-03-18 06:45:01.000,2025-03-18 06:50:00.000,IX.D.NASDAQ.CASH.IP,M5,19748.6,19746.6,19750.6,19748.6,19743.6,19741.6,19749.1,19747.1,133
IG,2025-03-18 06:50:00.000,2025-03-18 06:55:01.000,IX.D.NASDAQ.CASH.IP,M5,19749.2,19747.2,19754.4,19752.4,19747.9,19745.9,19749.7,19747.7,222
IG,2025-03-18 06:55:01.000,2025-03-18 07:00:00.000,IX.D.NASDAQ.CASH.IP,M5,19749.9,19747.9,19752.6,19750.6,19747.5,19745.5,19749.6,19747.6,144
IG,2025-03-18 07:00:00.000,2025-03-18 07:05:00.000,IX.D.NASDAQ.CASH.IP,M5,19749.2,19747.2,19751.6,19749.6,19740.7,19738.7,19741.9,19739.9,351
IG,2025-03-18 07:05:00.000,2025-03-18 07:10:00.000,IX.D.NASDAQ.CASH.IP,M5,19742,19740,19753.5,19751.5,19742,19740,19752.7,19750.7,333
IG,2025-03-18 07:10:00.000,2025-03-18 07:15:00.000,IX.D.NASDAQ.CASH.IP,M5,19752.9,19750.9,19753.4,19751.4,19737.7,19735.7,19739.2,19737.2,338
IG,2025-03-18 07:15:00.000,2025-03-18 07:20:00.000,IX.D.NASDAQ.CASH.IP,M5,19739.1,19737.1,19743.6,19741.6,19737.5,19735.5,19741.2,19739.2,143
IG,2025-03-18 07:20:00.000,2025-03-18 07:25:01.000,IX.D.NASDAQ.CASH.IP,M5,19741.4,19739.4,19744.7,19742.7,19737.1,19735.1,19742.2,19740.2,199
IG,2025-03-18 07:25:01.000,2025-03-18 07:30:01.000,IX.D.NASDAQ.CASH.IP,M5,19742.4,19740.4,19761.5,19759.5,19740.5,19738.5,19758.9,19756.9,511
IG,2025-03-18 07:30:01.000,2025-03-18 07:35:00.000,IX.D.NASDAQ.CASH.IP,M5,19758.2,19756.2,19764.2,19762.2,19751.6,19749.6,19760.9,19758.9,346
IG,2025-03-18 07:35:00.000,2025-03-18 07:40:00.000,IX.D.NASDAQ.CASH.IP,M5,19761,19759,19763.5,19761.5,19756.2,19754.2,19760.2,19758.2,313
IG,2025-03-18 07:40:01.000,2025-03-18 07:45:00.000,IX.D.NASDAQ.CASH.IP,M5,19760.1,19758.1,19760.6,19758.6,19753.9,19751.9,19756.9,19754.9,137
IG,2025-03-18 07:45:00.000,2025-03-18 07:50:00.000,IX.D.NASDAQ.CASH.IP,M5,19757,19755,19757.1,19755.1,19750.2,19748.2,19753.5,19751.5,227
IG,2025-03-18 07:50:00.000,2025-03-18 07:55:00.000,IX.D.NASDAQ.CASH.IP,M5,19753.2,19751.2,19760.7,19758.7,19751.5,19749.5,19752.9,19750.9,95
IG,2025-03-18 07:55:00.000,2025-03-18 08:00:00.000,IX.D.NASDAQ.CASH.IP,M5,19752.6,19750.6,19760.5,19758.5,19748.7,19746.7,19756.4,19754.4,206
IG,2025-03-18 08:00:00.000,2025-03-18 08:05:00.000,IX.D.NASDAQ.CASH.IP,M5,19756,19754,19759.6,19757.6,19744.5,19742.5,19751.4,19749.4,535
IG,2025-03-18 08:05:00.000,2025-03-18 08:10:00.000,IX.D.NASDAQ.CASH.IP,M5,19751.7,19749.7,19771.1,19769.1,19748.4,19746.4,19768.9,19766.9,483
IG,2025-03-18 08:10:00.000,2025-03-18 08:15:00.000,IX.D.NASDAQ.CASH.IP,M5,19768.6,19766.6,19778.7,19776.7,19765.4,19763.4,19778.7,19776.7,486
IG,2025-03-18 08:15:00.000,2025-03-18 08:20:00.000,IX.D.NASDAQ.CASH.IP,M5,19778.9,19776.9,19787.6,19785.6,19776,19774,19787.6,19785.6,596
IG,2025-03-18 08:20:00.000,2025-03-18 08:25:00.000,IX.D.NASDAQ.CASH.IP,M5,19787.7,19785.7,19796.1,19794.1,19781,19779,19786.7,19784.7,459
IG,2025-03-18 08:25:00.000,2025-03-18 08:30:01.000,IX.D.NASDAQ.CASH.IP,M5,19787.1,19785.1,19792.7,19790.7,19780.5,19778.5,19792,19790,354
IG,2025-03-18 08:30:01.000,2025-03-18 08:35:01.000,IX.D.NASDAQ.CASH.IP,M5,19792.1,19790.1,19805.9,19803.9,19792.1,19790.1,19799.4,19797.4,610
IG,2025-03-18 08:35:01.000,2025-03-18 08:40:00.000,IX.D.NASDAQ.CASH.IP,M5,19799.7,19797.7,19810.7,19808.7,19796.7,19794.7,19810.5,19808.5,797
IG,2025-03-18 08:40:00.000,2025-03-18 08:45:00.000,IX.D.NASDAQ.CASH.IP,M5,19810.1,19808.1,19810.6,19808.6,19789.5,19787.5,19789.7,19787.7,697
IG,2025-03-18 08:45:00.000,2025-03-18 08:50:01.000,IX.D.NASDAQ.CASH.IP,M5,19789.9,19787.9,19791.7,19789.7,19781,19779,19785.7,19783.7,425
IG,2025-03-18 08:50:01.000,2025-03-18 08:55:00.000,IX.D.NASDAQ.CASH.IP,M5,19785.6,19783.6,19788.2,19786.2,19780,19778,19785,19783,244
IG,2025-03-18 08:55:00.000,2025-03-18 09:00:00.000,IX.D.NASDAQ.CASH.IP,M5,19785.1,19783.1,19798.4,19796.4,19779.4,19777.4,19798.4,19796.4,397
IG,2025-03-18 09:00:00.000,2025-03-18 09:05:00.000,IX.D.NASDAQ.CASH.IP,M5,19798.2,19796.2,19805.9,19803.9,19790.2,19788.2,19796.1,19794.1,532
IG,2025-03-18 09:05:00.000,2025-03-18 09:10:00.000,IX.D.NASDAQ.CASH.IP,M5,19796,19794,19798.7,19796.7,19786.9,19784.9,19795,19793,251
IG,2025-03-18 09:10:00.000,2025-03-18 09:15:00.000,IX.D.NASDAQ.CASH.IP,M5,19795.2,19793.2,19797.5,19795.5,19792.4,19790.4,19796.1,19794.1,203
IG,2025-03-18 09:15:00.000,2025-03-18 09:20:00.000,IX.D.NASDAQ.CASH.IP,M5,19796,19794,19811.5,19809.5,19795.6,19793.6,19806.6,19804.6,380
IG,2025-03-18 09:20:00.000,2025-03-18 09:25:00.000,IX.D.NASDAQ.CASH.IP,M5,19806.7,19804.7,19808.7,19806.7,19794,19792,19794.1,19792.1,304
IG,2025-03-18 09:25:00.000,2025-03-18 09:30:01.000,IX.D.NASDAQ.CASH.IP,M5,19794.2,19792.2,19799.7,19797.7,19788.1,19786.1,19796.6,19794.6,989
IG,2025-03-18 09:30:01.000,2025-03-18 09:35:00.000,IX.D.NASDAQ.CASH.IP,M5,19795.5,19793.5,19798.6,19796.6,19785.2,19783.2,19790,19788,1572
IG,2025-03-18 09:35:00.000,2025-03-18 09:40:00.000,IX.D.NASDAQ.CASH.IP,M5,19790.6,19788.6,19792.1,19790.1,19774.6,19772.6,19776,19774,2268
IG,2025-03-18 09:40:00.000,2025-03-18 09:45:00.000,IX.D.NASDAQ.CASH.IP,M5,19775.9,19773.9,19779.4,19777.4,19767.1,19765.1,19777.9,19775.9,1131
IG,2025-03-18 09:45:00.000,2025-03-18 09:50:00.000,IX.D.NASDAQ.CASH.IP,M5,19778.1,19776.1,19781.5,19779.5,19769,19767,19776,19774,693
IG,2025-03-18 09:50:00.000,2025-03-18 09:55:00.000,IX.D.NASDAQ.CASH.IP,M5,19775.9,19773.9,19778.7,19776.7,19767.1,19765.1,19775.5,19773.5,383
IG,2025-03-18 09:55:00.000,2025-03-18 10:00:01.000,IX.D.NASDAQ.CASH.IP,M5,19775.6,19773.6,19778.1,19776.1,19752,19750,19753.1,19751.1,730
IG,2025-03-18 10:00:01.000,2025-03-18 10:05:00.000,IX.D.NASDAQ.CASH.IP,M5,19753.2,19751.2,19758.6,19756.6,19741.9,19739.9,19748.7,19746.7,697
IG,2025-03-18 10:05:00.000,2025-03-18 10:10:01.000,IX.D.NASDAQ.CASH.IP,M5,19748.9,19746.9,19751.1,19749.1,19721.9,19719.9,19728,19726,913
IG,2025-03-18 10:10:01.000,2025-03-18 10:15:00.000,IX.D.NASDAQ.CASH.IP,M5,19728.1,19726.1,19737.7,19735.7,19720,19718,19736.7,19734.7,2161
IG,2025-03-18 10:15:00.000,2025-03-18 10:20:00.000,IX.D.NASDAQ.CASH.IP,M5,19736.5,19734.5,19738,19736,19697.9,19695.9,19712.5,19710.5,1874
IG,2025-03-18 10:20:00.000,2025-03-18 10:25:01.000,IX.D.NASDAQ.CASH.IP,M5,19712.6,19710.6,19740.6,19738.6,19705.9,19703.9,19739.4,19737.4,1469
IG,2025-03-18 10:25:01.000,2025-03-18 10:30:00.000,IX.D.NASDAQ.CASH.IP,M5,19739.5,19737.5,19747.4,19745.4,19735.9,19733.9,19740.9,19738.9,833
IG,2025-03-18 10:30:00.000,2025-03-18 10:35:00.000,IX.D.NASDAQ.CASH.IP,M5,19740,19738,19742.2,19740.2,19711.7,19709.7,19724.2,19722.2,1658
IG,2025-03-18 10:35:00.000,2025-03-18 10:40:00.000,IX.D.NASDAQ.CASH.IP,M5,19724.1,19722.1,19734.6,19732.6,19720,19718,19734.4,19732.4,713
IG,2025-03-18 10:40:00.000,2025-03-18 10:45:01.000,IX.D.NASDAQ.CASH.IP,M5,19734.1,19732.1,19743.2,19741.2,19732.5,19730.5,19741.7,19739.7,565
IG,2025-03-18 10:45:01.000,2025-03-18 10:50:01.000,IX.D.NASDAQ.CASH.IP,M5,19741.6,19739.6,19750.1,19748.1,19738.6,19736.6,19745.5,19743.5,674
IG,2025-03-18 10:50:01.000,2025-03-18 10:55:00.000,IX.D.NASDAQ.CASH.IP,M5,19745.4,19743.4,19752.1,19750.1,19738.7,19736.7,19751.4,19749.4,456
IG,2025-03-18 10:55:00.000,2025-03-18 11:00:00.000,IX.D.NASDAQ.CASH.IP,M5,19751,19749,19758.2,19756.2,19742.4,19740.4,19757,19755,690
IG,2025-03-18 11:00:00.000,2025-03-18 11:05:00.000,IX.D.NASDAQ.CASH.IP,M5,19756.9,19754.9,19757.7,19755.7,19741.4,19739.4,19744,19742,576
IG,2025-03-18 11:05:00.000,2025-03-18 11:10:00.000,IX.D.NASDAQ.CASH.IP,M5,19744.1,19742.1,19752.4,19750.4,19740,19738,19747.5,19745.5,633
IG,2025-03-18 11:10:00.000,2025-03-18 11:15:00.000,IX.D.NASDAQ.CASH.IP,M5,19747.4,19745.4,19770.7,19768.7,19737.5,19735.5,19757.2,19755.2,2048
IG,2025-03-18 11:15:00.000,2025-03-18 11:20:00.000,IX.D.NASDAQ.CASH.IP,M5,19757.4,19755.4,19759.7,19757.7,19741.7,19739.7,19752.7,19750.7,707
IG,2025-03-18 11:20:00.000,2025-03-18 11:25:01.000,IX.D.NASDAQ.CASH.IP,M5,19752.6,19750.6,19758.2,19756.2,19745.2,19743.2,19746,19744,577
IG,2025-03-18 11:25:01.000,2025-03-18 11:30:00.000,IX.D.NASDAQ.CASH.IP,M5,19746.1,19744.1,19748.6,19746.6,19729.6,19727.6,19730.1,19728.1,615
IG,2025-03-18 11:30:00.000,2025-03-18 11:35:00.000,IX.D.NASDAQ.CASH.IP,M5,19730.2,19728.2,19730.6,19728.6,19720.4,19718.4,19721.2,19719.2,866
IG,2025-03-18 11:35:00.000,2025-03-18 11:40:02.000,IX.D.NASDAQ.CASH.IP,M5,19721.1,19719.1,19727.2,19725.2,19707.5,19705.5,19708.9,19706.9,1060
IG,2025-03-18 11:40:02.000,2025-03-18 11:45:00.000,IX.D.NASDAQ.CASH.IP,M5,19709,19707,19720.5,19718.5,19703.4,19701.4,19718.6,19716.6,1216
IG,2025-03-18 11:45:00.000,2025-03-18 11:50:00.000,IX.D.NASDAQ.CASH.IP,M5,19718.7,19716.7,19738.7,19736.7,19718.1,19716.1,19737.5,19735.5,946
IG,2025-03-18 11:50:00.000,2025-03-18 11:55:00.000,IX.D.NASDAQ.CASH.IP,M5,19737.4,19735.4,19744.5,19742.5,19736.9,19734.9,19742.7,19740.7,1343
IG,2025-03-18 11:55:00.000,2025-03-18 12:00:02.000,IX.D.NASDAQ.CASH.IP,M5,19742.6,19740.6,19753.9,19751.9,19742.2,19740.2,19742.2,19740.2,1066
IG,2025-03-18 12:00:02.000,2025-03-18 12:05:01.000,IX.D.NASDAQ.CASH.IP,M5,19742.4,19740.4,19743.5,19741.5,19720.4,19718.4,19722.9,19720.9,1441
IG,2025-03-18 12:05:01.000,2025-03-18 12:10:00.000,IX.D.NASDAQ.CASH.IP,M5,19722.7,19720.7,19731.9,19729.9,19708.7,19706.7,19713.6,19711.6,1111
IG,2025-03-18 12:10:00.000,2025-03-18 12:15:00.000,IX.D.NASDAQ.CASH.IP,M5,19713.7,19711.7,19726.4,19724.4,19707.4,19705.4,19725.1,19723.1,1099
IG,2025-03-18 12:15:00.000,2025-03-18 12:20:00.000,IX.D.NASDAQ.CASH.IP,M5,19725,19723,19726.4,19724.4,19707.6,19705.6,19713.1,19711.1,835
IG,2025-03-18 12:20:00.000,2025-03-18 12:25:00.000,IX.D.NASDAQ.CASH.IP,M5,19713,19711,19724.6,19722.6,19708.4,19706.4,19719.4,19717.4,813
IG,2025-03-18 12:25:00.000,2025-03-18 12:30:01.000,IX.D.NASDAQ.CASH.IP,M5,19719.5,19717.5,19738.6,19736.6,19717.5,19715.5,19735.7,19733.7,1117
IG,2025-03-18 12:30:01.000,2025-03-18 12:35:00.000,IX.D.NASDAQ.CASH.IP,M5,19735.9,19733.9,19750.2,19748.2,19725.7,19723.7,19743.2,19741.2,1441
IG,2025-03-18 12:35:00.000,2025-03-18 12:40:00.000,IX.D.NASDAQ.CASH.IP,M5,19743.4,19741.4,19743.4,19741.4,19715.4,19713.4,19718.7,19716.7,1384
IG,2025-03-18 12:40:00.000,2025-03-18 12:45:00.000,IX.D.NASDAQ.CASH.IP,M5,19718.6,19716.6,19726.1,19724.1,19711.5,19709.5,19722,19720,1094
IG,2025-03-18 12:45:00.000,2025-03-18 12:50:00.000,IX.D.NASDAQ.CASH.IP,M5,19722.1,19720.1,19731.7,19729.7,19709.5,19707.5,19714.9,19712.9,1008
IG,2025-03-18 12:50:00.000,2025-03-18 12:55:00.000,IX.D.NASDAQ.CASH.IP,M5,19714.7,19712.7,19718.1,19716.1,19704.5,19702.5,19711.9,19709.9,829
IG,2025-03-18 12:55:00.000,2025-03-18 13:00:00.000,IX.D.NASDAQ.CASH.IP,M5,19711.7,19709.7,19712.6,19710.6,19675.7,19673.7,19678.2,19676.2,2681
IG,2025-03-18 13:00:00.000,2025-03-18 13:05:00.000,IX.D.NASDAQ.CASH.IP,M5,19678.4,19676.4,19689.1,19687.1,19660.7,19658.7,19669.2,19667.2,3243
IG,2025-03-18 13:05:00.000,2025-03-18 13:10:00.000,IX.D.NASDAQ.CASH.IP,M5,19669.1,19667.1,19691.4,19689.4,19663.9,19661.9,19689.7,19687.7,1584
IG,2025-03-18 13:10:00.000,2025-03-18 13:15:00.000,IX.D.NASDAQ.CASH.IP,M5,19690.1,19688.1,19692.5,19690.5,19683.5,19681.5,19686.5,19684.5,1714
IG,2025-03-18 13:15:00.000,2025-03-18 13:20:00.000,IX.D.NASDAQ.CASH.IP,M5,19686.4,19684.4,19703.7,19701.7,19677.7,19675.7,19691.9,19689.9,2583
IG,2025-03-18 13:20:00.000,2025-03-18 13:24:59.000,IX.D.NASDAQ.CASH.IP,M5,19692,19690,19695.1,19693.1,19661.2,19659.2,19667.9,19665.9,2345
IG,2025-03-18 13:24:59.000,2025-03-18 13:30:00.000,IX.D.NASDAQ.CASH.IP,M5,19667.7,19665.7,19683.6,19681.6,19662.2,19660.2,19666.4,19665.4,3362
IG,2025-03-18 13:30:00.000,2025-03-18 13:35:00.000,IX.D.NASDAQ.CASH.IP,M5,19666.9,19665.9,19670.4,19669.4,19609.6,19608.6,19609.6,19608.6,14153
IG,2025-03-18 13:35:00.000,2025-03-18 13:40:00.000,IX.D.NASDAQ.CASH.IP,M5,19610,19609,19610.5,19609.5,19545.9,19544.9,19549.5,19548.5,15216
IG,2025-03-18 13:40:00.000,2025-03-18 13:45:00.000,IX.D.NASDAQ.CASH.IP,M5,19550.1,19549.1,19577,19576,19478.9,19477.9,19478.9,19477.9,14704
IG,2025-03-18 13:45:00.000,2025-03-18 13:50:00.000,IX.D.NASDAQ.CASH.IP,M5,19478.7,19477.7,19520.5,19519.5,19462.2,19461.2,19502.6,19501.6,11343
IG,2025-03-18 13:50:00.000,2025-03-18 13:55:00.000,IX.D.NASDAQ.CASH.IP,M5,19502.4,19501.4,19524,19523,19451.9,19450.9,19479.5,19478.5,10933
IG,2025-03-18 13:55:00.000,2025-03-18 14:00:01.000,IX.D.NASDAQ.CASH.IP,M5,19479,19478,19479.1,19478.1,19431,19430,19440.6,19439.6,10722
IG,2025-03-18 14:00:01.000,2025-03-18 14:05:00.000,IX.D.NASDAQ.CASH.IP,M5,19441,19440,19472.6,19471.6,19414.9,19413.9,19471,19470,10573
IG,2025-03-18 14:05:00.000,2025-03-18 14:10:00.000,IX.D.NASDAQ.CASH.IP,M5,19470.9,19469.9,19491.9,19490.9,19445.5,19444.5,19487.9,19486.9,9524
IG,2025-03-18 14:10:00.000,2025-03-18 14:15:00.000,IX.D.NASDAQ.CASH.IP,M5,19489.1,19488.1,19491.9,19490.9,19427,19426,19430.5,19429.5,10385
IG,2025-03-18 14:15:00.000,2025-03-18 14:20:00.000,IX.D.NASDAQ.CASH.IP,M5,19430.7,19429.7,19454.6,19453.6,19413.2,19412.2,19434.7,19433.7,8690
IG,2025-03-18 14:20:00.000,2025-03-18 14:25:00.000,IX.D.NASDAQ.CASH.IP,M5,19434.9,19433.9,19478,19477,19429.1,19428.1,19474.2,19473.2,7456
IG,2025-03-18 14:25:00.000,2025-03-18 14:30:00.000,IX.D.NASDAQ.CASH.IP,M5,19475.2,19474.2,19483.1,19482.1,19450.6,19449.6,19467,19466,6078
IG,2025-03-18 14:30:00.000,2025-03-18 14:35:00.000,IX.D.NASDAQ.CASH.IP,M5,19467.5,19466.5,19487.2,19486.2,19445,19444,19479.2,19478.2,6922
IG,2025-03-18 14:35:00.000,2025-03-18 14:40:00.000,IX.D.NASDAQ.CASH.IP,M5,19479.4,19478.4,19499.1,19498.1,19460.1,19459.1,19497.5,19496.5,6192
IG,2025-03-18 14:40:00.000,2025-03-18 14:45:00.000,IX.D.NASDAQ.CASH.IP,M5,19497.2,19496.2,19507.2,19506.2,19452.5,19451.5,19462,19461,6929
IG,2025-03-18 14:45:00.000,2025-03-18 14:50:00.000,IX.D.NASDAQ.CASH.IP,M5,19462.2,19461.2,19462.5,19461.5,19426.4,19425.4,19437.2,19436.2,6300
IG,2025-03-18 14:50:00.000,2025-03-18 14:55:00.000,IX.D.NASDAQ.CASH.IP,M5,19437.1,19436.1,19474,19473,19435.4,19434.4,19455.6,19454.6,4833
IG,2025-03-18 14:55:00.000,2025-03-18 15:00:00.000,IX.D.NASDAQ.CASH.IP,M5,19455.7,19454.7,19481,19480,19436.6,19435.6,19456.9,19455.9,5383
IG,2025-03-18 15:00:00.000,2025-03-18 15:05:01.000,IX.D.NASDAQ.CASH.IP,M5,19457.4,19456.4,19458.5,19457.5,19383.4,19382.4,19403.2,19402.2,9061
IG,2025-03-18 15:05:01.000,2025-03-18 15:10:00.000,IX.D.NASDAQ.CASH.IP,M5,19403.4,19402.4,19419.5,19418.5,19378.4,19377.4,19404.4,19403.4,6645
IG,2025-03-18 15:10:00.000,2025-03-18 15:15:00.000,IX.D.NASDAQ.CASH.IP,M5,19404.5,19403.5,19438.2,19437.2,19395.1,19394.1,19429.6,19428.6,6316
IG,2025-03-18 15:15:00.000,2025-03-18 15:20:00.000,IX.D.NASDAQ.CASH.IP,M5,19429.7,19428.7,19448.9,19447.9,19418.6,19417.6,19447.5,19446.5,4119
IG,2025-03-18 15:20:00.000,2025-03-18 15:25:00.000,IX.D.NASDAQ.CASH.IP,M5,19447.2,19446.2,19451.5,19450.5,19421.4,19420.4,19441.6,19440.6,4046
IG,2025-03-18 15:25:00.000,2025-03-18 15:30:00.000,IX.D.NASDAQ.CASH.IP,M5,19441.7,19440.7,19469,19468,19438,19437,19439.5,19438.5,4678
IG,2025-03-18 15:30:00.000,2025-03-18 15:35:00.000,IX.D.NASDAQ.CASH.IP,M5,19439.4,19438.4,19465.1,19464.1,19432.2,19431.2,19449.5,19448.5,4061
IG,2025-03-18 15:35:00.000,2025-03-18 15:40:00.000,IX.D.NASDAQ.CASH.IP,M5,19449.7,19448.7,19472,19471,19442.7,19441.7,19471.2,19470.2,4564
IG,2025-03-18 15:40:00.000,2025-03-18 15:45:00.000,IX.D.NASDAQ.CASH.IP,M5,19470.9,19469.9,19474.9,19473.9,19435.2,19434.2,19446.6,19445.6,4059
IG,2025-03-18 15:45:00.000,2025-03-18 15:50:00.000,IX.D.NASDAQ.CASH.IP,M5,19446.7,19445.7,19465.2,19464.2,19437,19436,19438.2,19437.2,4145
IG,2025-03-18 15:50:00.000,2025-03-18 15:55:00.000,IX.D.NASDAQ.CASH.IP,M5,19438.4,19437.4,19440.4,19439.4,19422,19421,19424.7,19423.7,4450
IG,2025-03-18 15:55:00.000,2025-03-18 16:00:01.000,IX.D.NASDAQ.CASH.IP,M5,19424.6,19423.6,19439.4,19438.4,19403.5,19402.5,19431.5,19430.5,5551
IG,2025-03-18 16:00:01.000,2025-03-18 16:05:00.000,IX.D.NASDAQ.CASH.IP,M5,19431.2,19430.2,19466.4,19465.4,19423.5,19422.5,19459.6,19458.6,4974
IG,2025-03-18 16:05:00.000,2025-03-18 16:10:00.000,IX.D.NASDAQ.CASH.IP,M5,19459.2,19458.2,19469.1,19468.1,19449.6,19448.6,19458.7,19457.7,3255
IG,2025-03-18 16:10:00.000,2025-03-18 16:15:00.000,IX.D.NASDAQ.CASH.IP,M5,19458.9,19457.9,19500.2,19499.2,19458.6,19457.6,19498.2,19497.2,5783
IG,2025-03-18 16:15:00.000,2025-03-18 16:20:00.000,IX.D.NASDAQ.CASH.IP,M5,19498.4,19497.4,19505.4,19504.4,19468.5,19467.5,19471.9,19470.9,4763
IG,2025-03-18 16:20:00.000,2025-03-18 16:25:00.000,IX.D.NASDAQ.CASH.IP,M5,19471.7,19470.7,19492.2,19491.2,19470,19469,19490.1,19489.1,3912
IG,2025-03-18 16:25:00.000,2025-03-18 16:30:00.000,IX.D.NASDAQ.CASH.IP,M5,19490.2,19489.2,19523.4,19522.4,19484.1,19483.1,19522.9,19521.9,5217
IG,2025-03-18 16:30:00.000,2025-03-18 16:35:01.000,IX.D.NASDAQ.CASH.IP,M5,19522.5,19521.5,19526.4,19525.4,19500.4,19499.4,19511.4,19510.4,4313
IG,2025-03-18 16:35:01.000,2025-03-18 16:40:00.000,IX.D.NASDAQ.CASH.IP,M5,19511.2,19510.2,19523.7,19522.7,19489.6,19488.6,19515.2,19514.2,3874
IG,2025-03-18 16:40:00.000,2025-03-18 16:45:00.000,IX.D.NASDAQ.CASH.IP,M5,19515.5,19514.5,19517.6,19516.6,19458.6,19457.6,19464.4,19463.4,4793
IG,2025-03-18 16:45:00.000,2025-03-18 16:50:00.000,IX.D.NASDAQ.CASH.IP,M5,19463.7,19462.7,19473.2,19472.2,19446.6,19445.6,19456.2,19455.2,4860
IG,2025-03-18 16:50:00.000,2025-03-18 16:55:00.000,IX.D.NASDAQ.CASH.IP,M5,19456.4,19455.4,19459.4,19458.4,19427.1,19426.1,19456.7,19455.7,4213
IG,2025-03-18 16:55:00.000,2025-03-18 17:00:00.000,IX.D.NASDAQ.CASH.IP,M5,19457.2,19456.2,19522.2,19521.2,19456.9,19455.9,19505,19504,4602
IG,2025-03-18 17:00:00.000,2025-03-18 17:05:00.000,IX.D.NASDAQ.CASH.IP,M5,19504.4,19503.4,19513.7,19512.7,19491.5,19490.5,19503.5,19502.5,3042
IG,2025-03-18 17:05:00.000,2025-03-18 17:10:00.000,IX.D.NASDAQ.CASH.IP,M5,19502.9,19501.9,19505,19504,19458.2,19457.2,19481.7,19480.7,3770
IG,2025-03-18 17:10:00.000,2025-03-18 17:15:01.000,IX.D.NASDAQ.CASH.IP,M5,19481.6,19480.6,19523,19522,19467.2,19466.2,19517.1,19516.1,4250
IG,2025-03-18 17:15:01.000,2025-03-18 17:20:00.000,IX.D.NASDAQ.CASH.IP,M5,19517.7,19516.7,19521.1,19520.1,19428.4,19427.4,19466.5,19465.5,7204
IG,2025-03-18 17:20:00.000,2025-03-18 17:25:00.000,IX.D.NASDAQ.CASH.IP,M5,19466.4,19465.4,19500.6,19499.6,19458,19457,19480.4,19479.4,5148
IG,2025-03-18 17:25:00.000,2025-03-18 17:30:00.000,IX.D.NASDAQ.CASH.IP,M5,19480.2,19479.2,19507.7,19506.7,19459.5,19458.5,19473.7,19472.7,4100
IG,2025-03-18 17:30:00.000,2025-03-18 17:35:00.000,IX.D.NASDAQ.CASH.IP,M5,19473.6,19472.6,19483,19482,19442.9,19441.9,19477.2,19476.2,4104
IG,2025-03-18 17:35:00.000,2025-03-18 17:40:00.000,IX.D.NASDAQ.CASH.IP,M5,19477.4,19476.4,19509,19508,19467.5,19466.5,19503.6,19502.6,3979
IG,2025-03-18 17:40:00.000,2025-03-18 17:45:00.000,IX.D.NASDAQ.CASH.IP,M5,19503.5,19502.5,19506.9,19505.9,19473.2,19472.2,19479.6,19478.6,2644
IG,2025-03-18 17:45:00.000,2025-03-18 17:50:00.000,IX.D.NASDAQ.CASH.IP,M5,19479.4,19478.4,19505.7,19504.7,19478.9,19477.9,19500,19499,2833
IG,2025-03-18 17:50:00.000,2025-03-18 17:55:01.000,IX.D.NASDAQ.CASH.IP,M5,19499.5,19498.5,19516.1,19515.1,19492.9,19491.9,19494.2,19493.2,3376
IG,2025-03-18 17:55:01.000,2025-03-18 18:00:00.000,IX.D.NASDAQ.CASH.IP,M5,19494,19493,19496.2,19495.2,19466.9,19465.9,19487.4,19486.4,3640
IG,2025-03-18 18:00:00.000,2025-03-18 18:05:00.000,IX.D.NASDAQ.CASH.IP,M5,19487.1,19486.1,19488.6,19487.6,19440.5,19439.5,19448.6,19447.6,4098
IG,2025-03-18 18:05:00.000,2025-03-18 18:10:01.000,IX.D.NASDAQ.CASH.IP,M5,19449,19448,19467.7,19466.7,19440.6,19439.6,19460.2,19459.2,2895
IG,2025-03-18 18:10:01.000,2025-03-18 18:15:01.000,IX.D.NASDAQ.CASH.IP,M5,19460.4,19459.4,19461.9,19460.9,19433.2,19432.2,19436,19435,3009
IG,2025-03-18 18:15:01.000,2025-03-18 18:20:00.000,IX.D.NASDAQ.CASH.IP,M5,19435.9,19434.9,19461.2,19460.2,19432.5,19431.5,19457.2,19456.2,3516
IG,2025-03-18 18:20:00.000,2025-03-18 18:25:00.000,IX.D.NASDAQ.CASH.IP,M5,19457.4,19456.4,19499.9,19498.9,19448.9,19447.9,19489.1,19488.1,4057
IG,2025-03-18 18:25:00.000,2025-03-18 18:30:00.000,IX.D.NASDAQ.CASH.IP,M5,19489.2,19488.2,19505.4,19504.4,19470.2,19469.2,19475,19474,3819
IG,2025-03-18 18:30:00.000,2025-03-18 18:35:00.000,IX.D.NASDAQ.CASH.IP,M5,19474.7,19473.7,19505,19504,19462.6,19461.6,19476.7,19475.7,3275
IG,2025-03-18 18:35:00.000,2025-03-18 18:40:00.000,IX.D.NASDAQ.CASH.IP,M5,19477.1,19476.1,19509,19508,19475.9,19474.9,19494.7,19493.7,2934
IG,2025-03-18 18:40:00.000,2025-03-18 18:45:01.000,IX.D.NASDAQ.CASH.IP,M5,19495.7,19494.7,19504.9,19503.9,19473.9,19472.9,19482.5,19481.5,2868
IG,2025-03-18 18:45:01.000,2025-03-18 18:50:00.000,IX.D.NASDAQ.CASH.IP,M5,19482.6,19481.6,19531.6,19530.6,19482.1,19481.1,19529,19528,4364
IG,2025-03-18 18:50:00.000,2025-03-18 18:55:01.000,IX.D.NASDAQ.CASH.IP,M5,19528.6,19527.6,19556.5,19555.5,19514.2,19513.2,19528.1,19527.1,7853
IG,2025-03-18 18:55:01.000,2025-03-18 19:00:00.000,IX.D.NASDAQ.CASH.IP,M5,19528.9,19527.9,19541,19540,19504.1,19503.1,19517.5,19516.5,4351
IG,2025-03-18 19:00:00.000,2025-03-18 19:05:00.000,IX.D.NASDAQ.CASH.IP,M5,19517,19516,19525.6,19524.6,19497.5,19496.5,19515.6,19514.6,3503
IG,2025-03-18 19:05:00.000,2025-03-18 19:10:01.000,IX.D.NASDAQ.CASH.IP,M5,19516.1,19515.1,19524.5,19523.5,19484.6,19483.6,19493.5,19492.5,3437
IG,2025-03-18 19:10:01.000,2025-03-18 19:15:00.000,IX.D.NASDAQ.CASH.IP,M5,19493.6,19492.6,19508,19507,19477.4,19476.4,19500.1,19499.1,3447
IG,2025-03-18 19:15:00.000,2025-03-18 19:20:00.000,IX.D.NASDAQ.CASH.IP,M5,19500.2,19499.2,19514.6,19513.6,19489.7,19488.7,19504.9,19503.9,2759
IG,2025-03-18 19:20:00.000,2025-03-18 19:25:01.000,IX.D.NASDAQ.CASH.IP,M5,19504.6,19503.6,19521.4,19520.4,19493.9,19492.9,19498,19497,2766
IG,2025-03-18 19:25:01.000,2025-03-18 19:30:00.000,IX.D.NASDAQ.CASH.IP,M5,19497.9,19496.9,19498.7,19497.7,19461.7,19460.7,19488.5,19487.5,4277
IG,2025-03-18 19:30:00.000,2025-03-18 19:35:00.000,IX.D.NASDAQ.CASH.IP,M5,19489.7,19488.7,19503.9,19502.9,19477.5,19476.5,19494,19493,3205
IG,2025-03-18 19:35:00.000,2025-03-18 19:40:00.000,IX.D.NASDAQ.CASH.IP,M5,19493.7,19492.7,19494.5,19493.5,19461.7,19460.7,19467.6,19466.6,3618
IG,2025-03-18 19:40:00.000,2025-03-18 19:45:01.000,IX.D.NASDAQ.CASH.IP,M5,19466.5,19465.5,19483.5,19482.5,19450.9,19449.9,19466.2,19465.2,4545
IG,2025-03-18 19:45:01.000,2025-03-18 19:50:00.000,IX.D.NASDAQ.CASH.IP,M5,19466,19465,19472.2,19471.2,19435.9,19434.9,19461.4,19460.4,5388
IG,2025-03-18 19:50:00.000,2025-03-18 19:55:00.000,IX.D.NASDAQ.CASH.IP,M5,19458.1,19457.1,19495.4,19494.4,19439.5,19438.5,19473.2,19472.2,8054
IG,2025-03-18 19:55:00.000,2025-03-18 20:00:01.000,IX.D.NASDAQ.CASH.IP,M5,19472.7,19471.7,19486,19484,19460.5,19459.5,19484.5,19482.5,18343
IG,2025-03-18 20:00:01.000,2025-03-18 20:05:00.000,IX.D.NASDAQ.CASH.IP,M5,19484.9,19482.9,19510.5,19508.5,19484.9,19482.9,19501.8,19499.8,7811
IG,2025-03-18 20:05:00.000,2025-03-18 20:10:00.000,IX.D.NASDAQ.CASH.IP,M5,19501.6,19499.6,19503.5,19501.5,19493.1,19491.1,19503.1,19501.1,1580
IG,2025-03-18 20:10:00.000,2025-03-18 20:15:00.000,IX.D.NASDAQ.CASH.IP,M5,19503.3,19501.3,19508,19506,19493.4,19491.4,19493.4,19491.4,1136
IG,2025-03-18 20:15:00.000,2025-03-18 20:20:00.000,IX.D.NASDAQ.CASH.IP,M5,19493.5,19491.5,19496.6,19494.6,19484.9,19482.9,19489.4,19487.4,635
IG,2025-03-18 20:20:00.000,2025-03-18 20:25:00.000,IX.D.NASDAQ.CASH.IP,M5,19489.5,19487.5,19490.6,19488.6,19477.4,19475.4,19482.5,19480.5,827
IG,2025-03-18 20:25:00.000,2025-03-18 20:30:00.000,IX.D.NASDAQ.CASH.IP,M5,19482.6,19480.6,19491.8,19489.8,19475.9,19473.9,19487.4,19485.4,472
IG,2025-03-18 20:30:00.000,2025-03-18 20:35:00.000,IX.D.NASDAQ.CASH.IP,M5,19487.3,19485.3,19490,19488,19479.9,19477.9,19489.5,19487.5,312
IG,2025-03-18 20:35:03.000,2025-03-18 20:39:57.000,IX.D.NASDAQ.CASH.IP,M5,19489.6,19487.6,19491.6,19489.6,19484.3,19482.3,19486.1,19484.1,488
IG,2025-03-18 20:40:01.000,2025-03-18 20:45:00.000,IX.D.NASDAQ.CASH.IP,M5,19486,19484,19488,19486,19484,19482,19487.1,19485.1,248
IG,2025-03-18 20:45:00.000,2025-03-18 20:50:00.000,IX.D.NASDAQ.CASH.IP,M5,19486.8,19484.8,19489.6,19487.6,19484.1,19482.1,19484.4,19482.4,500
IG,2025-03-18 20:50:00.000,2025-03-18 20:55:00.000,IX.D.NASDAQ.CASH.IP,M5,19484.6,19482.6,19486.8,19484.8,19480.4,19478.4,19481.9,19479.9,407
IG,2025-03-18 20:55:00.000,2025-03-18 20:59:59.000,IX.D.NASDAQ.CASH.IP,M5,19482,19480,19482.6,19480.6,19474.3,19472.3,19479.4,19474.4,602
IG,2025-03-18 21:00:00.000,2025-03-18 21:04:57.000,IX.D.NASDAQ.CASH.IP,M5,19479.5,19474.5,19479.7,19474.7,19476,19471,19476.8,19471.8,0
IG,2025-03-18 21:05:17.000,2025-03-18 21:09:56.000,IX.D.NASDAQ.CASH.IP,M5,19476.9,19471.9,19478.3,19473.3,19475.8,19470.8,19476.1,19471.1,0
IG,2025-03-18 21:10:01.000,2025-03-18 21:14:24.000,IX.D.NASDAQ.CASH.IP,M5,19475.8,19470.8,19476.1,19471.1,19474.7,19469.7,19475.3,19470.3,0
IG,2025-03-18 21:16:51.000,2025-03-18 21:19:42.000,IX.D.NASDAQ.CASH.IP,M5,19475.4,19470.4,19475.4,19470.4,19474.4,19469.4,19474.7,19469.7,0
IG,2025-03-18 21:20:10.000,2025-03-18 21:24:55.000,IX.D.NASDAQ.CASH.IP,M5,19474.6,19469.6,19474.7,19469.7,19471.7,19466.7,19471.7,19466.7,0
IG,2025-03-18 21:25:15.000,2025-03-18 21:29:48.000,IX.D.NASDAQ.CASH.IP,M5,19471.6,19466.6,19472.6,19467.6,19471.1,19466.1,19472.2,19467.2,0
IG,2025-03-18 21:30:08.000,2025-03-18 21:33:41.000,IX.D.NASDAQ.CASH.IP,M5,19472.4,19467.4,19473.4,19468.4,19472.4,19467.4,19472.7,19467.7,0
IG,2025-03-18 21:36:08.000,2025-03-18 21:39:34.000,IX.D.NASDAQ.CASH.IP,M5,19472.6,19467.6,19473.5,19468.5,19471.2,19466.2,19472.4,19467.4,0
IG,2025-03-18 21:40:00.000,2025-03-18 21:44:45.000,IX.D.NASDAQ.CASH.IP,M5,19471.7,19466.7,19474.1,19469.1,19471.7,19466.7,19473.6,19468.6,0
IG,2025-03-18 21:46:23.000,2025-03-18 21:49:25.000,IX.D.NASDAQ.CASH.IP,M5,19473.8,19468.8,19475.4,19470.4,19473.8,19468.8,19473.9,19468.9,0
IG,2025-03-18 21:50:05.000,2025-03-18 21:54:57.000,IX.D.NASDAQ.CASH.IP,M5,19474,19469,19476.3,19471.3,19474,19469,19476,19471,0
IG,2025-03-18 21:55:02.000,2025-03-18 22:00:00.000,IX.D.NASDAQ.CASH.IP,M5,19476.1,19471.1,19478.8,19476.8,19474.8,19469.8,19477.8,19475.8,8
IG,2025-03-18 22:00:00.000,2025-03-18 22:05:00.000,IX.D.NASDAQ.CASH.IP,M5,19478.8,19476.8,19481,19479,19466.4,19464.4,19478.5,19476.5,448
IG,2025-03-18 22:05:00.000,2025-03-18 22:10:00.000,IX.D.NASDAQ.CASH.IP,M5,19478.4,19476.4,19479.8,19477.8,19467.8,19465.8,19468.6,19466.6,299
IG,2025-03-18 22:10:01.000,2025-03-18 22:14:11.000,IX.D.NASDAQ.CASH.IP,M5,19468.5,19466.5,19475.8,19473.8,19455.9,19453.9,19455.9,19453.9,346
IG,2025-03-18 22:15:00.000,2025-03-18 22:20:00.000,IX.D.NASDAQ.CASH.IP,M5,19458.8,19456.8,19466.2,19464.2,19454,19452,19458.7,19456.7,232
IG,2025-03-18 22:20:00.000,2025-03-18 22:25:00.000,IX.D.NASDAQ.CASH.IP,M5,19458.8,19456.8,19467.7,19465.7,19458,19456,19466.3,19464.3,152
IG,2025-03-18 22:25:00.000,2025-03-18 22:30:00.000,IX.D.NASDAQ.CASH.IP,M5,19466.2,19464.2,19467.6,19465.6,19442.8,19440.8,19443.6,19441.6,1209
IG,2025-03-18 22:30:00.000,2025-03-18 22:35:00.000,IX.D.NASDAQ.CASH.IP,M5,19443.7,19441.7,19459.5,19457.5,19443.5,19441.5,19458.6,19456.6,474
IG,2025-03-18 22:35:00.000,2025-03-18 22:40:00.000,IX.D.NASDAQ.CASH.IP,M5,19458.5,19456.5,19463,19461,19455.7,19453.7,19459.6,19457.6,172
IG,2025-03-18 22:40:00.000,2025-03-18 22:45:00.000,IX.D.NASDAQ.CASH.IP,M5,19459.7,19457.7,19478.5,19476.5,19459.7,19457.7,19476.2,19474.2,476
IG,2025-03-18 22:45:00.000,2025-03-18 22:50:00.000,IX.D.NASDAQ.CASH.IP,M5,19476.6,19474.6,19487.8,19485.8,19474.5,19472.5,19482.6,19480.6,602
IG,2025-03-18 22:50:00.000,2025-03-18 22:55:00.000,IX.D.NASDAQ.CASH.IP,M5,19481.8,19479.8,19496.6,19494.6,19481.6,19479.6,19493.8,19491.8,456
IG,2025-03-18 22:55:00.000,2025-03-18 23:00:00.000,IX.D.NASDAQ.CASH.IP,M5,19493.6,19491.6,19499,19497,19483,19481,19484.5,19482.5,389
IG,2025-03-18 23:00:00.000,2025-03-18 23:05:00.000,IX.D.NASDAQ.CASH.IP,M5,19484.6,19482.6,19495.7,19493.7,19484.5,19482.5,19492.7,19490.7,257
IG,2025-03-18 23:05:00.000,2025-03-18 23:10:00.000,IX.D.NASDAQ.CASH.IP,M5,19493.5,19491.5,19494.5,19492.5,19484.7,19482.7,19490.2,19488.2,407
IG,2025-03-18 23:11:02.000,2025-03-18 23:50:00.000,IX.D.NASDAQ.CASH.IP,M5,19488.8,19486.8,19491.8,19489.8,19482.6,19480.6,19484.7,19482.7,193
IG,2025-03-18 23:50:00.000,2025-03-18 23:55:00.000,IX.D.NASDAQ.CASH.IP,M5,19484.6,19482.6,19492.6,19490.6,19483,19481,19486.3,19484.3,216
IG,2025-03-18 23:55:00.000,2025-03-19 00:00:00.000,IX.D.NASDAQ.CASH.IP,M5,19486.2,19484.2,19489.5,19487.5,19482,19480,19485.7,19483.7,258
IG,2025-03-19 00:00:00.000,2025-03-19 00:05:00.000,IX.D.NASDAQ.CASH.IP,M5,19485.8,19483.8,19493,19491,19482.1,19480.1,19490.2,19488.2,542
IG,2025-03-19 00:05:00.000,2025-03-19 00:10:00.000,IX.D.NASDAQ.CASH.IP,M5,19490.3,19488.3,19497.7,19495.7,19489.6,19487.6,19495.7,19493.7,613
IG,2025-03-19 00:10:00.000,2025-03-19 00:15:00.000,IX.D.NASDAQ.CASH.IP,M5,19495.6,19493.6,19502,19500,19491.8,19489.8,19500.6,19498.6,463
IG,2025-03-19 00:15:00.000,2025-03-19 00:20:00.000,IX.D.NASDAQ.CASH.IP,M5,19500.5,19498.5,19504.6,19502.6,19497.3,19495.3,19504,19502,453
IG,2025-03-19 00:20:00.000,2025-03-19 00:25:00.000,IX.D.NASDAQ.CASH.IP,M5,19504.1,19502.1,19527.5,19525.5,19503.8,19501.8,19522.8,19520.8,810
IG,2025-03-19 00:25:00.000,2025-03-19 00:29:59.000,IX.D.NASDAQ.CASH.IP,M5,19522.7,19520.7,19539.3,19537.3,19517.3,19515.3,19532.5,19530.5,977
IG,2025-03-19 00:29:59.000,2025-03-19 00:35:00.000,IX.D.NASDAQ.CASH.IP,M5,19532.3,19530.3,19538.8,19536.8,19526.6,19524.6,19534.7,19532.7,656
IG,2025-03-19 00:35:00.000,2025-03-19 00:40:00.000,IX.D.NASDAQ.CASH.IP,M5,19534.6,19532.6,19555.3,19553.3,19534.1,19532.1,19550,19548,1001
IG,2025-03-19 00:40:00.000,2025-03-19 00:45:00.000,IX.D.NASDAQ.CASH.IP,M5,19550.5,19548.5,19561,19559,19548.3,19546.3,19560.8,19558.8,727
IG,2025-03-19 00:45:00.000,2025-03-19 00:50:00.000,IX.D.NASDAQ.CASH.IP,M5,19560.6,19558.6,19565,19563,19552.3,19550.3,19555.8,19553.8,424
IG,2025-03-19 00:50:00.000,2025-03-19 00:55:00.000,IX.D.NASDAQ.CASH.IP,M5,19556,19554,19573.2,19571.2,19552.2,19550.2,19562.2,19560.2,779
IG,2025-03-19 00:55:01.000,2025-03-19 01:00:00.000,IX.D.NASDAQ.CASH.IP,M5,19562.1,19560.1,19565.1,19563.1,19548.3,19546.3,19554.7,19552.7,947
IG,2025-03-19 01:00:00.000,2025-03-19 01:05:00.000,IX.D.NASDAQ.CASH.IP,M5,19554.8,19552.8,19556.2,19554.2,19546.2,19544.2,19553.1,19551.1,655
IG,2025-03-19 01:05:00.000,2025-03-19 01:10:00.000,IX.D.NASDAQ.CASH.IP,M5,19553.2,19551.2,19558,19556,19544.7,19542.7,19548.7,19546.7,501
IG,2025-03-19 01:10:00.000,2025-03-19 01:15:00.000,IX.D.NASDAQ.CASH.IP,M5,19548.6,19546.6,19562.3,19560.3,19548.5,19546.5,19553,19551,316
IG,2025-03-19 01:15:01.000,2025-03-19 01:19:58.000,IX.D.NASDAQ.CASH.IP,M5,19553.1,19551.1,19553.3,19551.3,19542.3,19540.3,19545.3,19543.3,512
IG,2025-03-19 01:20:00.000,2025-03-19 01:25:00.000,IX.D.NASDAQ.CASH.IP,M5,19545.5,19543.5,19553.1,19551.1,19541.6,19539.6,19549.2,19547.2,322
IG,2025-03-19 01:25:00.000,2025-03-19 01:30:00.000,IX.D.NASDAQ.CASH.IP,M5,19549.1,19547.1,19555.6,19553.6,19546.8,19544.8,19549.2,19547.2,429
IG,2025-03-19 01:30:00.000,2025-03-19 01:35:00.000,IX.D.NASDAQ.CASH.IP,M5,19549.3,19547.3,19551.5,19549.5,19538.1,19536.1,19545.5,19543.5,638
IG,2025-03-19 01:35:00.000,2025-03-19 01:40:00.000,IX.D.NASDAQ.CASH.IP,M5,19545.3,19543.3,19554.3,19552.3,19543.3,19541.3,19552.8,19550.8,1150
IG,2025-03-19 01:40:00.000,2025-03-19 01:45:00.000,IX.D.NASDAQ.CASH.IP,M5,19553,19551,19556,19554,19549.3,19547.3,19553.7,19551.7,316
IG,2025-03-19 01:45:00.000,2025-03-19 01:49:59.000,IX.D.NASDAQ.CASH.IP,M5,19553.6,19551.6,19556.6,19554.6,19538.7,19536.7,19540.2,19538.2,402
IG,2025-03-19 01:50:00.000,2025-03-19 01:55:00.000,IX.D.NASDAQ.CASH.IP,M5,19540.1,19538.1,19553.8,19551.8,19538.5,19536.5,19547,19545,390
IG,2025-03-19 01:55:00.000,2025-03-19 02:00:00.000,IX.D.NASDAQ.CASH.IP,M5,19546.8,19544.8,19550.7,19548.7,19546,19544,19550.6,19548.6,143
IG,2025-03-19 02:00:00.000,2025-03-19 02:05:00.000,IX.D.NASDAQ.CASH.IP,M5,19550.3,19548.3,19550.3,19548.3,19540.2,19538.2,19540.8,19538.8,264
IG,2025-03-19 02:05:01.000,2025-03-19 02:10:00.000,IX.D.NASDAQ.CASH.IP,M5,19541,19539,19551.6,19549.6,19541,19539,19550.3,19548.3,256
IG,2025-03-19 02:10:00.000,2025-03-19 02:15:00.000,IX.D.NASDAQ.CASH.IP,M5,19549.8,19547.8,19552.8,19550.8,19545.1,19543.1,19547.8,19545.8,208
IG,2025-03-19 02:15:00.000,2025-03-19 02:20:00.000,IX.D.NASDAQ.CASH.IP,M5,19548,19546,19553.5,19551.5,19547.5,19545.5,19552.5,19550.5,137
IG,2025-03-19 02:20:00.000,2025-03-19 02:25:00.000,IX.D.NASDAQ.CASH.IP,M5,19552.6,19550.6,19553.6,19551.6,19547.5,19545.5,19548.3,19546.3,99
IG,2025-03-19 02:25:00.000,2025-03-19 02:30:00.000,IX.D.NASDAQ.CASH.IP,M5,19548.5,19546.5,19555.8,19553.8,19547,19545,19548.7,19546.7,237
IG,2025-03-19 02:30:00.000,2025-03-19 02:35:00.000,IX.D.NASDAQ.CASH.IP,M5,19548.8,19546.8,19555.2,19553.2,19540.7,19538.7,19554.5,19552.5,812
IG,2025-03-19 02:35:00.000,2025-03-19 02:40:00.000,IX.D.NASDAQ.CASH.IP,M5,19554.3,19552.3,19555.6,19553.6,19546,19544,19550.1,19548.1,374
IG,2025-03-19 02:40:00.000,2025-03-19 02:45:00.000,IX.D.NASDAQ.CASH.IP,M5,19550.5,19548.5,19556,19554,19548,19546,19550,19548,365
IG,2025-03-19 02:45:00.000,2025-03-19 02:50:00.000,IX.D.NASDAQ.CASH.IP,M5,19549.8,19547.8,19550.3,19548.3,19542.2,19540.2,19543.3,19541.3,517
IG,2025-03-19 02:50:00.000,2025-03-19 02:55:00.000,IX.D.NASDAQ.CASH.IP,M5,19543.5,19541.5,19545.1,19543.1,19535.8,19533.8,19536.8,19534.8,1218
IG,2025-03-19 02:55:00.000,2025-03-19 03:00:00.000,IX.D.NASDAQ.CASH.IP,M5,19537.3,19535.3,19539.7,19537.7,19529.7,19527.7,19532.3,19530.3,651
IG,2025-03-19 03:00:00.000,2025-03-19 03:05:00.000,IX.D.NASDAQ.CASH.IP,M5,19532.5,19530.5,19543.5,19541.5,19531.8,19529.8,19540.1,19538.1,453
IG,2025-03-19 03:05:00.000,2025-03-19 03:10:00.000,IX.D.NASDAQ.CASH.IP,M5,19540,19538,19548,19546,19540,19538,19547.2,19545.2,252
IG,2025-03-19 03:10:00.000,2025-03-19 03:15:00.000,IX.D.NASDAQ.CASH.IP,M5,19547.1,19545.1,19549.6,19547.6,19544.3,19542.3,19548,19546,167
IG,2025-03-19 03:15:00.000,2025-03-19 03:19:58.000,IX.D.NASDAQ.CASH.IP,M5,19548.1,19546.1,19550,19548,19544.1,19542.1,19544.8,19542.8,382
IG,2025-03-19 03:20:00.000,2025-03-19 03:25:00.000,IX.D.NASDAQ.CASH.IP,M5,19544.7,19542.7,19546.1,19544.1,19537.6,19535.6,19541,19539,308
IG,2025-03-19 03:25:00.000,2025-03-19 03:30:00.000,IX.D.NASDAQ.CASH.IP,M5,19541.1,19539.1,19545.7,19543.7,19537.7,19535.7,19539.5,19537.5,285
IG,2025-03-19 03:30:00.000,2025-03-19 03:35:00.000,IX.D.NASDAQ.CASH.IP,M5,19539.6,19537.6,19544.1,19542.1,19539.5,19537.5,19543.8,19541.8,169
IG,2025-03-19 03:35:02.000,2025-03-19 03:39:57.000,IX.D.NASDAQ.CASH.IP,M5,19543.7,19541.7,19544.1,19542.1,19531.7,19529.7,19534.1,19532.1,471
IG,2025-03-19 03:40:00.000,2025-03-19 03:44:58.000,IX.D.NASDAQ.CASH.IP,M5,19534,19532,19539.5,19537.5,19533,19531,19535.8,19533.8,197
IG,2025-03-19 03:45:00.000,2025-03-19 03:50:00.000,IX.D.NASDAQ.CASH.IP,M5,19535.7,19533.7,19537.5,19535.5,19530.7,19528.7,19534.2,19532.2,276
IG,2025-03-19 03:50:00.000,2025-03-19 03:54:59.000,IX.D.NASDAQ.CASH.IP,M5,19535.1,19533.1,19541.5,19539.5,19534.8,19532.8,19538.1,19536.1,217
IG,2025-03-19 03:55:00.000,2025-03-19 04:00:00.000,IX.D.NASDAQ.CASH.IP,M5,19538.2,19536.2,19541.2,19539.2,19533.6,19531.6,19539.3,19537.3,210
IG,2025-03-19 04:00:01.000,2025-03-19 04:05:00.000,IX.D.NASDAQ.CASH.IP,M5,19538.6,19536.6,19540.7,19538.7,19527.2,19525.2,19529.6,19527.6,246
IG,2025-03-19 04:05:01.000,2025-03-19 04:09:59.000,IX.D.NASDAQ.CASH.IP,M5,19529.7,19527.7,19530.6,19528.6,19522.5,19520.5,19526.3,19524.3,347
IG,2025-03-19 04:10:01.000,2025-03-19 04:15:00.000,IX.D.NASDAQ.CASH.IP,M5,19526.2,19524.2,19527.1,19525.1,19523.1,19521.1,19525.8,19523.8,130
IG,2025-03-19 04:15:00.000,2025-03-19 04:20:00.000,IX.D.NASDAQ.CASH.IP,M5,19526,19524,19526,19524,19516.7,19514.7,19519.2,19517.2,280
IG,2025-03-19 04:20:00.000,2025-03-19 04:25:00.000,IX.D.NASDAQ.CASH.IP,M5,19519.1,19517.1,19521.7,19519.7,19515.7,19513.7,19521.7,19519.7,233
IG,2025-03-19 04:25:00.000,2025-03-19 04:29:59.000,IX.D.NASDAQ.CASH.IP,M5,19521.8,19519.8,19523,19521,19513.6,19511.6,19514.3,19512.3,227
IG,2025-03-19 04:30:00.000,2025-03-19 04:35:00.000,IX.D.NASDAQ.CASH.IP,M5,19514.5,19512.5,19521.6,19519.6,19512.8,19510.8,19513.1,19511.1,185
IG,2025-03-19 04:35:00.000,2025-03-19 04:40:00.000,IX.D.NASDAQ.CASH.IP,M5,19513.2,19511.2,19516.6,19514.6,19512.3,19510.3,19514.1,19512.1,114
IG,2025-03-19 04:40:01.000,2025-03-19 04:45:00.000,IX.D.NASDAQ.CASH.IP,M5,19514,19512,19514.3,19512.3,19507,19505,19512.7,19510.7,240
IG,2025-03-19 04:45:00.000,2025-03-19 04:50:00.000,IX.D.NASDAQ.CASH.IP,M5,19512.8,19510.8,19517.1,19515.1,19511.2,19509.2,19515.3,19513.3,128
IG,2025-03-19 04:50:00.000,2025-03-19 04:54:57.000,IX.D.NASDAQ.CASH.IP,M5,19515.2,19513.2,19515.8,19513.8,19508.6,19506.6,19512.3,19510.3,155
IG,2025-03-19 04:55:00.000,2025-03-19 05:00:00.000,IX.D.NASDAQ.CASH.IP,M5,19512.2,19510.2,19513.3,19511.3,19507.7,19505.7,19512.5,19510.5,191
IG,2025-03-19 05:00:00.000,2025-03-19 05:05:00.000,IX.D.NASDAQ.CASH.IP,M5,19512.3,19510.3,19513.2,19511.2,19503.5,19501.5,19504.5,19502.5,278
IG,2025-03-19 05:05:01.000,2025-03-19 05:10:00.000,IX.D.NASDAQ.CASH.IP,M5,19504.3,19502.3,19510,19508,19500.2,19498.2,19506,19504,283
IG,2025-03-19 05:10:00.000,2025-03-19 05:15:00.000,IX.D.NASDAQ.CASH.IP,M5,19505.8,19503.8,19512,19510,19503,19501,19504.2,19502.2,185
IG,2025-03-19 05:15:00.000,2025-03-19 05:20:00.000,IX.D.NASDAQ.CASH.IP,M5,19504.1,19502.1,19510.2,19508.2,19502.6,19500.6,19505.8,19503.8,163
IG,2025-03-19 05:20:00.000,2025-03-19 05:25:00.000,IX.D.NASDAQ.CASH.IP,M5,19505.7,19503.7,19515.1,19513.1,19504.6,19502.6,19514.6,19512.6,137
IG,2025-03-19 05:25:01.000,2025-03-19 05:30:00.000,IX.D.NASDAQ.CASH.IP,M5,19514.7,19512.7,19525.3,19523.3,19514.2,19512.2,19522.5,19520.5,282
IG,2025-03-19 05:30:00.000,2025-03-19 05:35:00.000,IX.D.NASDAQ.CASH.IP,M5,19522.6,19520.6,19535.7,19533.7,19522.6,19520.6,19535.7,19533.7,293
IG,2025-03-19 05:35:00.000,2025-03-19 05:40:00.000,IX.D.NASDAQ.CASH.IP,M5,19535.6,19533.6,19538.1,19536.1,19525.8,19523.8,19531,19529,300
IG,2025-03-19 05:40:00.000,2025-03-19 05:45:00.000,IX.D.NASDAQ.CASH.IP,M5,19530.8,19528.8,19533.2,19531.2,19525.6,19523.6,19530,19528,201
IG,2025-03-19 05:45:00.000,2025-03-19 05:50:00.000,IX.D.NASDAQ.CASH.IP,M5,19530.1,19528.1,19530.5,19528.5,19515.2,19513.2,19516.6,19514.6,266
IG,2025-03-19 05:50:00.000,2025-03-19 05:55:00.000,IX.D.NASDAQ.CASH.IP,M5,19516.7,19514.7,19518.3,19516.3,19508.5,19506.5,19509.1,19507.1,213
IG,2025-03-19 05:55:00.000,2025-03-19 06:00:00.000,IX.D.NASDAQ.CASH.IP,M5,19509.2,19507.2,19514.3,19512.3,19507.7,19505.7,19513.6,19511.6,146
IG,2025-03-19 06:00:00.000,2025-03-19 06:05:00.000,IX.D.NASDAQ.CASH.IP,M5,19513.7,19511.7,19517.2,19515.2,19505.6,19503.6,19517,19515,259
IG,2025-03-19 06:05:00.000,2025-03-19 06:10:00.000,IX.D.NASDAQ.CASH.IP,M5,19517.1,19515.1,19518.3,19516.3,19508.2,19506.2,19513.1,19511.1,166
IG,2025-03-19 06:10:00.000,2025-03-19 06:15:00.000,IX.D.NASDAQ.CASH.IP,M5,19513,19511,19514.8,19512.8,19501.8,19499.8,19502.6,19500.6,190
IG,2025-03-19 06:15:00.000,2025-03-19 06:20:00.000,IX.D.NASDAQ.CASH.IP,M5,19502.5,19500.5,19505,19503,19499.5,19497.5,19503.7,19501.7,194
IG,2025-03-19 06:20:00.000,2025-03-19 06:25:00.000,IX.D.NASDAQ.CASH.IP,M5,19503.6,19501.6,19511.7,19509.7,19501,19499,19507.1,19505.1,323
IG,2025-03-19 06:25:00.000,2025-03-19 06:30:00.000,IX.D.NASDAQ.CASH.IP,M5,19507,19505,19512.3,19510.3,19503.8,19501.8,19511,19509,238
IG,2025-03-19 06:30:00.000,2025-03-19 06:35:00.000,IX.D.NASDAQ.CASH.IP,M5,19510.8,19508.8,19514,19512,19493.2,19491.2,19513.1,19511.1,463
IG,2025-03-19 06:35:00.000,2025-03-19 06:40:00.000,IX.D.NASDAQ.CASH.IP,M5,19513,19511,19519.7,19517.7,19509.8,19507.8,19511.5,19509.5,250
IG,2025-03-19 06:40:00.000,2025-03-19 06:45:00.000,IX.D.NASDAQ.CASH.IP,M5,19511.2,19509.2,19516,19514,19506.7,19504.7,19513,19511,175
IG,2025-03-19 06:45:00.000,2025-03-19 06:50:00.000,IX.D.NASDAQ.CASH.IP,M5,19513.1,19511.1,19518,19516,19509.7,19507.7,19510.8,19508.8,176
IG,2025-03-19 06:50:00.000,2025-03-19 06:55:00.000,IX.D.NASDAQ.CASH.IP,M5,19510.7,19508.7,19514,19512,19502.3,19500.3,19513.6,19511.6,231
IG,2025-03-19 06:55:00.000,2025-03-19 07:00:00.000,IX.D.NASDAQ.CASH.IP,M5,19513.7,19511.7,19515.7,19513.7,19511.5,19509.5,19513.6,19511.6,111
IG,2025-03-19 07:00:00.000,2025-03-19 07:05:00.000,IX.D.NASDAQ.CASH.IP,M5,19513.7,19511.7,19515.2,19513.2,19491.2,19489.2,19495.7,19493.7,605
IG,2025-03-19 07:05:00.000,2025-03-19 07:10:00.000,IX.D.NASDAQ.CASH.IP,M5,19495.5,19493.5,19495.8,19493.8,19480.5,19478.5,19481.7,19479.7,547
IG,2025-03-19 07:10:00.000,2025-03-19 07:15:00.000,IX.D.NASDAQ.CASH.IP,M5,19481.8,19479.8,19490.3,19488.3,19471.1,19469.1,19472.7,19470.7,530
IG,2025-03-19 07:15:00.000,2025-03-19 07:20:00.000,IX.D.NASDAQ.CASH.IP,M5,19472.6,19470.6,19496.5,19494.5,19472.6,19470.6,19496.1,19494.1,493
IG,2025-03-19 07:20:00.000,2025-03-19 07:25:00.000,IX.D.NASDAQ.CASH.IP,M5,19496,19494,19500.5,19498.5,19484.2,19482.2,19494.8,19492.8,480
IG,2025-03-19 07:25:00.000,2025-03-19 07:30:00.000,IX.D.NASDAQ.CASH.IP,M5,19494.7,19492.7,19503.5,19501.5,19492.8,19490.8,19499.7,19497.7,280
IG,2025-03-19 07:30:00.000,2025-03-19 07:35:00.000,IX.D.NASDAQ.CASH.IP,M5,19500,19498,19502.6,19500.6,19488.8,19486.8,19488.8,19486.8,443
IG,2025-03-19 07:35:00.000,2025-03-19 07:40:00.000,IX.D.NASDAQ.CASH.IP,M5,19488.7,19486.7,19491.8,19489.8,19458.2,19456.2,19461.8,19459.8,811
IG,2025-03-19 07:40:00.000,2025-03-19 07:45:00.000,IX.D.NASDAQ.CASH.IP,M5,19461.6,19459.6,19465.7,19463.7,19436.6,19434.6,19446.5,19444.5,960
IG,2025-03-19 07:45:00.000,2025-03-19 07:50:00.000,IX.D.NASDAQ.CASH.IP,M5,19446.3,19444.3,19460.3,19458.3,19437.2,19435.2,19458.8,19456.8,977
IG,2025-03-19 07:50:00.000,2025-03-19 07:55:00.000,IX.D.NASDAQ.CASH.IP,M5,19459,19457,19467.3,19465.3,19449.1,19447.1,19454.1,19452.1,705
IG,2025-03-19 07:55:00.000,2025-03-19 08:00:00.000,IX.D.NASDAQ.CASH.IP,M5,19454.2,19452.2,19455.8,19453.8,19439.7,19437.7,19450.2,19448.2,827
IG,2025-03-19 08:00:00.000,2025-03-19 08:05:00.000,IX.D.NASDAQ.CASH.IP,M5,19451.3,19449.3,19476.2,19474.2,19448.2,19446.2,19468.5,19466.5,1467
IG,2025-03-19 08:05:00.000,2025-03-19 08:10:00.000,IX.D.NASDAQ.CASH.IP,M5,19468.3,19466.3,19493.8,19491.8,19463,19461,19491.5,19489.5,1038
IG,2025-03-19 08:10:00.000,2025-03-19 08:15:00.000,IX.D.NASDAQ.CASH.IP,M5,19491.2,19489.2,19492.7,19490.7,19469.2,19467.2,19484.3,19482.3,810
IG,2025-03-19 08:15:00.000,2025-03-19 08:20:00.000,IX.D.NASDAQ.CASH.IP,M5,19484.7,19482.7,19485.2,19483.2,19463,19461,19478,19476,694
IG,2025-03-19 08:20:00.000,2025-03-19 08:25:00.000,IX.D.NASDAQ.CASH.IP,M5,19478.1,19476.1,19490.8,19488.8,19476.1,19474.1,19482.6,19480.6,486
IG,2025-03-19 08:25:00.000,2025-03-19 08:30:00.000,IX.D.NASDAQ.CASH.IP,M5,19482.7,19480.7,19500.5,19498.5,19479.6,19477.6,19497.8,19495.8,798
IG,2025-03-19 08:30:00.000,2025-03-19 08:35:00.000,IX.D.NASDAQ.CASH.IP,M5,19498.1,19496.1,19520.1,19518.1,19493.1,19491.1,19520,19518,981
IG,2025-03-19 08:35:00.000,2025-03-19 08:40:00.000,IX.D.NASDAQ.CASH.IP,M5,19520.1,19518.1,19522.7,19520.7,19514.6,19512.6,19515.2,19513.2,681
IG,2025-03-19 08:40:00.000,2025-03-19 08:45:00.000,IX.D.NASDAQ.CASH.IP,M5,19515.3,19513.3,19516.3,19514.3,19500.2,19498.2,19503.8,19501.8,658
IG,2025-03-19 08:45:00.000,2025-03-19 08:50:00.000,IX.D.NASDAQ.CASH.IP,M5,19504,19502,19513.7,19511.7,19497.2,19495.2,19512.5,19510.5,646
IG,2025-03-19 08:50:00.000,2025-03-19 08:55:00.000,IX.D.NASDAQ.CASH.IP,M5,19512.3,19510.3,19514.7,19512.7,19497,19495,19507,19505,774
IG,2025-03-19 08:55:00.000,2025-03-19 09:00:00.000,IX.D.NASDAQ.CASH.IP,M5,19508.8,19506.8,19509.1,19507.1,19496.8,19494.8,19498.2,19496.2,490
IG,2025-03-19 09:00:00.000,2025-03-19 09:05:00.000,IX.D.NASDAQ.CASH.IP,M5,19498.5,19496.5,19500,19498,19486.1,19484.1,19492,19490,1060
IG,2025-03-19 09:05:00.000,2025-03-19 09:10:00.000,IX.D.NASDAQ.CASH.IP,M5,19491.8,19489.8,19509.7,19507.7,19490.1,19488.1,19508.2,19506.2,804
IG,2025-03-19 09:10:00.000,2025-03-19 09:15:00.000,IX.D.NASDAQ.CASH.IP,M5,19508.7,19506.7,19513.8,19511.8,19482.3,19480.3,19483.6,19481.6,1169
IG,2025-03-19 09:15:00.000,2025-03-19 09:20:00.000,IX.D.NASDAQ.CASH.IP,M5,19483.8,19481.8,19494.5,19492.5,19482.2,19480.2,19491.5,19489.5,683
IG,2025-03-19 09:20:00.000,2025-03-19 09:25:00.000,IX.D.NASDAQ.CASH.IP,M5,19491.6,19489.6,19507.1,19505.1,19490.5,19488.5,19505.6,19503.6,612
IG,2025-03-19 09:25:00.000,2025-03-19 09:30:00.000,IX.D.NASDAQ.CASH.IP,M5,19505.5,19503.5,19521.1,19519.1,19504.8,19502.8,19516.6,19514.6,596
IG,2025-03-19 09:30:00.000,2025-03-19 09:35:00.000,IX.D.NASDAQ.CASH.IP,M5,19516.7,19514.7,19532.5,19530.5,19513.2,19511.2,19524.1,19522.1,860
IG,2025-03-19 09:35:00.000,2025-03-19 09:40:00.000,IX.D.NASDAQ.CASH.IP,M5,19524,19522,19534.7,19532.7,19523.6,19521.6,19530.5,19528.5,447
IG,2025-03-19 09:40:00.000,2025-03-19 09:45:00.000,IX.D.NASDAQ.CASH.IP,M5,19530.6,19528.6,19535.8,19533.8,19524.1,19522.1,19532.3,19530.3,455
IG,2025-03-19 09:45:00.000,2025-03-19 09:50:00.000,IX.D.NASDAQ.CASH.IP,M5,19532.2,19530.2,19535.7,19533.7,19525.1,19523.1,19535.5,19533.5,565
IG,2025-03-19 09:50:00.000,2025-03-19 09:55:00.000,IX.D.NASDAQ.CASH.IP,M5,19535.3,19533.3,19542.5,19540.5,19531.2,19529.2,19541.3,19539.3,889
IG,2025-03-19 09:55:00.000,2025-03-19 10:00:00.000,IX.D.NASDAQ.CASH.IP,M5,19541.5,19539.5,19543,19541,19532.2,19530.2,19539.6,19537.6,700
IG,2025-03-19 10:00:00.000,2025-03-19 10:05:00.000,IX.D.NASDAQ.CASH.IP,M5,19539.8,19537.8,19559,19557,19539,19537,19554.6,19552.6,1147
IG,2025-03-19 10:05:00.000,2025-03-19 10:10:00.000,IX.D.NASDAQ.CASH.IP,M5,19554.7,19552.7,19556,19554,19539.8,19537.8,19541.1,19539.1,1029
IG,2025-03-19 10:10:00.000,2025-03-19 10:15:00.000,IX.D.NASDAQ.CASH.IP,M5,19541,19539,19550.6,19548.6,19538.3,19536.3,19547.6,19545.6,854
IG,2025-03-19 10:15:00.000,2025-03-19 10:20:00.000,IX.D.NASDAQ.CASH.IP,M5,19547.7,19545.7,19550.3,19548.3,19536.6,19534.6,19546,19544,403
IG,2025-03-19 10:20:00.000,2025-03-19 10:25:00.000,IX.D.NASDAQ.CASH.IP,M5,19545.8,19543.8,19548,19546,19538.3,19536.3,19540.2,19538.2,308
IG,2025-03-19 10:25:00.000,2025-03-19 10:30:00.000,IX.D.NASDAQ.CASH.IP,M5,19540.1,19538.1,19548.8,19546.8,19533.7,19531.7,19548.3,19546.3,412
IG,2025-03-19 10:30:00.000,2025-03-19 10:35:00.000,IX.D.NASDAQ.CASH.IP,M5,19547.7,19545.7,19561.1,19559.1,19545.1,19543.1,19548.8,19546.8,744
IG,2025-03-19 10:35:00.000,2025-03-19 10:40:00.000,IX.D.NASDAQ.CASH.IP,M5,19549.2,19547.2,19552.1,19550.1,19539.8,19537.8,19543.7,19541.7,874
IG,2025-03-19 10:40:00.000,2025-03-19 10:45:00.000,IX.D.NASDAQ.CASH.IP,M5,19543.8,19541.8,19543.8,19541.8,19532.3,19530.3,19534.6,19532.6,703
IG,2025-03-19 10:45:00.000,2025-03-19 10:50:00.000,IX.D.NASDAQ.CASH.IP,M5,19534.8,19532.8,19540.8,19538.8,19530.8,19528.8,19536.7,19534.7,474
IG,2025-03-19 10:50:00.000,2025-03-19 10:55:00.000,IX.D.NASDAQ.CASH.IP,M5,19536.3,19534.3,19538,19536,19527.5,19525.5,19531.1,19529.1,369
IG,2025-03-19 10:55:00.000,2025-03-19 11:00:00.000,IX.D.NASDAQ.CASH.IP,M5,19531.2,19529.2,19536,19534,19525.2,19523.2,19532,19530,604
IG,2025-03-19 11:00:00.000,2025-03-19 11:05:00.000,IX.D.NASDAQ.CASH.IP,M5,19531.8,19529.8,19539.3,19537.3,19528.8,19526.8,19537.5,19535.5,556
IG,2025-03-19 11:05:00.000,2025-03-19 11:10:00.000,IX.D.NASDAQ.CASH.IP,M5,19537.6,19535.6,19540.5,19538.5,19535.7,19533.7,19540.1,19538.1,420
IG,2025-03-19 11:10:00.000,2025-03-19 11:15:00.000,IX.D.NASDAQ.CASH.IP,M5,19540.2,19538.2,19552.8,19550.8,19537.3,19535.3,19552,19550,568
IG,2025-03-19 11:15:00.000,2025-03-19 11:20:00.000,IX.D.NASDAQ.CASH.IP,M5,19552.1,19550.1,19553,19551,19540.2,19538.2,19546.2,19544.2,561
IG,2025-03-19 11:20:00.000,2025-03-19 11:25:00.000,IX.D.NASDAQ.CASH.IP,M5,19546.3,19544.3,19551.5,19549.5,19539.1,19537.1,19549.5,19547.5,415
IG,2025-03-19 11:25:00.000,2025-03-19 11:30:00.000,IX.D.NASDAQ.CASH.IP,M5,19549.6,19547.6,19555.8,19553.8,19544.5,19542.5,19547.1,19545.1,516
IG,2025-03-19 11:30:00.000,2025-03-19 11:35:00.000,IX.D.NASDAQ.CASH.IP,M5,19547.2,19545.2,19548.3,19546.3,19542.3,19540.3,19546.8,19544.8,684
IG,2025-03-19 11:35:00.000,2025-03-19 11:40:00.000,IX.D.NASDAQ.CASH.IP,M5,19546.7,19544.7,19556.2,19554.2,19543.3,19541.3,19554.7,19552.7,641
IG,2025-03-19 11:40:00.000,2025-03-19 11:44:59.000,IX.D.NASDAQ.CASH.IP,M5,19554.8,19552.8,19565.6,19563.6,19552.1,19550.1,19563.5,19561.5,946
IG,2025-03-19 11:45:00.000,2025-03-19 11:50:00.000,IX.D.NASDAQ.CASH.IP,M5,19563.6,19561.6,19565.3,19563.3,19549.8,19547.8,19557.8,19555.8,969
IG,2025-03-19 11:50:00.000,2025-03-19 11:55:00.000,IX.D.NASDAQ.CASH.IP,M5,19558,19556,19561.7,19559.7,19553.2,19551.2,19554.7,19552.7,521
IG,2025-03-19 11:55:00.000,2025-03-19 12:00:00.000,IX.D.NASDAQ.CASH.IP,M5,19554.6,19552.6,19558.8,19556.8,19524.8,19522.8,19550.2,19548.2,3691
IG,2025-03-19 12:00:00.000,2025-03-19 12:05:00.000,IX.D.NASDAQ.CASH.IP,M5,19550.1,19548.1,19559.5,19557.5,19537.2,19535.2,19541.8,19539.8,823
IG,2025-03-19 12:05:00.000,2025-03-19 12:10:00.000,IX.D.NASDAQ.CASH.IP,M5,19541.7,19539.7,19554.1,19552.1,19538,19536,19543.3,19541.3,633
IG,2025-03-19 12:10:00.000,2025-03-19 12:15:00.000,IX.D.NASDAQ.CASH.IP,M5,19543.1,19541.1,19554.2,19552.2,19541.3,19539.3,19545.5,19543.5,774
IG,2025-03-19 12:15:00.000,2025-03-19 12:20:00.000,IX.D.NASDAQ.CASH.IP,M5,19545.3,19543.3,19559,19557,19538.2,19536.2,19540.1,19538.1,862
IG,2025-03-19 12:20:00.000,2025-03-19 12:25:00.000,IX.D.NASDAQ.CASH.IP,M5,19540.2,19538.2,19542.2,19540.2,19529.8,19527.8,19532.6,19530.6,789
IG,2025-03-19 12:25:00.000,2025-03-19 12:30:00.000,IX.D.NASDAQ.CASH.IP,M5,19532.5,19530.5,19545.3,19543.3,19525.8,19523.8,19531.1,19529.1,1365
IG,2025-03-19 12:30:00.000,2025-03-19 12:35:00.000,IX.D.NASDAQ.CASH.IP,M5,19531.2,19529.2,19536.8,19534.8,19520.1,19518.1,19535.6,19533.6,1001
IG,2025-03-19 12:35:00.000,2025-03-19 12:40:00.000,IX.D.NASDAQ.CASH.IP,M5,19535.7,19533.7,19537.7,19535.7,19523.6,19521.6,19524.5,19522.5,616
IG,2025-03-19 12:40:00.000,2025-03-19 12:45:00.000,IX.D.NASDAQ.CASH.IP,M5,19524.6,19522.6,19538.6,19536.6,19519,19517,19538.5,19536.5,904
IG,2025-03-19 12:45:00.000,2025-03-19 12:50:00.000,IX.D.NASDAQ.CASH.IP,M5,19539,19537,19549.1,19547.1,19535.3,19533.3,19541.5,19539.5,863
IG,2025-03-19 12:50:00.000,2025-03-19 12:55:00.000,IX.D.NASDAQ.CASH.IP,M5,19540.8,19538.8,19545.5,19543.5,19539.6,19537.6,19542.7,19540.7,749
IG,2025-03-19 12:55:00.000,2025-03-19 13:00:00.000,IX.D.NASDAQ.CASH.IP,M5,19542.8,19540.8,19542.8,19540.8,19526.6,19524.6,19535.6,19533.6,890
IG,2025-03-19 13:00:00.000,2025-03-19 13:05:00.000,IX.D.NASDAQ.CASH.IP,M5,19535.7,19533.7,19544,19542,19531.8,19529.8,19533.3,19531.3,618
IG,2025-03-19 13:05:00.000,2025-03-19 13:09:58.000,IX.D.NASDAQ.CASH.IP,M5,19533.2,19531.2,19546.7,19544.7,19533.2,19531.2,19541.1,19539.1,1197
IG,2025-03-19 13:10:00.000,2025-03-19 13:15:00.000,IX.D.NASDAQ.CASH.IP,M5,19541,19539,19542.3,19540.3,19521.8,19519.8,19537.5,19535.5,1153
IG,2025-03-19 13:15:00.000,2025-03-19 13:20:00.000,IX.D.NASDAQ.CASH.IP,M5,19538,19536,19542.2,19540.2,19524.1,19522.1,19535.3,19533.3,1127
IG,2025-03-19 13:20:00.000,2025-03-19 13:25:00.000,IX.D.NASDAQ.CASH.IP,M5,19535,19533,19540.8,19538.8,19526.8,19524.8,19529.3,19527.3,1603
IG,2025-03-19 13:25:00.000,2025-03-19 13:30:00.000,IX.D.NASDAQ.CASH.IP,M5,19529.8,19527.8,19567.8,19565.8,19526.5,19524.5,19564.2,19563.2,3909
IG,2025-03-19 13:30:00.000,2025-03-19 13:35:00.000,IX.D.NASDAQ.CASH.IP,M5,19565.5,19564.5,19590.2,19589.2,19543,19542,19551.7,19550.7,11977
IG,2025-03-19 13:35:00.000,2025-03-19 13:40:00.000,IX.D.NASDAQ.CASH.IP,M5,19551.3,19550.3,19563.8,19562.8,19524,19523,19548,19547,8047
IG,2025-03-19 13:40:00.000,2025-03-19 13:45:00.000,IX.D.NASDAQ.CASH.IP,M5,19547.3,19546.3,19557.7,19556.7,19482.6,19481.6,19501.6,19500.6,9535
IG,2025-03-19 13:45:00.000,2025-03-19 13:50:00.000,IX.D.NASDAQ.CASH.IP,M5,19501.3,19500.3,19574.3,19573.3,19498.6,19497.6,19560.2,19559.2,10379
IG,2025-03-19 13:50:00.000,2025-03-19 13:55:00.000,IX.D.NASDAQ.CASH.IP,M5,19560.7,19559.7,19614.1,19613.1,19548,19547,19608,19607,8713
IG,2025-03-19 13:55:00.000,2025-03-19 14:00:00.000,IX.D.NASDAQ.CASH.IP,M5,19607.8,19606.8,19620.2,19619.2,19594.7,19593.7,19607.1,19606.1,5786
IG,2025-03-19 14:00:00.000,2025-03-19 14:05:00.000,IX.D.NASDAQ.CASH.IP,M5,19607.3,19606.3,19643.6,19642.6,19606.1,19605.1,19639.5,19638.5,7452
IG,2025-03-19 14:05:00.000,2025-03-19 14:10:00.000,IX.D.NASDAQ.CASH.IP,M5,19639.1,19638.1,19676,19675,19632.6,19631.6,19668.6,19667.6,6691
IG,2025-03-19 14:10:00.000,2025-03-19 14:15:00.000,IX.D.NASDAQ.CASH.IP,M5,19669.6,19668.6,19672.7,19671.7,19640.2,19639.2,19659,19658,6007
IG,2025-03-19 14:15:00.000,2025-03-19 14:20:00.000,IX.D.NASDAQ.CASH.IP,M5,19658.3,19657.3,19666.1,19665.1,19641.3,19640.3,19664,19663,5779
IG,2025-03-19 14:20:00.000,2025-03-19 14:25:00.000,IX.D.NASDAQ.CASH.IP,M5,19663.8,19662.8,19668.7,19667.7,19637.3,19636.3,19641.6,19640.6,4343
IG,2025-03-19 14:25:00.000,2025-03-19 14:30:00.000,IX.D.NASDAQ.CASH.IP,M5,19641.5,19640.5,19649.8,19648.8,19618.8,19617.8,19624.8,19623.8,6828
IG,2025-03-19 14:30:00.000,2025-03-19 14:35:00.000,IX.D.NASDAQ.CASH.IP,M5,19625,19624,19637,19636,19612.1,19611.1,19629.2,19628.2,4717
IG,2025-03-19 14:35:00.000,2025-03-19 14:40:00.000,IX.D.NASDAQ.CASH.IP,M5,19629.6,19628.6,19641.6,19640.6,19613.6,19612.6,19625.8,19624.8,4990
IG,2025-03-19 14:40:00.000,2025-03-19 14:45:00.000,IX.D.NASDAQ.CASH.IP,M5,19625.7,19624.7,19635.8,19634.8,19591.6,19590.6,19604.1,19603.1,5424
IG,2025-03-19 14:45:00.000,2025-03-19 14:50:00.000,IX.D.NASDAQ.CASH.IP,M5,19604.3,19603.3,19610,19609,19583.2,19582.2,19602.7,19601.7,5250
IG,2025-03-19 14:50:00.000,2025-03-19 14:55:00.000,IX.D.NASDAQ.CASH.IP,M5,19602.8,19601.8,19604.6,19603.6,19570.7,19569.7,19573.6,19572.6,4581
IG,2025-03-19 14:55:00.000,2025-03-19 15:00:00.000,IX.D.NASDAQ.CASH.IP,M5,19573.1,19572.1,19588.8,19587.8,19564.8,19563.8,19567.6,19566.6,4900
IG,2025-03-19 15:00:00.000,2025-03-19 15:05:00.000,IX.D.NASDAQ.CASH.IP,M5,19567.5,19566.5,19596.6,19595.6,19566.7,19565.7,19593,19592,3531
IG,2025-03-19 15:05:00.000,2025-03-19 15:10:00.000,IX.D.NASDAQ.CASH.IP,M5,19593.3,19592.3,19636.7,19635.7,19592.6,19591.6,19636.6,19635.6,5594
IG,2025-03-19 15:10:00.000,2025-03-19 15:15:00.000,IX.D.NASDAQ.CASH.IP,M5,19636.3,19635.3,19651.7,19650.7,19632.5,19631.5,19638.6,19637.6,4959
IG,2025-03-19 15:15:00.000,2025-03-19 15:20:00.000,IX.D.NASDAQ.CASH.IP,M5,19638.1,19637.1,19641.2,19640.2,19601.2,19600.2,19603.6,19602.6,4391
IG,2025-03-19 15:20:00.000,2025-03-19 15:25:00.000,IX.D.NASDAQ.CASH.IP,M5,19603.5,19602.5,19650.2,19649.2,19597.6,19596.6,19638.6,19637.6,4873
IG,2025-03-19 15:25:00.000,2025-03-19 15:29:59.000,IX.D.NASDAQ.CASH.IP,M5,19638.7,19637.7,19659.1,19658.1,19629.1,19628.1,19650.7,19649.7,4153
IG,2025-03-19 15:29:59.000,2025-03-19 15:35:00.000,IX.D.NASDAQ.CASH.IP,M5,19650.8,19649.8,19665.2,19664.2,19637.3,19636.3,19661.1,19660.1,4488
IG,2025-03-19 15:35:00.000,2025-03-19 15:40:00.000,IX.D.NASDAQ.CASH.IP,M5,19660.8,19659.8,19665.2,19664.2,19647.7,19646.7,19659.8,19658.8,2994
IG,2025-03-19 15:40:00.000,2025-03-19 15:45:00.000,IX.D.NASDAQ.CASH.IP,M5,19659.7,19658.7,19678.2,19677.2,19657.7,19656.7,19677.3,19676.3,3078
IG,2025-03-19 15:45:00.000,2025-03-19 15:50:00.000,IX.D.NASDAQ.CASH.IP,M5,19677.6,19676.6,19679.7,19678.7,19665,19664,19678.6,19677.6,3712
IG,2025-03-19 15:50:00.000,2025-03-19 15:55:00.000,IX.D.NASDAQ.CASH.IP,M5,19678.8,19677.8,19712.8,19711.8,19678.8,19677.8,19700.3,19699.3,5683
IG,2025-03-19 15:55:00.000,2025-03-19 16:00:00.000,IX.D.NASDAQ.CASH.IP,M5,19700.8,19699.8,19710.5,19709.5,19684,19683,19694.6,19693.6,4319
IG,2025-03-19 16:00:00.000,2025-03-19 16:05:00.000,IX.D.NASDAQ.CASH.IP,M5,19694.8,19693.8,19702.5,19701.5,19683.8,19682.8,19686.8,19685.8,2560
IG,2025-03-19 16:05:00.000,2025-03-19 16:10:00.000,IX.D.NASDAQ.CASH.IP,M5,19687,19686,19708.5,19707.5,19682.8,19681.8,19690.3,19689.3,2861
IG,2025-03-19 16:10:00.000,2025-03-19 16:15:00.000,IX.D.NASDAQ.CASH.IP,M5,19690.6,19689.6,19695.1,19694.1,19667.2,19666.2,19673.3,19672.3,4429
IG,2025-03-19 16:15:00.000,2025-03-19 16:20:00.000,IX.D.NASDAQ.CASH.IP,M5,19673.2,19672.2,19673.5,19672.5,19657.5,19656.5,19666.6,19665.6,3433
IG,2025-03-19 16:20:00.000,2025-03-19 16:25:00.000,IX.D.NASDAQ.CASH.IP,M5,19666,19665,19681.5,19680.5,19658.1,19657.1,19671.1,19670.1,3136
IG,2025-03-19 16:25:00.000,2025-03-19 16:30:00.000,IX.D.NASDAQ.CASH.IP,M5,19671,19670,19685.2,19684.2,19662.5,19661.5,19679.3,19678.3,2424
IG,2025-03-19 16:30:00.000,2025-03-19 16:35:00.000,IX.D.NASDAQ.CASH.IP,M5,19679.2,19678.2,19684.5,19683.5,19652.1,19651.1,19663,19662,3556
IG,2025-03-19 16:35:00.000,2025-03-19 16:40:00.000,IX.D.NASDAQ.CASH.IP,M5,19662.6,19661.6,19668.1,19667.1,19650.1,19649.1,19651.7,19650.7,2457
IG,2025-03-19 16:40:00.000,2025-03-19 16:45:00.000,IX.D.NASDAQ.CASH.IP,M5,19651.5,19650.5,19655.6,19654.6,19640.8,19639.8,19651.8,19650.8,2588
IG,2025-03-19 16:45:00.000,2025-03-19 16:50:00.000,IX.D.NASDAQ.CASH.IP,M5,19651.5,19650.5,19654.2,19653.2,19638.7,19637.7,19642,19641,1826
IG,2025-03-19 16:50:00.000,2025-03-19 16:55:00.000,IX.D.NASDAQ.CASH.IP,M5,19641.6,19640.6,19665.8,19664.8,19629.8,19628.8,19663.5,19662.5,3307
IG,2025-03-19 16:55:00.000,2025-03-19 17:00:00.000,IX.D.NASDAQ.CASH.IP,M5,19663.6,19662.6,19664.8,19663.8,19633.2,19632.2,19645.8,19644.8,2946
IG,2025-03-19 17:00:00.000,2025-03-19 17:05:00.000,IX.D.NASDAQ.CASH.IP,M5,19646.2,19645.2,19661,19660,19635.8,19634.8,19645.3,19644.3,1986
IG,2025-03-19 17:05:00.000,2025-03-19 17:10:00.000,IX.D.NASDAQ.CASH.IP,M5,19645.5,19644.5,19649.7,19648.7,19610.6,19609.6,19615,19614,3178
IG,2025-03-19 17:10:00.000,2025-03-19 17:15:00.000,IX.D.NASDAQ.CASH.IP,M5,19615.1,19614.1,19621.7,19620.7,19587.5,19586.5,19590.5,19589.5,3246
IG,2025-03-19 17:15:00.000,2025-03-19 17:20:00.000,IX.D.NASDAQ.CASH.IP,M5,19590.6,19589.6,19604.8,19603.8,19578.3,19577.3,19595.5,19594.5,3465
IG,2025-03-19 17:20:00.000,2025-03-19 17:25:00.000,IX.D.NASDAQ.CASH.IP,M5,19595.8,19594.8,19606.5,19605.5,19591.8,19590.8,19596.8,19595.8,2599
IG,2025-03-19 17:25:00.000,2025-03-19 17:30:00.000,IX.D.NASDAQ.CASH.IP,M5,19597.3,19596.3,19600.2,19599.2,19579.8,19578.8,19582.1,19581.1,2975
IG,2025-03-19 17:30:00.000,2025-03-19 17:35:00.000,IX.D.NASDAQ.CASH.IP,M5,19582,19581,19590.2,19589.2,19563.3,19562.3,19587.8,19586.8,3557
IG,2025-03-19 17:35:00.000,2025-03-19 17:40:00.000,IX.D.NASDAQ.CASH.IP,M5,19587.7,19586.7,19615.8,19614.8,19587.1,19586.1,19615.1,19614.1,2871
IG,2025-03-19 17:40:00.000,2025-03-19 17:45:00.000,IX.D.NASDAQ.CASH.IP,M5,19615,19614,19625.8,19624.8,19591.5,19590.5,19595.8,19594.8,3063
IG,2025-03-19 17:45:00.000,2025-03-19 17:50:00.000,IX.D.NASDAQ.CASH.IP,M5,19596.1,19595.1,19601.1,19600.1,19562,19561,19573.6,19572.6,3180
IG,2025-03-19 17:50:00.000,2025-03-19 17:55:00.000,IX.D.NASDAQ.CASH.IP,M5,19573.5,19572.5,19601.1,19600.1,19571,19570,19593.1,19592.1,2744
IG,2025-03-19 17:55:00.000,2025-03-19 18:00:00.000,IX.D.NASDAQ.CASH.IP,M5,19592.8,19591.8,19598,19597,19568.6,19567.6,19572.2,19571.2,2107
IG,2025-03-19 18:00:00.000,2025-03-19 18:05:00.000,IX.D.NASDAQ.CASH.IP,M5,19570.1,19569.1,19672.3,19671.3,19553.1,19552.1,19642.2,19641.2,12418
IG,2025-03-19 18:05:00.000,2025-03-19 18:10:00.000,IX.D.NASDAQ.CASH.IP,M5,19641.3,19640.3,19652.1,19651.1,19592.8,19591.8,19644.4,19643.4,6554
IG,2025-03-19 18:10:00.000,2025-03-19 18:15:00.000,IX.D.NASDAQ.CASH.IP,M5,19644.9,19643.9,19693.3,19692.3,19644.9,19643.9,19685.6,19684.6,5397
IG,2025-03-19 18:15:00.000,2025-03-19 18:20:00.000,IX.D.NASDAQ.CASH.IP,M5,19686.2,19685.2,19711.1,19710.1,19683.2,19682.2,19685.1,19684.1,5273
IG,2025-03-19 18:20:00.000,2025-03-19 18:25:00.000,IX.D.NASDAQ.CASH.IP,M5,19685.2,19684.2,19694.1,19693.1,19662.4,19661.4,19678.1,19677.1,5678
IG,2025-03-19 18:25:00.000,2025-03-19 18:30:00.000,IX.D.NASDAQ.CASH.IP,M5,19678.6,19677.6,19689.9,19688.9,19644.8,19643.8,19659.8,19658.8,4683
IG,2025-03-19 18:30:00.000,2025-03-19 18:35:00.000,IX.D.NASDAQ.CASH.IP,M5,19659.6,19658.6,19742.1,19741.1,19658.4,19657.4,19717.8,19716.8,7856
IG,2025-03-19 18:35:00.000,2025-03-19 18:40:00.000,IX.D.NASDAQ.CASH.IP,M5,19717.7,19716.7,19730.7,19729.7,19683.2,19682.2,19694.7,19693.7,6458
IG,2025-03-19 18:40:00.000,2025-03-19 18:45:00.000,IX.D.NASDAQ.CASH.IP,M5,19694.9,19693.9,19761.1,19760.1,19677.6,19676.6,19752.1,19751.1,8311
IG,2025-03-19 18:45:00.000,2025-03-19 18:50:00.000,IX.D.NASDAQ.CASH.IP,M5,19751.7,19750.7,19764.2,19763.2,19725.8,19724.8,19733.4,19732.4,6219
IG,2025-03-19 18:50:00.000,2025-03-19 18:55:00.000,IX.D.NASDAQ.CASH.IP,M5,19733.3,19732.3,19786.4,19785.4,19727.8,19726.8,19772.6,19771.6,7913
IG,2025-03-19 18:55:00.000,2025-03-19 19:00:00.000,IX.D.NASDAQ.CASH.IP,M5,19772.8,19771.8,19813.1,19812.1,19757.6,19756.6,19809.7,19808.7,6960
IG,2025-03-19 19:00:00.000,2025-03-19 19:05:00.000,IX.D.NASDAQ.CASH.IP,M5,19809.9,19808.9,19848.3,19847.3,19809.9,19808.9,19841.9,19840.9,8052
IG,2025-03-19 19:05:00.000,2025-03-19 19:10:00.000,IX.D.NASDAQ.CASH.IP,M5,19842.1,19841.1,19911.7,19910.7,19836.1,19835.1,19908.3,19907.3,11742
IG,2025-03-19 19:10:00.000,2025-03-19 19:15:00.000,IX.D.NASDAQ.CASH.IP,M5,19908.6,19907.6,19925.8,19924.8,19849.3,19848.3,19880.7,19879.7,11885
IG,2025-03-19 19:15:00.000,2025-03-19 19:20:00.000,IX.D.NASDAQ.CASH.IP,M5,19879.2,19878.2,19895.2,19894.2,19839.1,19838.1,19845.1,19844.1,8517
IG,2025-03-19 19:20:00.000,2025-03-19 19:25:00.000,IX.D.NASDAQ.CASH.IP,M5,19844.8,19843.8,19851.8,19850.8,19781.4,19780.4,19809.9,19808.9,9439
IG,2025-03-19 19:25:00.000,2025-03-19 19:30:00.000,IX.D.NASDAQ.CASH.IP,M5,19810.3,19809.3,19814.1,19813.1,19720.4,19719.4,19733.6,19732.6,11774
IG,2025-03-19 19:30:00.000,2025-03-19 19:35:00.000,IX.D.NASDAQ.CASH.IP,M5,19732.6,19731.6,19791.6,19790.6,19725.6,19724.6,19765.9,19764.9,9797
IG,2025-03-19 19:35:00.000,2025-03-19 19:40:00.000,IX.D.NASDAQ.CASH.IP,M5,19765.2,19764.2,19805.1,19804.1,19738.4,19737.4,19794.2,19793.2,9059
IG,2025-03-19 19:40:00.000,2025-03-19 19:45:00.000,IX.D.NASDAQ.CASH.IP,M5,19793.9,19792.9,19841.8,19840.8,19793.6,19792.6,19835.6,19834.6,7960
IG,2025-03-19 19:45:00.000,2025-03-19 19:50:00.000,IX.D.NASDAQ.CASH.IP,M5,19835.4,19834.4,19837.6,19836.6,19766.4,19765.4,19766.8,19765.8,6747
IG,2025-03-19 19:50:00.000,2025-03-19 19:55:00.000,IX.D.NASDAQ.CASH.IP,M5,19767.6,19766.6,19783.8,19782.8,19738.4,19737.4,19740.6,19739.6,11207
IG,2025-03-19 19:55:00.000,2025-03-19 20:00:00.000,IX.D.NASDAQ.CASH.IP,M5,19738.6,19737.6,19743.4,19742.4,19718.8,19717.8,19738.8,19736.8,18818
IG,2025-03-19 20:00:00.000,2025-03-19 20:05:00.000,IX.D.NASDAQ.CASH.IP,M5,19738.2,19736.2,19756.6,19754.6,19734.6,19732.6,19752.2,19750.2,6019
IG,2025-03-19 20:05:00.000,2025-03-19 20:10:00.000,IX.D.NASDAQ.CASH.IP,M5,19752,19750,19762.8,19760.8,19746.5,19744.5,19758.7,19756.7,2651
IG,2025-03-19 20:10:00.000,2025-03-19 20:15:00.000,IX.D.NASDAQ.CASH.IP,M5,19758.6,19756.6,19760.5,19758.5,19747,19745,19751.5,19749.5,2305
IG,2025-03-19 20:15:00.000,2025-03-19 20:20:00.000,IX.D.NASDAQ.CASH.IP,M5,19751.6,19749.6,19755.3,19753.3,19743.8,19741.8,19747,19745,817
IG,2025-03-19 20:20:00.000,2025-03-19 20:25:00.000,IX.D.NASDAQ.CASH.IP,M5,19747.1,19745.1,19748.5,19746.5,19738.5,19736.5,19738.5,19736.5,394
IG,2025-03-19 20:25:00.000,2025-03-19 20:30:00.000,IX.D.NASDAQ.CASH.IP,M5,19739.2,19737.2,19742,19740,19734,19732,19736.3,19734.3,561
IG,2025-03-19 20:30:00.000,2025-03-19 20:35:00.000,IX.D.NASDAQ.CASH.IP,M5,19736.5,19734.5,19736.5,19734.5,19726.5,19724.5,19732.1,19730.1,585
IG,2025-03-19 20:35:00.000,2025-03-19 20:40:00.000,IX.D.NASDAQ.CASH.IP,M5,19733.5,19731.5,19737.2,19735.2,19731.3,19729.3,19735.7,19733.7,287
IG,2025-03-19 20:40:00.000,2025-03-19 20:45:00.000,IX.D.NASDAQ.CASH.IP,M5,19735.8,19733.8,19738.6,19736.6,19725.2,19723.2,19725.2,19723.2,383
IG,2025-03-19 20:45:00.000,2025-03-19 20:50:00.000,IX.D.NASDAQ.CASH.IP,M5,19725.1,19723.1,19731.3,19729.3,19722.8,19720.8,19730.1,19728.1,427
IG,2025-03-19 20:50:00.000,2025-03-19 20:55:00.000,IX.D.NASDAQ.CASH.IP,M5,19729.2,19727.2,19730.6,19728.6,19722.2,19720.2,19725.2,19723.2,340
IG,2025-03-19 20:55:00.000,2025-03-19 21:00:00.000,IX.D.NASDAQ.CASH.IP,M5,19725.1,19723.1,19730.3,19728.3,19724,19722,19728.7,19723.7,377
IG,2025-03-19 21:00:04.000,2025-03-19 21:04:40.000,IX.D.NASDAQ.CASH.IP,M5,19728.3,19723.3,19735.7,19730.7,19727.9,19722.9,19735.6,19730.6,0
IG,2025-03-19 21:05:21.000,2025-03-19 21:09:59.000,IX.D.NASDAQ.CASH.IP,M5,19735.2,19730.2,19739.2,19734.2,19735.2,19730.2,19737,19732,0
IG,2025-03-19 21:10:00.000,2025-03-19 21:14:48.000,IX.D.NASDAQ.CASH.IP,M5,19737.1,19732.1,19740.1,19735.1,19734.7,19729.7,19740.1,19735.1,0
IG,2025-03-19 21:15:03.000,2025-03-19 21:19:51.000,IX.D.NASDAQ.CASH.IP,M5,19739.8,19734.8,19741.7,19736.7,19737.5,19732.5,19740.1,19735.1,0
IG,2025-03-19 21:20:19.000,2025-03-19 21:24:29.000,IX.D.NASDAQ.CASH.IP,M5,19740.3,19735.3,19741.5,19736.5,19738,19733,19739.9,19734.9,0
IG,2025-03-19 21:25:07.000,2025-03-19 21:29:41.000,IX.D.NASDAQ.CASH.IP,M5,19740,19735,19740.3,19735.3,19738.4,19733.4,19740.3,19735.3,0
IG,2025-03-19 21:30:33.000,2025-03-19 21:34:55.000,IX.D.NASDAQ.CASH.IP,M5,19740.1,19735.1,19740.5,19735.5,19738.5,19733.5,19740.1,19735.1,0
IG,2025-03-19 21:35:01.000,2025-03-19 21:38:34.000,IX.D.NASDAQ.CASH.IP,M5,19739.8,19734.8,19742.1,19737.1,19739.3,19734.3,19740.9,19735.9,0
IG,2025-03-19 21:40:30.000,2025-03-19 21:44:29.000,IX.D.NASDAQ.CASH.IP,M5,19741.3,19736.3,19741.3,19736.3,19739.5,19734.5,19739.9,19734.9,0
IG,2025-03-19 21:45:00.000,2025-03-19 21:50:00.000,IX.D.NASDAQ.CASH.IP,M5,19740.3,19735.3,19741.2,19736.2,19739.2,19734.2,19741.2,19736.2,0
IG,2025-03-19 21:50:01.000,2025-03-19 21:54:33.000,IX.D.NASDAQ.CASH.IP,M5,19740.5,19735.5,19741.3,19736.3,19740.1,19735.1,19741.2,19736.2,0
IG,2025-03-19 21:58:58.000,2025-03-19 22:04:59.000,IX.D.NASDAQ.CASH.IP,M5,19741.7,19736.7,19746.6,19744.6,19732.1,19730.1,19743.5,19741.5,519
IG,2025-03-19 22:05:01.000,2025-03-19 22:10:00.000,IX.D.NASDAQ.CASH.IP,M5,19743.3,19741.3,19756.9,19754.9,19736.5,19734.5,19756.1,19754.1,524
IG,2025-03-19 22:10:00.000,2025-03-19 22:15:00.000,IX.D.NASDAQ.CASH.IP,M5,19755.9,19753.9,19778.2,19776.2,19755.1,19753.1,19778.2,19776.2,592
IG,2025-03-19 22:15:00.000,2025-03-19 22:20:00.000,IX.D.NASDAQ.CASH.IP,M5,19778.3,19776.3,19778.4,19776.4,19766.9,19764.9,19770.3,19768.3,357
IG,2025-03-19 22:20:02.000,2025-03-19 22:24:56.000,IX.D.NASDAQ.CASH.IP,M5,19770.4,19768.4,19773.6,19771.6,19769.3,19767.3,19772.1,19770.1,132
IG,2025-03-19 22:25:00.000,2025-03-19 22:30:00.000,IX.D.NASDAQ.CASH.IP,M5,19773.4,19771.4,19782.8,19780.8,19772.9,19770.9,19777.3,19775.3,391
IG,2025-03-19 22:30:01.000,2025-03-19 22:35:00.000,IX.D.NASDAQ.CASH.IP,M5,19775.2,19773.2,19782.4,19780.4,19772.4,19770.4,19778.9,19776.9,306
IG,2025-03-19 22:35:00.000,2025-03-19 22:40:00.000,IX.D.NASDAQ.CASH.IP,M5,19779.1,19777.1,19789.9,19787.9,19777.2,19775.2,19788.7,19786.7,409
IG,2025-03-19 22:40:00.000,2025-03-19 22:45:00.000,IX.D.NASDAQ.CASH.IP,M5,19788.8,19786.8,19792.7,19790.7,19788.2,19786.2,19788.7,19786.7,258
IG,2025-03-19 22:45:02.000,2025-03-19 22:50:00.000,IX.D.NASDAQ.CASH.IP,M5,19788.8,19786.8,19810.4,19808.4,19787.7,19785.7,19808.2,19806.2,527
IG,2025-03-19 22:50:00.000,2025-03-19 22:55:00.000,IX.D.NASDAQ.CASH.IP,M5,19808.1,19806.1,19810.3,19808.3,19800.8,19798.8,19803.1,19801.1,292
IG,2025-03-19 22:55:00.000,2025-03-19 23:00:00.000,IX.D.NASDAQ.CASH.IP,M5,19803.2,19801.2,19803.2,19801.2,19791.8,19789.8,19796.9,19794.9,387
IG,2025-03-19 23:00:00.000,2025-03-19 23:04:59.000,IX.D.NASDAQ.CASH.IP,M5,19797.4,19795.4,19800.7,19798.7,19787.6,19785.6,19791.6,19789.6,550
IG,2025-03-19 23:05:00.000,2025-03-19 23:10:00.000,IX.D.NASDAQ.CASH.IP,M5,19791.3,19789.3,19798.6,19796.6,19789.2,19787.2,19796.6,19794.6,773
IG,2025-03-19 23:10:01.000,2025-03-19 23:15:00.000,IX.D.NASDAQ.CASH.IP,M5,19796.7,19794.7,19797.1,19795.1,19791.6,19789.6,19792.8,19790.8,205
IG,2025-03-19 23:15:00.000,2025-03-19 23:19:52.000,IX.D.NASDAQ.CASH.IP,M5,19792.9,19790.9,19796.7,19794.7,19791.2,19789.2,19793.9,19791.9,531
IG,2025-03-19 23:20:19.000,2025-03-19 23:25:00.000,IX.D.NASDAQ.CASH.IP,M5,19794.1,19792.1,19797.6,19795.6,19791.3,19789.3,19797.2,19795.2,241
IG,2025-03-19 23:25:00.000,2025-03-19 23:30:00.000,IX.D.NASDAQ.CASH.IP,M5,19797.1,19795.1,19802.2,19800.2,19796.9,19794.9,19800.3,19798.3,289
IG,2025-03-19 23:30:01.000,2025-03-19 23:35:00.000,IX.D.NASDAQ.CASH.IP,M5,19800.4,19798.4,19800.9,19798.9,19793.2,19791.2,19800.4,19798.4,247
IG,2025-03-19 23:35:03.000,2025-03-19 23:39:59.000,IX.D.NASDAQ.CASH.IP,M5,19800.6,19798.6,19807.7,19805.7,19795.8,19793.8,19802.9,19800.9,384
IG,2025-03-19 23:39:59.000,2025-03-19 23:45:00.000,IX.D.NASDAQ.CASH.IP,M5,19803.1,19801.1,19810.7,19808.7,19801.3,19799.3,19805.4,19803.4,385
IG,2025-03-19 23:45:00.000,2025-03-19 23:50:00.000,IX.D.NASDAQ.CASH.IP,M5,19805.3,19803.3,19812.7,19810.7,19804.7,19802.7,19809.7,19807.7,351
IG,2025-03-19 23:50:00.000,2025-03-19 23:54:55.000,IX.D.NASDAQ.CASH.IP,M5,19809.8,19807.8,19812.9,19810.9,19807.4,19805.4,19810.7,19808.7,228
IG,2025-03-19 23:55:00.000,2025-03-20 00:00:00.000,IX.D.NASDAQ.CASH.IP,M5,19810.6,19808.6,19818.3,19816.3,19807.9,19805.9,19815.8,19813.8,330
IG,2025-03-20 00:00:00.000,2025-03-20 00:05:00.000,IX.D.NASDAQ.CASH.IP,M5,19815.7,19813.7,19821.8,19819.8,19802.8,19800.8,19808.6,19806.6,587
IG,2025-03-20 00:05:00.000,2025-03-20 00:10:00.000,IX.D.NASDAQ.CASH.IP,M5,19808.7,19806.7,19813.3,19811.3,19806.3,19804.3,19809.3,19807.3,184
IG,2025-03-20 00:10:00.000,2025-03-20 00:15:00.000,IX.D.NASDAQ.CASH.IP,M5,19809.2,19807.2,19809.6,19807.6,19801.4,19799.4,19801.6,19799.6,213
IG,2025-03-20 00:15:00.000,2025-03-20 00:20:00.000,IX.D.NASDAQ.CASH.IP,M5,19801.7,19799.7,19808.3,19806.3,19795.9,19793.9,19806.2,19804.2,268
IG,2025-03-20 00:20:00.000,2025-03-20 00:25:00.000,IX.D.NASDAQ.CASH.IP,M5,19806.3,19804.3,19819.9,19817.9,19806.3,19804.3,19819.7,19817.7,378
IG,2025-03-20 00:25:00.000,2025-03-20 00:30:00.000,IX.D.NASDAQ.CASH.IP,M5,19819.6,19817.6,19831.6,19829.6,19819.2,19817.2,19828.6,19826.6,668
IG,2025-03-20 00:30:00.000,2025-03-20 00:35:00.000,IX.D.NASDAQ.CASH.IP,M5,19828.8,19826.8,19837.9,19835.9,19824.2,19822.2,19837.9,19835.9,493
IG,2025-03-20 00:35:00.000,2025-03-20 00:39:59.000,IX.D.NASDAQ.CASH.IP,M5,19837.8,19835.8,19839.4,19837.4,19831.3,19829.3,19833.9,19831.9,385
IG,2025-03-20 00:40:00.000,2025-03-20 00:45:00.000,IX.D.NASDAQ.CASH.IP,M5,19833.8,19831.8,19837.7,19835.7,19831.1,19829.1,19837.2,19835.2,289
IG,2025-03-20 00:45:00.000,2025-03-20 00:50:00.000,IX.D.NASDAQ.CASH.IP,M5,19837.3,19835.3,19841.1,19839.1,19830.9,19828.9,19831.1,19829.1,244
IG,2025-03-20 00:50:00.000,2025-03-20 00:55:00.000,IX.D.NASDAQ.CASH.IP,M5,19831.2,19829.2,19833.7,19831.7,19828.6,19826.6,19831.9,19829.9,245
IG,2025-03-20 00:55:00.000,2025-03-20 01:00:00.000,IX.D.NASDAQ.CASH.IP,M5,19831.8,19829.8,19833.8,19831.8,19828.2,19826.2,19831.4,19829.4,154
IG,2025-03-20 01:00:00.000,2025-03-20 01:05:00.000,IX.D.NASDAQ.CASH.IP,M5,19832.2,19830.2,19833.1,19831.1,19828.1,19826.1,19828.9,19826.9,216
IG,2025-03-20 01:05:00.000,2025-03-20 01:10:00.000,IX.D.NASDAQ.CASH.IP,M5,19828.8,19826.8,19830.8,19828.8,19826.2,19824.2,19826.2,19824.2,320
IG,2025-03-20 01:10:00.000,2025-03-20 01:15:00.000,IX.D.NASDAQ.CASH.IP,M5,19826.1,19824.1,19841.2,19839.2,19825.7,19823.7,19838.6,19836.6,325
IG,2025-03-20 01:15:00.000,2025-03-20 01:20:00.000,IX.D.NASDAQ.CASH.IP,M5,19838.4,19836.4,19840.2,19838.2,19835.8,19833.8,19840.2,19838.2,195
IG,2025-03-20 01:20:00.000,2025-03-20 01:25:00.000,IX.D.NASDAQ.CASH.IP,M5,19840.4,19838.4,19841.7,19839.7,19830.9,19828.9,19837.6,19835.6,341
IG,2025-03-20 01:25:00.000,2025-03-20 01:30:00.000,IX.D.NASDAQ.CASH.IP,M5,19837.4,19835.4,19837.6,19835.6,19832.1,19830.1,19832.2,19830.2,73
IG,2025-03-20 01:30:00.000,2025-03-20 01:35:00.000,IX.D.NASDAQ.CASH.IP,M5,19832.3,19830.3,19832.4,19830.4,19824.9,19822.9,19827.8,19825.8,245
IG,2025-03-20 01:35:00.000,2025-03-20 01:40:00.000,IX.D.NASDAQ.CASH.IP,M5,19827.6,19825.6,19828.9,19826.9,19825.1,19823.1,19826.2,19824.2,194
IG,2025-03-20 01:40:00.000,2025-03-20 01:45:00.000,IX.D.NASDAQ.CASH.IP,M5,19826.1,19824.1,19827.7,19825.7,19816.6,19814.6,19816.7,19814.7,385
IG,2025-03-20 01:45:00.000,2025-03-20 01:50:00.000,IX.D.NASDAQ.CASH.IP,M5,19816.6,19814.6,19821.4,19819.4,19814.7,19812.7,19819.4,19817.4,398
IG,2025-03-20 01:50:00.000,2025-03-20 01:54:59.000,IX.D.NASDAQ.CASH.IP,M5,19819.3,19817.3,19819.7,19817.7,19811.1,19809.1,19814.9,19812.9,213
IG,2025-03-20 01:55:00.000,2025-03-20 02:00:00.000,IX.D.NASDAQ.CASH.IP,M5,19815.1,19813.1,19820.2,19818.2,19809.6,19807.6,19812.3,19810.3,281
IG,2025-03-20 02:00:00.000,2025-03-20 02:05:00.000,IX.D.NASDAQ.CASH.IP,M5,19811.8,19809.8,19825.7,19823.7,19811.8,19809.8,19822.9,19820.9,468
IG,2025-03-20 02:05:00.000,2025-03-20 02:09:59.000,IX.D.NASDAQ.CASH.IP,M5,19822.8,19820.8,19826.6,19824.6,19819.1,19817.1,19823.7,19821.7,228
IG,2025-03-20 02:10:00.000,2025-03-20 02:15:00.000,IX.D.NASDAQ.CASH.IP,M5,19823.6,19821.6,19839.8,19837.8,19815.1,19813.1,19837.2,19835.2,851
IG,2025-03-20 02:15:00.000,2025-03-20 02:20:00.000,IX.D.NASDAQ.CASH.IP,M5,19837.3,19835.3,19838.7,19836.7,19832.9,19830.9,19834.8,19832.8,174
IG,2025-03-20 02:20:00.000,2025-03-20 02:24:58.000,IX.D.NASDAQ.CASH.IP,M5,19834.7,19832.7,19838.6,19836.6,19832.6,19830.6,19835.9,19833.9,211
IG,2025-03-20 02:25:00.000,2025-03-20 02:30:00.000,IX.D.NASDAQ.CASH.IP,M5,19835.8,19833.8,19858.3,19856.3,19834.9,19832.9,19850.9,19848.9,978
IG,2025-03-20 02:30:00.000,2025-03-20 02:34:59.000,IX.D.NASDAQ.CASH.IP,M5,19851.4,19849.4,19858.2,19856.2,19849.4,19847.4,19852.3,19850.3,350
IG,2025-03-20 02:35:01.000,2025-03-20 02:40:00.000,IX.D.NASDAQ.CASH.IP,M5,19852.2,19850.2,19852.6,19850.6,19843.3,19841.3,19847.7,19845.7,260
IG,2025-03-20 02:40:00.000,2025-03-20 02:45:00.000,IX.D.NASDAQ.CASH.IP,M5,19847.6,19845.6,19853.3,19851.3,19847.6,19845.6,19851.2,19849.2,198
IG,2025-03-20 02:45:02.000,2025-03-20 02:50:00.000,IX.D.NASDAQ.CASH.IP,M5,19851.1,19849.1,19853.2,19851.2,19841.6,19839.6,19842.3,19840.3,257
IG,2025-03-20 02:50:01.000,2025-03-20 02:55:00.000,IX.D.NASDAQ.CASH.IP,M5,19842.2,19840.2,19856.8,19854.8,19842.2,19840.2,19855.1,19853.1,253
IG,2025-03-20 02:55:01.000,2025-03-20 03:00:00.000,IX.D.NASDAQ.CASH.IP,M5,19855.2,19853.2,19855.3,19853.3,19851.4,19849.4,19853.7,19851.7,148
IG,2025-03-20 03:00:00.000,2025-03-20 03:04:59.000,IX.D.NASDAQ.CASH.IP,M5,19853.6,19851.6,19864.2,19862.2,19853.6,19851.6,19860.7,19858.7,362
IG,2025-03-20 03:05:00.000,2025-03-20 03:10:00.000,IX.D.NASDAQ.CASH.IP,M5,19860.6,19858.6,19867.4,19865.4,19858.2,19856.2,19865.9,19863.9,253
IG,2025-03-20 03:10:00.000,2025-03-20 03:15:00.000,IX.D.NASDAQ.CASH.IP,M5,19866.4,19864.4,19874.9,19872.9,19866.1,19864.1,19872.4,19870.4,477
IG,2025-03-20 03:15:00.000,2025-03-20 03:20:00.000,IX.D.NASDAQ.CASH.IP,M5,19872.3,19870.3,19876.3,19874.3,19868.6,19866.6,19873.1,19871.1,323
IG,2025-03-20 03:20:00.000,2025-03-20 03:25:00.000,IX.D.NASDAQ.CASH.IP,M5,19872.9,19870.9,19873.1,19871.1,19865.9,19863.9,19866.7,19864.7,345
IG,2025-03-20 03:25:00.000,2025-03-20 03:30:00.000,IX.D.NASDAQ.CASH.IP,M5,19866.6,19864.6,19869.1,19867.1,19864.7,19862.7,19864.7,19862.7,187
IG,2025-03-20 03:30:01.000,2025-03-20 03:35:00.000,IX.D.NASDAQ.CASH.IP,M5,19864.9,19862.9,19868.2,19866.2,19861.9,19859.9,19867.7,19865.7,299
IG,2025-03-20 03:35:02.000,2025-03-20 03:40:00.000,IX.D.NASDAQ.CASH.IP,M5,19867.6,19865.6,19869.1,19867.1,19865.2,19863.2,19866.7,19864.7,165
IG,2025-03-20 03:40:00.000,2025-03-20 03:45:00.000,IX.D.NASDAQ.CASH.IP,M5,19866.8,19864.8,19872.7,19870.7,19866.6,19864.6,19870.3,19868.3,213
IG,2025-03-20 03:45:01.000,2025-03-20 03:50:00.000,IX.D.NASDAQ.CASH.IP,M5,19870.7,19868.7,19870.7,19868.7,19863.6,19861.6,19864.6,19862.6,212
IG,2025-03-20 03:50:00.000,2025-03-20 03:55:00.000,IX.D.NASDAQ.CASH.IP,M5,19864.4,19862.4,19865.8,19863.8,19862.8,19860.8,19864.3,19862.3,146
IG,2025-03-20 03:55:02.000,2025-03-20 04:00:00.000,IX.D.NASDAQ.CASH.IP,M5,19864.2,19862.2,19868.3,19866.3,19862.3,19860.3,19868.2,19866.2,223
IG,2025-03-20 04:00:00.000,2025-03-20 04:05:00.000,IX.D.NASDAQ.CASH.IP,M5,19868.3,19866.3,19869.6,19867.6,19862.7,19860.7,19863.3,19861.3,253
IG,2025-03-20 04:05:00.000,2025-03-20 04:10:00.000,IX.D.NASDAQ.CASH.IP,M5,19863.4,19861.4,19866.1,19864.1,19862.9,19860.9,19864.2,19862.2,93
IG,2025-03-20 04:10:00.000,2025-03-20 04:15:00.000,IX.D.NASDAQ.CASH.IP,M5,19864.1,19862.1,19865.7,19863.7,19862.4,19860.4,19864.4,19862.4,82
IG,2025-03-20 04:15:00.000,2025-03-20 04:20:00.000,IX.D.NASDAQ.CASH.IP,M5,19864.3,19862.3,19866.8,19864.8,19863.2,19861.2,19866.6,19864.6,86
IG,2025-03-20 04:20:00.000,2025-03-20 04:25:00.000,IX.D.NASDAQ.CASH.IP,M5,19866.4,19864.4,19871.7,19869.7,19865.3,19863.3,19871.2,19869.2,205
IG,2025-03-20 04:25:02.000,2025-03-20 04:30:00.000,IX.D.NASDAQ.CASH.IP,M5,19871.1,19869.1,19875.7,19873.7,19870.8,19868.8,19871.3,19869.3,183
IG,2025-03-20 04:30:01.000,2025-03-20 04:35:00.000,IX.D.NASDAQ.CASH.IP,M5,19871.4,19869.4,19874.9,19872.9,19870.1,19868.1,19871.2,19869.2,178
IG,2025-03-20 04:35:00.000,2025-03-20 04:39:59.000,IX.D.NASDAQ.CASH.IP,M5,19871.1,19869.1,19871.7,19869.7,19857.2,19855.2,19860.2,19858.2,383
IG,2025-03-20 04:40:00.000,2025-03-20 04:45:00.000,IX.D.NASDAQ.CASH.IP,M5,19860.1,19858.1,19860.8,19858.8,19853.1,19851.1,19854.8,19852.8,240
IG,2025-03-20 04:45:00.000,2025-03-20 04:50:00.000,IX.D.NASDAQ.CASH.IP,M5,19854.7,19852.7,19860.9,19858.9,19854.6,19852.6,19860.8,19858.8,132
IG,2025-03-20 04:50:01.000,2025-03-20 04:55:00.000,IX.D.NASDAQ.CASH.IP,M5,19860.9,19858.9,19865.6,19863.6,19860.9,19858.9,19863.3,19861.3,120
IG,2025-03-20 04:55:01.000,2025-03-20 04:59:57.000,IX.D.NASDAQ.CASH.IP,M5,19863.2,19861.2,19865.4,19863.4,19861.4,19859.4,19864.2,19862.2,98
IG,2025-03-20 05:00:00.000,2025-03-20 05:05:00.000,IX.D.NASDAQ.CASH.IP,M5,19864.1,19862.1,19865.6,19863.6,19859.8,19857.8,19863.7,19861.7,203
IG,2025-03-20 05:05:00.000,2025-03-20 05:10:00.000,IX.D.NASDAQ.CASH.IP,M5,19863.8,19861.8,19864.4,19862.4,19855.6,19853.6,19858.2,19856.2,212
IG,2025-03-20 05:10:00.000,2025-03-20 05:15:00.000,IX.D.NASDAQ.CASH.IP,M5,19858.3,19856.3,19861.4,19859.4,19857.4,19855.4,19860.3,19858.3,91
IG,2025-03-20 05:15:00.000,2025-03-20 05:19:46.000,IX.D.NASDAQ.CASH.IP,M5,19860.4,19858.4,19861.6,19859.6,19856.3,19854.3,19857.9,19855.9,104
IG,2025-03-20 05:20:08.000,2025-03-20 05:25:00.000,IX.D.NASDAQ.CASH.IP,M5,19858.1,19856.1,19858.7,19856.7,19851.7,19849.7,19857.3,19855.3,218
IG,2025-03-20 05:25:00.000,2025-03-20 05:30:00.000,IX.D.NASDAQ.CASH.IP,M5,19857.4,19855.4,19862.1,19860.1,19855.3,19853.3,19858.8,19856.8,186
IG,2025-03-20 05:30:00.000,2025-03-20 05:34:57.000,IX.D.NASDAQ.CASH.IP,M5,19858.7,19856.7,19861.3,19859.3,19857.9,19855.9,19860.9,19858.9,93
IG,2025-03-20 05:35:00.000,2025-03-20 05:40:00.000,IX.D.NASDAQ.CASH.IP,M5,19860.8,19858.8,19861.7,19859.7,19857.1,19855.1,19859.8,19857.8,130
IG,2025-03-20 05:40:00.000,2025-03-20 05:45:00.000,IX.D.NASDAQ.CASH.IP,M5,19859.7,19857.7,19860.7,19858.7,19855.9,19853.9,19858.1,19856.1,125
IG,2025-03-20 05:45:00.000,2025-03-20 05:50:00.000,IX.D.NASDAQ.CASH.IP,M5,19858.2,19856.2,19864.2,19862.2,19856.9,19854.9,19864.1,19862.1,172
IG,2025-03-20 05:50:00.000,2025-03-20 05:55:00.000,IX.D.NASDAQ.CASH.IP,M5,19863.9,19861.9,19869.2,19867.2,19863.7,19861.7,19867.1,19865.1,164
IG,2025-03-20 05:55:00.000,2025-03-20 06:00:00.000,IX.D.NASDAQ.CASH.IP,M5,19867.2,19865.2,19874.1,19872.1,19864.7,19862.7,19872.1,19870.1,194
IG,2025-03-20 06:00:00.000,2025-03-20 06:04:59.000,IX.D.NASDAQ.CASH.IP,M5,19871.9,19869.9,19873.1,19871.1,19863.1,19861.1,19869.8,19867.8,349
IG,2025-03-20 06:04:59.000,2025-03-20 06:10:00.000,IX.D.NASDAQ.CASH.IP,M5,19869.9,19867.9,19870.3,19868.3,19861.4,19859.4,19862.4,19860.4,178
IG,2025-03-20 06:10:00.000,2025-03-20 06:15:00.000,IX.D.NASDAQ.CASH.IP,M5,19862.3,19860.3,19866.3,19864.3,19853.9,19851.9,19855.8,19853.8,275
IG,2025-03-20 06:15:00.000,2025-03-20 06:19:57.000,IX.D.NASDAQ.CASH.IP,M5,19855.9,19853.9,19859.2,19857.2,19851.2,19849.2,19855.2,19853.2,243
IG,2025-03-20 06:19:59.000,2025-03-20 06:25:00.000,IX.D.NASDAQ.CASH.IP,M5,19855.3,19853.3,19859.1,19857.1,19852.3,19850.3,19853.1,19851.1,187
IG,2025-03-20 06:25:00.000,2025-03-20 06:30:00.000,IX.D.NASDAQ.CASH.IP,M5,19853.2,19851.2,19853.8,19851.8,19841.4,19839.4,19844.9,19842.9,569
IG,2025-03-20 06:30:01.000,2025-03-20 06:34:57.000,IX.D.NASDAQ.CASH.IP,M5,19844.8,19842.8,19849.4,19847.4,19840.7,19838.7,19844.8,19842.8,278
IG,2025-03-20 06:35:00.000,2025-03-20 06:40:00.000,IX.D.NASDAQ.CASH.IP,M5,19844.9,19842.9,19845.1,19843.1,19833.6,19831.6,19833.6,19831.6,295
IG,2025-03-20 06:40:00.000,2025-03-20 06:45:00.000,IX.D.NASDAQ.CASH.IP,M5,19833.7,19831.7,19850.8,19848.8,19828.9,19826.9,19850.7,19848.7,595
IG,2025-03-20 06:45:00.000,2025-03-20 06:50:00.000,IX.D.NASDAQ.CASH.IP,M5,19850.4,19848.4,19851.9,19849.9,19842.4,19840.4,19843.9,19841.9,379
IG,2025-03-20 06:50:00.000,2025-03-20 06:55:00.000,IX.D.NASDAQ.CASH.IP,M5,19843.6,19841.6,19847.2,19845.2,19839.3,19837.3,19839.8,19837.8,201
IG,2025-03-20 06:55:00.000,2025-03-20 07:00:00.000,IX.D.NASDAQ.CASH.IP,M5,19839.7,19837.7,19839.7,19837.7,19831.4,19829.4,19831.4,19829.4,210
IG,2025-03-20 07:00:00.000,2025-03-20 07:05:00.000,IX.D.NASDAQ.CASH.IP,M5,19831.3,19829.3,19850.1,19848.1,19825.3,19823.3,19846.3,19844.3,891
IG,2025-03-20 07:05:00.000,2025-03-20 07:10:00.000,IX.D.NASDAQ.CASH.IP,M5,19846.2,19844.2,19850.4,19848.4,19839.6,19837.6,19849.9,19847.9,360
IG,2025-03-20 07:10:00.000,2025-03-20 07:15:00.000,IX.D.NASDAQ.CASH.IP,M5,19850.4,19848.4,19859.6,19857.6,19850.2,19848.2,19850.9,19848.9,428
IG,2025-03-20 07:15:01.000,2025-03-20 07:19:59.000,IX.D.NASDAQ.CASH.IP,M5,19850.8,19848.8,19853.7,19851.7,19840.1,19838.1,19840.3,19838.3,365
IG,2025-03-20 07:20:00.000,2025-03-20 07:25:00.000,IX.D.NASDAQ.CASH.IP,M5,19840.2,19838.2,19847.7,19845.7,19830.7,19828.7,19845.1,19843.1,486
IG,2025-03-20 07:25:00.000,2025-03-20 07:30:00.000,IX.D.NASDAQ.CASH.IP,M5,19845.3,19843.3,19850.7,19848.7,19841.1,19839.1,19845.4,19843.4,240
IG,2025-03-20 07:30:00.000,2025-03-20 07:35:00.000,IX.D.NASDAQ.CASH.IP,M5,19845.6,19843.6,19846.3,19844.3,19835.6,19833.6,19837.6,19835.6,250
IG,2025-03-20 07:35:00.000,2025-03-20 07:40:00.000,IX.D.NASDAQ.CASH.IP,M5,19837.4,19835.4,19838.2,19836.2,19831.6,19829.6,19835.9,19833.9,278
IG,2025-03-20 07:40:00.000,2025-03-20 07:45:00.000,IX.D.NASDAQ.CASH.IP,M5,19835.8,19833.8,19836.9,19834.9,19832.1,19830.1,19834.2,19832.2,216
IG,2025-03-20 07:45:00.000,2025-03-20 07:50:00.000,IX.D.NASDAQ.CASH.IP,M5,19834.1,19832.1,19835.1,19833.1,19824.2,19822.2,19829.3,19827.3,497
IG,2025-03-20 07:50:00.000,2025-03-20 07:55:00.000,IX.D.NASDAQ.CASH.IP,M5,19829.2,19827.2,19834.7,19832.7,19821.9,19819.9,19823.8,19821.8,454
IG,2025-03-20 07:55:00.000,2025-03-20 08:00:00.000,IX.D.NASDAQ.CASH.IP,M5,19823.9,19821.9,19829.6,19827.6,19821.1,19819.1,19827.1,19825.1,426
IG,2025-03-20 08:00:00.000,2025-03-20 08:05:00.000,IX.D.NASDAQ.CASH.IP,M5,19826.9,19824.9,19842.8,19840.8,19825.9,19823.9,19838.6,19836.6,965
IG,2025-03-20 08:05:00.000,2025-03-20 08:10:00.000,IX.D.NASDAQ.CASH.IP,M5,19838.7,19836.7,19841.6,19839.6,19829.6,19827.6,19830.8,19828.8,719
IG,2025-03-20 08:10:00.000,2025-03-20 08:15:00.000,IX.D.NASDAQ.CASH.IP,M5,19830.9,19828.9,19848.9,19846.9,19830.6,19828.6,19848.6,19846.6,462
IG,2025-03-20 08:15:00.000,2025-03-20 08:20:00.000,IX.D.NASDAQ.CASH.IP,M5,19848.7,19846.7,19849.1,19847.1,19837.8,19835.8,19842.4,19840.4,405
IG,2025-03-20 08:20:00.000,2025-03-20 08:25:00.000,IX.D.NASDAQ.CASH.IP,M5,19842.6,19840.6,19854.8,19852.8,19840.9,19838.9,19853.6,19851.6,693
IG,2025-03-20 08:25:00.000,2025-03-20 08:29:59.000,IX.D.NASDAQ.CASH.IP,M5,19853.7,19851.7,19857.1,19855.1,19848.4,19846.4,19851.4,19849.4,430
IG,2025-03-20 08:29:59.000,2025-03-20 08:35:00.000,IX.D.NASDAQ.CASH.IP,M5,19851.3,19849.3,19857.2,19855.2,19842.1,19840.1,19850.3,19848.3,878
IG,2025-03-20 08:35:00.000,2025-03-20 08:40:00.000,IX.D.NASDAQ.CASH.IP,M5,19850.2,19848.2,19853.1,19851.1,19847.7,19845.7,19852.6,19850.6,266
IG,2025-03-20 08:40:00.000,2025-03-20 08:45:00.000,IX.D.NASDAQ.CASH.IP,M5,19852.4,19850.4,19853.6,19851.6,19841.2,19839.2,19842.8,19840.8,377
IG,2025-03-20 08:45:00.000,2025-03-20 08:50:00.000,IX.D.NASDAQ.CASH.IP,M5,19842.9,19840.9,19854.6,19852.6,19834.1,19832.1,19849.7,19847.7,797
IG,2025-03-20 08:50:00.000,2025-03-20 08:55:00.000,IX.D.NASDAQ.CASH.IP,M5,19849.8,19847.8,19850.3,19848.3,19839.9,19837.9,19845.3,19843.3,443
IG,2025-03-20 08:55:00.000,2025-03-20 09:00:00.000,IX.D.NASDAQ.CASH.IP,M5,19845.4,19843.4,19845.7,19843.7,19834.7,19832.7,19839.7,19837.7,607
IG,2025-03-20 09:00:00.000,2025-03-20 09:05:00.000,IX.D.NASDAQ.CASH.IP,M5,19839.4,19837.4,19843.7,19841.7,19819.7,19817.7,19821.3,19819.3,977
IG,2025-03-20 09:05:00.000,2025-03-20 09:10:00.000,IX.D.NASDAQ.CASH.IP,M5,19821.4,19819.4,19835.4,19833.4,19816.8,19814.8,19825.9,19823.9,866
IG,2025-03-20 09:10:00.000,2025-03-20 09:15:00.000,IX.D.NASDAQ.CASH.IP,M5,19826.1,19824.1,19832.7,19830.7,19813.8,19811.8,19815.4,19813.4,744
IG,2025-03-20 09:15:00.000,2025-03-20 09:20:00.000,IX.D.NASDAQ.CASH.IP,M5,19815.6,19813.6,19820.3,19818.3,19811.7,19809.7,19817.8,19815.8,983
IG,2025-03-20 09:20:00.000,2025-03-20 09:25:00.000,IX.D.NASDAQ.CASH.IP,M5,19817.7,19815.7,19822.7,19820.7,19813.9,19811.9,19820.1,19818.1,664
IG,2025-03-20 09:25:00.000,2025-03-20 09:29:59.000,IX.D.NASDAQ.CASH.IP,M5,19820.2,19818.2,19821.8,19819.8,19784.8,19782.8,19784.9,19782.9,1682
IG,2025-03-20 09:29:59.000,2025-03-20 09:35:00.000,IX.D.NASDAQ.CASH.IP,M5,19784.8,19782.8,19789.1,19787.1,19761.9,19759.9,19765.8,19763.8,2020
IG,2025-03-20 09:35:00.000,2025-03-20 09:40:00.000,IX.D.NASDAQ.CASH.IP,M5,19765.9,19763.9,19775.9,19773.9,19752.7,19750.7,19769.1,19767.1,1480
IG,2025-03-20 09:40:00.000,2025-03-20 09:45:00.000,IX.D.NASDAQ.CASH.IP,M5,19769.3,19767.3,19776.3,19774.3,19760.6,19758.6,19760.6,19758.6,807
IG,2025-03-20 09:45:00.000,2025-03-20 09:50:00.000,IX.D.NASDAQ.CASH.IP,M5,19760.4,19758.4,19763.7,19761.7,19742.6,19740.6,19745.8,19743.8,1280
IG,2025-03-20 09:50:00.000,2025-03-20 09:55:00.000,IX.D.NASDAQ.CASH.IP,M5,19745.9,19743.9,19756.9,19754.9,19724.4,19722.4,19726.9,19724.9,1637
IG,2025-03-20 09:55:00.000,2025-03-20 10:00:00.000,IX.D.NASDAQ.CASH.IP,M5,19726.8,19724.8,19745.4,19743.4,19719.8,19717.8,19736.8,19734.8,1560
IG,2025-03-20 10:00:00.000,2025-03-20 10:05:00.000,IX.D.NASDAQ.CASH.IP,M5,19737.4,19735.4,19737.6,19735.6,19694.9,19692.9,19695.6,19693.6,2465
IG,2025-03-20 10:05:00.000,2025-03-20 10:10:00.000,IX.D.NASDAQ.CASH.IP,M5,19695.7,19693.7,19705.9,19703.9,19680.6,19678.6,19680.8,19678.8,1876
IG,2025-03-20 10:10:00.000,2025-03-20 10:15:00.000,IX.D.NASDAQ.CASH.IP,M5,19680.7,19678.7,19680.8,19678.8,19634.8,19632.8,19644.8,19642.8,3804
IG,2025-03-20 10:15:00.000,2025-03-20 10:20:00.000,IX.D.NASDAQ.CASH.IP,M5,19644.6,19642.6,19649.7,19647.7,19548.6,19546.6,19548.9,19546.9,5078
IG,2025-03-20 10:20:00.000,2025-03-20 10:25:00.000,IX.D.NASDAQ.CASH.IP,M5,19547.7,19545.7,19586.9,19584.9,19520.1,19518.1,19577.2,19575.2,5771
IG,2025-03-20 10:25:00.000,2025-03-20 10:30:00.000,IX.D.NASDAQ.CASH.IP,M5,19576.8,19574.8,19591.8,19589.8,19557.7,19555.7,19575.6,19573.6,3209
IG,2025-03-20 10:30:00.000,2025-03-20 10:35:00.000,IX.D.NASDAQ.CASH.IP,M5,19574.7,19572.7,19596.6,19594.6,19545.7,19543.7,19588.6,19586.6,3195
IG,2025-03-20 10:35:00.000,2025-03-20 10:40:00.000,IX.D.NASDAQ.CASH.IP,M5,19588.4,19586.4,19591.2,19589.2,19543.8,19541.8,19546.2,19544.2,2804
IG,2025-03-20 10:40:00.000,2025-03-20 10:45:00.000,IX.D.NASDAQ.CASH.IP,M5,19545.9,19543.9,19568.3,19566.3,19537.9,19535.9,19552.3,19550.3,1446
IG,2025-03-20 10:45:00.000,2025-03-20 10:50:00.000,IX.D.NASDAQ.CASH.IP,M5,19552.2,19550.2,19576.7,19574.7,19545.1,19543.1,19569.9,19567.9,1681
IG,2025-03-20 10:50:00.000,2025-03-20 10:55:00.000,IX.D.NASDAQ.CASH.IP,M5,19570.3,19568.3,19604.8,19602.8,19568.1,19566.1,19593.7,19591.7,2624
IG,2025-03-20 10:55:00.000,2025-03-20 11:00:00.000,IX.D.NASDAQ.CASH.IP,M5,19594.2,19592.2,19608.6,19606.6,19590.8,19588.8,19604.2,19602.2,1491
IG,2025-03-20 11:00:00.000,2025-03-20 11:05:00.000,IX.D.NASDAQ.CASH.IP,M5,19604.1,19602.1,19609.1,19607.1,19587.3,19585.3,19604.9,19602.9,1407
IG,2025-03-20 11:05:00.000,2025-03-20 11:10:00.000,IX.D.NASDAQ.CASH.IP,M5,19605.2,19603.2,19614.9,19612.9,19595.2,19593.2,19595.2,19593.2,1195
IG,2025-03-20 11:10:00.000,2025-03-20 11:15:00.000,IX.D.NASDAQ.CASH.IP,M5,19594.9,19592.9,19618.7,19616.7,19593.7,19591.7,19616.7,19614.7,1071
IG,2025-03-20 11:15:00.000,2025-03-20 11:20:00.000,IX.D.NASDAQ.CASH.IP,M5,19616.6,19614.6,19637.3,19635.3,19612.1,19610.1,19630.6,19628.6,1433
IG,2025-03-20 11:20:00.000,2025-03-20 11:25:00.000,IX.D.NASDAQ.CASH.IP,M5,19630.4,19628.4,19643.8,19641.8,19615.7,19613.7,19616.7,19614.7,1144
IG,2025-03-20 11:25:00.000,2025-03-20 11:30:00.000,IX.D.NASDAQ.CASH.IP,M5,19616.8,19614.8,19623.4,19621.4,19597.6,19595.6,19600.4,19598.4,1376
IG,2025-03-20 11:30:00.000,2025-03-20 11:35:00.000,IX.D.NASDAQ.CASH.IP,M5,19600.7,19598.7,19617.3,19615.3,19579.6,19577.6,19616.6,19614.6,1740
IG,2025-03-20 11:35:00.000,2025-03-20 11:40:00.000,IX.D.NASDAQ.CASH.IP,M5,19616.7,19614.7,19630.2,19628.2,19608.7,19606.7,19619.4,19617.4,1282
IG,2025-03-20 11:40:00.000,2025-03-20 11:45:00.000,IX.D.NASDAQ.CASH.IP,M5,19619.3,19617.3,19634.4,19632.4,19614.4,19612.4,19630.8,19628.8,724
IG,2025-03-20 11:45:00.000,2025-03-20 11:50:00.000,IX.D.NASDAQ.CASH.IP,M5,19631.6,19629.6,19639.8,19637.8,19627.2,19625.2,19633.6,19631.6,977
IG,2025-03-20 11:50:00.000,2025-03-20 11:55:00.000,IX.D.NASDAQ.CASH.IP,M5,19633.7,19631.7,19645.9,19643.9,19630.7,19628.7,19632.4,19630.4,923
IG,2025-03-20 11:55:00.000,2025-03-20 12:00:00.000,IX.D.NASDAQ.CASH.IP,M5,19632.3,19630.3,19642.4,19640.4,19625.4,19623.4,19638.3,19636.3,681
IG,2025-03-20 12:00:00.000,2025-03-20 12:05:00.000,IX.D.NASDAQ.CASH.IP,M5,19639.1,19637.1,19643.3,19641.3,19628.3,19626.3,19635.2,19633.2,974
IG,2025-03-20 12:05:00.000,2025-03-20 12:09:59.000,IX.D.NASDAQ.CASH.IP,M5,19635.1,19633.1,19644.7,19642.7,19631.7,19629.7,19636.8,19634.8,745
IG,2025-03-20 12:09:59.000,2025-03-20 12:15:00.000,IX.D.NASDAQ.CASH.IP,M5,19636.9,19634.9,19639.2,19637.2,19620.7,19618.7,19631.8,19629.8,1246
IG,2025-03-20 12:15:00.000,2025-03-20 12:20:00.000,IX.D.NASDAQ.CASH.IP,M5,19631.6,19629.6,19633.7,19631.7,19622.7,19620.7,19628.2,19626.2,635
IG,2025-03-20 12:20:00.000,2025-03-20 12:25:00.000,IX.D.NASDAQ.CASH.IP,M5,19628.3,19626.3,19631.3,19629.3,19612.1,19610.1,19616.1,19614.1,1039
IG,2025-03-20 12:25:00.000,2025-03-20 12:30:00.000,IX.D.NASDAQ.CASH.IP,M5,19615.9,19613.9,19622.6,19620.6,19607.8,19605.8,19618.9,19616.9,907
IG,2025-03-20 12:30:00.000,2025-03-20 12:35:00.000,IX.D.NASDAQ.CASH.IP,M5,19618.8,19616.8,19645.6,19643.6,19613.4,19611.4,19631.9,19629.9,2097
IG,2025-03-20 12:35:00.000,2025-03-20 12:40:00.000,IX.D.NASDAQ.CASH.IP,M5,19632.1,19630.1,19643.7,19641.7,19622.4,19620.4,19640.9,19638.9,1262
IG,2025-03-20 12:40:00.000,2025-03-20 12:45:00.000,IX.D.NASDAQ.CASH.IP,M5,19640.8,19638.8,19644.3,19642.3,19622.4,19620.4,19633.7,19631.7,1281
IG,2025-03-20 12:45:00.000,2025-03-20 12:50:00.000,IX.D.NASDAQ.CASH.IP,M5,19633.3,19631.3,19640.1,19638.1,19608.7,19606.7,19612.9,19610.9,1512
IG,2025-03-20 12:50:00.000,2025-03-20 12:55:00.000,IX.D.NASDAQ.CASH.IP,M5,19612.8,19610.8,19627.2,19625.2,19610.4,19608.4,19623.8,19621.8,1033
IG,2025-03-20 12:55:00.000,2025-03-20 12:59:59.000,IX.D.NASDAQ.CASH.IP,M5,19623.7,19621.7,19626.2,19624.2,19612.1,19610.1,19612.3,19610.3,886
IG,2025-03-20 12:59:59.000,2025-03-20 13:05:00.000,IX.D.NASDAQ.CASH.IP,M5,19611.9,19609.9,19612.2,19610.2,19576.7,19574.7,19594.4,19592.4,2996
IG,2025-03-20 13:05:00.000,2025-03-20 13:10:00.000,IX.D.NASDAQ.CASH.IP,M5,19594.6,19592.6,19598.7,19596.7,19574.9,19572.9,19585.1,19583.1,1919
IG,2025-03-20 13:10:00.000,2025-03-20 13:15:00.000,IX.D.NASDAQ.CASH.IP,M5,19585.2,19583.2,19607.2,19605.2,19577.4,19575.4,19603.4,19601.4,1599
IG,2025-03-20 13:15:00.000,2025-03-20 13:20:00.000,IX.D.NASDAQ.CASH.IP,M5,19603.6,19601.6,19608.4,19606.4,19588.4,19586.4,19598.8,19596.8,1359
IG,2025-03-20 13:20:00.000,2025-03-20 13:24:59.000,IX.D.NASDAQ.CASH.IP,M5,19598.7,19596.7,19599.6,19597.6,19582.6,19580.6,19585.7,19583.7,1493
IG,2025-03-20 13:24:59.000,2025-03-20 13:30:00.000,IX.D.NASDAQ.CASH.IP,M5,19585.8,19583.8,19598.2,19596.2,19563.7,19562.7,19563.7,19562.7,3631
IG,2025-03-20 13:30:00.000,2025-03-20 13:35:00.000,IX.D.NASDAQ.CASH.IP,M5,19561.6,19560.6,19656.6,19655.6,19540.8,19539.8,19650.4,19649.4,13878
IG,2025-03-20 13:35:00.000,2025-03-20 13:40:00.000,IX.D.NASDAQ.CASH.IP,M5,19650.6,19649.6,19680.9,19679.9,19637.3,19636.3,19679.2,19678.2,10310
IG,2025-03-20 13:40:00.000,2025-03-20 13:45:00.000,IX.D.NASDAQ.CASH.IP,M5,19681.6,19680.6,19690.7,19689.7,19647.4,19646.4,19669.7,19668.7,9068
IG,2025-03-20 13:45:00.000,2025-03-20 13:50:00.000,IX.D.NASDAQ.CASH.IP,M5,19670.2,19669.2,19709.4,19708.4,19664.8,19663.8,19688.4,19687.4,7932
IG,2025-03-20 13:50:00.000,2025-03-20 13:55:00.000,IX.D.NASDAQ.CASH.IP,M5,19688.9,19687.9,19715.1,19714.1,19683.3,19682.3,19698.2,19697.2,6414
IG,2025-03-20 13:55:00.000,2025-03-20 14:00:00.000,IX.D.NASDAQ.CASH.IP,M5,19697.4,19696.4,19723.3,19722.3,19677.9,19676.9,19714.6,19713.6,8477
IG,2025-03-20 14:00:00.000,2025-03-20 14:05:00.000,IX.D.NASDAQ.CASH.IP,M5,19714.4,19713.4,19804.1,19803.1,19713.8,19712.8,19791.7,19790.7,13901
IG,2025-03-20 14:05:00.000,2025-03-20 14:10:00.000,IX.D.NASDAQ.CASH.IP,M5,19792.1,19791.1,19809.3,19808.3,19771.4,19770.4,19789.4,19788.4,7914
IG,2025-03-20 14:10:00.000,2025-03-20 14:15:00.000,IX.D.NASDAQ.CASH.IP,M5,19789.6,19788.6,19798.4,19797.4,19769.1,19768.1,19783.7,19782.7,6765
IG,2025-03-20 14:15:00.000,2025-03-20 14:20:00.000,IX.D.NASDAQ.CASH.IP,M5,19783.4,19782.4,19828.8,19827.8,19758.9,19757.9,19814.6,19813.6,9994
IG,2025-03-20 14:20:00.000,2025-03-20 14:25:00.000,IX.D.NASDAQ.CASH.IP,M5,19814.3,19813.3,19857.4,19856.4,19798.6,19797.6,19847.5,19846.5,7406
IG,2025-03-20 14:25:00.000,2025-03-20 14:30:00.000,IX.D.NASDAQ.CASH.IP,M5,19846.6,19845.6,19871.4,19870.4,19835.3,19834.3,19840.1,19839.1,8128
IG,2025-03-20 14:30:00.000,2025-03-20 14:34:59.000,IX.D.NASDAQ.CASH.IP,M5,19840.4,19839.4,19844.4,19843.4,19818,19817,19820.1,19819.1,7079
IG,2025-03-20 14:34:59.000,2025-03-20 14:40:00.000,IX.D.NASDAQ.CASH.IP,M5,19820.3,19819.3,19869.8,19868.8,19808,19807,19841,19840,8421
IG,2025-03-20 14:40:00.000,2025-03-20 14:45:00.000,IX.D.NASDAQ.CASH.IP,M5,19841.3,19840.3,19884.4,19883.4,19839.1,19838.1,19876.1,19875.1,6610
IG,2025-03-20 14:45:00.000,2025-03-20 14:50:00.000,IX.D.NASDAQ.CASH.IP,M5,19876.3,19875.3,19890,19889,19869.1,19868.1,19873.6,19872.6,5457
IG,2025-03-20 14:50:00.000,2025-03-20 14:55:00.000,IX.D.NASDAQ.CASH.IP,M5,19874,19873,19875.5,19874.5,19835.6,19834.6,19849.9,19848.9,5795
IG,2025-03-20 14:55:00.000,2025-03-20 15:00:00.000,IX.D.NASDAQ.CASH.IP,M5,19849.8,19848.8,19854.8,19853.8,19819,19818,19831.1,19830.1,6050
IG,2025-03-20 15:00:00.000,2025-03-20 15:05:00.000,IX.D.NASDAQ.CASH.IP,M5,19831.4,19830.4,19836,19835,19794.9,19793.9,19808.4,19807.4,7968
IG,2025-03-20 15:05:00.000,2025-03-20 15:10:00.000,IX.D.NASDAQ.CASH.IP,M5,19808.3,19807.3,19841.6,19840.6,19796,19795,19837.8,19836.8,6905
IG,2025-03-20 15:10:00.000,2025-03-20 15:15:00.000,IX.D.NASDAQ.CASH.IP,M5,19837.6,19836.6,19847.3,19846.3,19822.1,19821.1,19836,19835,4859
IG,2025-03-20 15:15:00.000,2025-03-20 15:20:00.000,IX.D.NASDAQ.CASH.IP,M5,19837.4,19836.4,19839.6,19838.6,19808.3,19807.3,19811.6,19810.6,4281
IG,2025-03-20 15:20:00.000,2025-03-20 15:25:00.000,IX.D.NASDAQ.CASH.IP,M5,19812.4,19811.4,19832.6,19831.6,19799.6,19798.6,19821.6,19820.6,4349
IG,2025-03-20 15:25:00.000,2025-03-20 15:30:00.000,IX.D.NASDAQ.CASH.IP,M5,19822.1,19821.1,19829.1,19828.1,19808.1,19807.1,19815.9,19814.9,3016
IG,2025-03-20 15:30:00.000,2025-03-20 15:35:00.000,IX.D.NASDAQ.CASH.IP,M5,19815.1,19814.1,19824.5,19823.5,19771.6,19770.6,19778.3,19777.3,7325
IG,2025-03-20 15:35:00.000,2025-03-20 15:40:00.000,IX.D.NASDAQ.CASH.IP,M5,19778.1,19777.1,19788.9,19787.9,19750.8,19749.8,19787.9,19786.9,6777
IG,2025-03-20 15:40:00.000,2025-03-20 15:45:00.000,IX.D.NASDAQ.CASH.IP,M5,19788.1,19787.1,19817.3,19816.3,19787.3,19786.3,19810.9,19809.9,5007
IG,2025-03-20 15:45:00.000,2025-03-20 15:50:00.000,IX.D.NASDAQ.CASH.IP,M5,19810.6,19809.6,19840.3,19839.3,19800.4,19799.4,19832.8,19831.8,4648
IG,2025-03-20 15:50:00.000,2025-03-20 15:55:00.000,IX.D.NASDAQ.CASH.IP,M5,19832.9,19831.9,19838.9,19837.9,19809.4,19808.4,19827.9,19826.9,3463
IG,2025-03-20 15:55:00.000,2025-03-20 16:00:00.000,IX.D.NASDAQ.CASH.IP,M5,19827.4,19826.4,19827.6,19826.6,19765.9,19764.9,19765.9,19764.9,6099
IG,2025-03-20 16:00:00.000,2025-03-20 16:05:00.000,IX.D.NASDAQ.CASH.IP,M5,19764.5,19763.5,19824.9,19823.9,19760,19759,19781.6,19780.6,8063
IG,2025-03-20 16:05:00.000,2025-03-20 16:10:00.000,IX.D.NASDAQ.CASH.IP,M5,19781.5,19780.5,19792.5,19791.5,19751.4,19750.4,19762.4,19761.4,4956
IG,2025-03-20 16:10:00.000,2025-03-20 16:15:00.000,IX.D.NASDAQ.CASH.IP,M5,19762.6,19761.6,19768.3,19767.3,19728.3,19727.3,19757.1,19756.1,6229
IG,2025-03-20 16:15:00.000,2025-03-20 16:20:00.000,IX.D.NASDAQ.CASH.IP,M5,19756.9,19755.9,19759.1,19758.1,19739.4,19738.4,19748.1,19747.1,3587
IG,2025-03-20 16:20:00.000,2025-03-20 16:25:00.000,IX.D.NASDAQ.CASH.IP,M5,19748.3,19747.3,19750,19749,19716.1,19715.1,19716.1,19715.1,4712
IG,2025-03-20 16:25:00.000,2025-03-20 16:30:00.000,IX.D.NASDAQ.CASH.IP,M5,19716.4,19715.4,19732.3,19731.3,19653.8,19652.8,19661.5,19660.5,13070
IG,2025-03-20 16:30:00.000,2025-03-20 16:35:00.000,IX.D.NASDAQ.CASH.IP,M5,19661.3,19660.3,19694.8,19693.8,19661.3,19660.3,19669.4,19668.4,6370
IG,2025-03-20 16:35:00.000,2025-03-20 16:40:00.000,IX.D.NASDAQ.CASH.IP,M5,19669.6,19668.6,19705.9,19704.9,19659.4,19658.4,19698.9,19697.9,5412
IG,2025-03-20 16:40:00.000,2025-03-20 16:45:00.000,IX.D.NASDAQ.CASH.IP,M5,19699,19698,19700.1,19699.1,19646.5,19645.5,19660.3,19659.3,5592
IG,2025-03-20 16:45:00.000,2025-03-20 16:50:00.000,IX.D.NASDAQ.CASH.IP,M5,19661.1,19660.1,19676.5,19675.5,19645.8,19644.8,19650.4,19649.4,5071
IG,2025-03-20 16:50:00.000,2025-03-20 16:55:00.000,IX.D.NASDAQ.CASH.IP,M5,19650.1,19649.1,19689.9,19688.9,19646.4,19645.4,19688.8,19687.8,4132
IG,2025-03-20 16:55:00.000,2025-03-20 17:00:00.000,IX.D.NASDAQ.CASH.IP,M5,19688.4,19687.4,19697.3,19696.3,19651.4,19650.4,19658.9,19657.9,4871
IG,2025-03-20 17:00:00.000,2025-03-20 17:05:00.000,IX.D.NASDAQ.CASH.IP,M5,19659.9,19658.9,19687.9,19686.9,19656,19655,19685.8,19684.8,3677
IG,2025-03-20 17:05:00.000,2025-03-20 17:10:00.000,IX.D.NASDAQ.CASH.IP,M5,19685.6,19684.6,19726.8,19725.8,19685,19684,19718.6,19717.6,6147
IG,2025-03-20 17:10:00.000,2025-03-20 17:15:00.000,IX.D.NASDAQ.CASH.IP,M5,19718.5,19717.5,19725.8,19724.8,19693.4,19692.4,19709.3,19708.3,4366
IG,2025-03-20 17:15:00.000,2025-03-20 17:20:00.000,IX.D.NASDAQ.CASH.IP,M5,19709.6,19708.6,19713,19712,19676.6,19675.6,19697.4,19696.4,3483
IG,2025-03-20 17:20:00.000,2025-03-20 17:25:00.000,IX.D.NASDAQ.CASH.IP,M5,19697.3,19696.3,19699.4,19698.4,19655.1,19654.1,19661.9,19660.9,3608
IG,2025-03-20 17:25:00.000,2025-03-20 17:30:00.000,IX.D.NASDAQ.CASH.IP,M5,19662,19661,19667,19666,19616,19615,19618.9,19617.9,6514
IG,2025-03-20 17:30:00.000,2025-03-20 17:35:00.000,IX.D.NASDAQ.CASH.IP,M5,19619.1,19618.1,19657.6,19656.6,19611.8,19610.8,19642.1,19641.1,5698
IG,2025-03-20 17:35:00.000,2025-03-20 17:40:00.000,IX.D.NASDAQ.CASH.IP,M5,19642.4,19641.4,19665.8,19664.8,19626.4,19625.4,19661.4,19660.4,3911
IG,2025-03-20 17:40:00.000,2025-03-20 17:45:00.000,IX.D.NASDAQ.CASH.IP,M5,19661.9,19660.9,19668.1,19667.1,19641.3,19640.3,19666.1,19665.1,3234
IG,2025-03-20 17:45:00.000,2025-03-20 17:50:00.000,IX.D.NASDAQ.CASH.IP,M5,19665.9,19664.9,19689,19688,19652.9,19651.9,19660.1,19659.1,4415
IG,2025-03-20 17:50:00.000,2025-03-20 17:55:00.000,IX.D.NASDAQ.CASH.IP,M5,19660.9,19659.9,19662.3,19661.3,19633.6,19632.6,19634.5,19633.5,3536
IG,2025-03-20 17:55:00.000,2025-03-20 18:00:00.000,IX.D.NASDAQ.CASH.IP,M5,19634.1,19633.1,19642.3,19641.3,19620,19619,19634.1,19633.1,4053
IG,2025-03-20 18:00:00.000,2025-03-20 18:05:00.000,IX.D.NASDAQ.CASH.IP,M5,19634.4,19633.4,19659.9,19658.9,19629.8,19628.8,19649.4,19648.4,3391
IG,2025-03-20 18:05:00.000,2025-03-20 18:10:00.000,IX.D.NASDAQ.CASH.IP,M5,19649.5,19648.5,19666.3,19665.3,19645.1,19644.1,19659.2,19658.2,2468
IG,2025-03-20 18:10:00.000,2025-03-20 18:15:00.000,IX.D.NASDAQ.CASH.IP,M5,19659.6,19658.6,19686.7,19685.7,19659.1,19658.1,19667.4,19666.4,3810
IG,2025-03-20 18:15:00.000,2025-03-20 18:20:00.000,IX.D.NASDAQ.CASH.IP,M5,19668.6,19667.6,19679.6,19678.6,19658.9,19657.9,19659.1,19658.1,2885
IG,2025-03-20 18:20:00.000,2025-03-20 18:25:00.000,IX.D.NASDAQ.CASH.IP,M5,19659.5,19658.5,19661.1,19660.1,19623.8,19622.8,19643.3,19642.3,5442
IG,2025-03-20 18:25:00.000,2025-03-20 18:30:00.000,IX.D.NASDAQ.CASH.IP,M5,19644,19643,19644.5,19643.5,19594.3,19593.3,19598.9,19597.9,5579
IG,2025-03-20 18:30:00.000,2025-03-20 18:34:59.000,IX.D.NASDAQ.CASH.IP,M5,19598.6,19597.6,19604.4,19603.4,19586.4,19585.4,19592.4,19591.4,4996
IG,2025-03-20 18:34:59.000,2025-03-20 18:39:59.000,IX.D.NASDAQ.CASH.IP,M5,19592.6,19591.6,19632.9,19631.9,19591.6,19590.6,19626.1,19625.1,4458
IG,2025-03-20 18:39:59.000,2025-03-20 18:45:00.000,IX.D.NASDAQ.CASH.IP,M5,19625.9,19624.9,19627.6,19626.6,19597.8,19596.8,19602.1,19601.1,2993
IG,2025-03-20 18:45:00.000,2025-03-20 18:50:00.000,IX.D.NASDAQ.CASH.IP,M5,19602,19601,19633.5,19632.5,19597.6,19596.6,19632.5,19631.5,3860
IG,2025-03-20 18:50:00.000,2025-03-20 18:55:00.000,IX.D.NASDAQ.CASH.IP,M5,19632.6,19631.6,19673.8,19672.8,19629.8,19628.8,19671.9,19670.9,4921
IG,2025-03-20 18:55:00.000,2025-03-20 18:59:59.000,IX.D.NASDAQ.CASH.IP,M5,19672,19671,19675.4,19674.4,19604.3,19603.3,19610,19609,5259
IG,2025-03-20 18:59:59.000,2025-03-20 19:05:00.000,IX.D.NASDAQ.CASH.IP,M5,19609.9,19608.9,19653,19652,19605.9,19604.9,19640.4,19639.4,4906
IG,2025-03-20 19:05:00.000,2025-03-20 19:10:00.000,IX.D.NASDAQ.CASH.IP,M5,19639.8,19638.8,19658,19657,19632.3,19631.3,19634.6,19633.6,3154
IG,2025-03-20 19:10:00.000,2025-03-20 19:15:00.000,IX.D.NASDAQ.CASH.IP,M5,19635.1,19634.1,19657.9,19656.9,19633.9,19632.9,19643.3,19642.3,3096
IG,2025-03-20 19:15:00.000,2025-03-20 19:20:00.000,IX.D.NASDAQ.CASH.IP,M5,19643.4,19642.4,19672.3,19671.3,19640.9,19639.9,19665,19664,4161
IG,2025-03-20 19:20:00.000,2025-03-20 19:25:00.000,IX.D.NASDAQ.CASH.IP,M5,19665.1,19664.1,19688.9,19687.9,19662.5,19661.5,19675.9,19674.9,3979
IG,2025-03-20 19:25:00.000,2025-03-20 19:30:00.000,IX.D.NASDAQ.CASH.IP,M5,19675.8,19674.8,19675.8,19674.8,19618.3,19617.3,19629.6,19628.6,5857
IG,2025-03-20 19:30:00.000,2025-03-20 19:35:00.000,IX.D.NASDAQ.CASH.IP,M5,19629.8,19628.8,19658.4,19657.4,19625.9,19624.9,19640.6,19639.6,4849
IG,2025-03-20 19:35:00.000,2025-03-20 19:40:00.000,IX.D.NASDAQ.CASH.IP,M5,19640.9,19639.9,19675.5,19674.5,19640.9,19639.9,19651.4,19650.4,3556
IG,2025-03-20 19:40:00.000,2025-03-20 19:45:00.000,IX.D.NASDAQ.CASH.IP,M5,19651.6,19650.6,19682.7,19681.7,19650.9,19649.9,19682.4,19681.4,3516
IG,2025-03-20 19:45:00.000,2025-03-20 19:49:59.000,IX.D.NASDAQ.CASH.IP,M5,19681.9,19680.9,19712.9,19711.9,19681.3,19680.3,19706.8,19705.8,4966
IG,2025-03-20 19:49:59.000,2025-03-20 19:55:00.000,IX.D.NASDAQ.CASH.IP,M5,19706.7,19705.7,19707.9,19706.9,19660.2,19659.2,19707.9,19706.9,9850
IG,2025-03-20 19:55:00.000,2025-03-20 20:00:00.000,IX.D.NASDAQ.CASH.IP,M5,19706.8,19705.8,19712.3,19711.3,19666.2,19665.2,19682.6,19680.6,16516
IG,2025-03-20 20:00:00.000,2025-03-20 20:05:00.000,IX.D.NASDAQ.CASH.IP,M5,19683.3,19681.3,19700.4,19698.4,19672.1,19670.1,19697.9,19695.9,5589
IG,2025-03-20 20:05:00.000,2025-03-20 20:10:00.000,IX.D.NASDAQ.CASH.IP,M5,19697.8,19695.8,19700.2,19698.2,19683.9,19681.9,19694.1,19692.1,1989
IG,2025-03-20 20:10:00.000,2025-03-20 20:15:00.000,IX.D.NASDAQ.CASH.IP,M5,19694.4,19692.4,19703.8,19701.8,19694.2,19692.2,19697.6,19695.6,1093
IG,2025-03-20 20:15:00.000,2025-03-20 20:19:59.000,IX.D.NASDAQ.CASH.IP,M5,19697.4,19695.4,19705.1,19703.1,19695.4,19693.4,19700.7,19698.7,499
IG,2025-03-20 20:20:00.000,2025-03-20 20:25:00.000,IX.D.NASDAQ.CASH.IP,M5,19700.9,19698.9,19701.4,19699.4,19688.4,19686.4,19694.2,19692.2,626
IG,2025-03-20 20:25:00.000,2025-03-20 20:30:00.000,IX.D.NASDAQ.CASH.IP,M5,19694.1,19692.1,19701.3,19699.3,19690.7,19688.7,19696.6,19694.6,449
IG,2025-03-20 20:30:00.000,2025-03-20 20:35:00.000,IX.D.NASDAQ.CASH.IP,M5,19696.7,19694.7,19698.6,19696.6,19692.2,19690.2,19693.7,19691.7,261
IG,2025-03-20 20:35:00.000,2025-03-20 20:40:00.000,IX.D.NASDAQ.CASH.IP,M5,19693.6,19691.6,19694.6,19692.6,19686.6,19684.6,19686.9,19684.9,455
IG,2025-03-20 20:40:00.000,2025-03-20 20:45:00.000,IX.D.NASDAQ.CASH.IP,M5,19686.8,19684.8,19690.1,19688.1,19686.7,19684.7,19688.8,19686.8,282
IG,2025-03-20 20:45:00.000,2025-03-20 20:50:00.000,IX.D.NASDAQ.CASH.IP,M5,19689.2,19687.2,19693.6,19691.6,19687.8,19685.8,19692.4,19690.4,431
IG,2025-03-20 20:50:00.000,2025-03-20 20:55:00.000,IX.D.NASDAQ.CASH.IP,M5,19692.3,19690.3,19694.7,19692.7,19689.4,19687.4,19693.7,19691.7,490
IG,2025-03-20 20:55:00.000,2025-03-20 20:59:59.000,IX.D.NASDAQ.CASH.IP,M5,19693.6,19691.6,19693.7,19691.7,19686.1,19681.3,19686.4,19681.4,556
IG,2025-03-20 20:59:59.000,2025-03-20 21:04:42.000,IX.D.NASDAQ.CASH.IP,M5,19688.2,19683.2,19691.2,19686.2,19686.8,19681.8,19690.6,19685.6,0
IG,2025-03-20 21:05:53.000,2025-03-20 21:09:56.000,IX.D.NASDAQ.CASH.IP,M5,19690.8,19685.8,19691,19686,19690.2,19685.2,19690.5,19685.5,0
IG,2025-03-20 21:10:06.000,2025-03-20 21:13:53.000,IX.D.NASDAQ.CASH.IP,M5,19690.2,19685.2,19691.5,19686.5,19689.8,19684.8,19690.4,19685.4,0
IG,2025-03-20 21:15:30.000,2025-03-20 21:19:38.000,IX.D.NASDAQ.CASH.IP,M5,19690.3,19685.3,19691.3,19686.3,19690,19685,19691.2,19686.2,0
IG,2025-03-20 21:20:01.000,2025-03-20 21:24:39.000,IX.D.NASDAQ.CASH.IP,M5,19691.1,19686.1,19691.8,19686.8,19689.7,19684.7,19690.6,19685.6,0
IG,2025-03-20 21:25:09.000,2025-03-20 21:29:41.000,IX.D.NASDAQ.CASH.IP,M5,19690.5,19685.5,19691.8,19686.8,19686.4,19681.4,19687.7,19682.7,0
IG,2025-03-20 21:30:01.000,2025-03-20 21:33:43.000,IX.D.NASDAQ.CASH.IP,M5,19687.8,19682.8,19688.5,19683.5,19685.1,19680.1,19685.7,19680.7,0
IG,2025-03-20 21:35:25.000,2025-03-20 21:37:25.000,IX.D.NASDAQ.CASH.IP,M5,19685.2,19680.2,19685.2,19680.2,19685,19680,19685,19680,0
IG,2025-03-20 21:40:12.000,2025-03-20 21:44:48.000,IX.D.NASDAQ.CASH.IP,M5,19684.8,19679.8,19684.9,19679.9,19684,19679,19684.4,19679.4,0
IG,2025-03-20 21:45:19.000,2025-03-20 21:49:58.000,IX.D.NASDAQ.CASH.IP,M5,19685.1,19680.1,19685.1,19680.1,19682.9,19677.9,19684.2,19679.2,0
IG,2025-03-20 21:50:05.000,2025-03-20 21:54:56.000,IX.D.NASDAQ.CASH.IP,M5,19684.9,19679.9,19686.9,19681.9,19684.7,19679.7,19686.7,19681.7,0
IG,2025-03-20 21:55:02.000,2025-03-20 22:00:00.000,IX.D.NASDAQ.CASH.IP,M5,19686.1,19681.1,19688.6,19686.6,19682.3,19680,19688.6,19686.6,22
IG,2025-03-20 22:00:00.000,2025-03-20 22:04:59.000,IX.D.NASDAQ.CASH.IP,M5,19688.1,19686.1,19692.4,19690.4,19686.6,19684.6,19688.1,19686.1,265
IG,2025-03-20 22:05:00.000,2025-03-20 22:10:00.000,IX.D.NASDAQ.CASH.IP,M5,19687.9,19685.9,19688.2,19686.2,19675.3,19673.3,19677.2,19675.2,184
IG,2025-03-20 22:10:00.000,2025-03-20 22:15:00.000,IX.D.NASDAQ.CASH.IP,M5,19676.6,19674.6,19683.4,19681.4,19673.2,19671.2,19681.5,19679.5,222
IG,2025-03-20 22:15:03.000,2025-03-20 22:19:56.000,IX.D.NASDAQ.CASH.IP,M5,19682,19680,19703.7,19701.7,19682,19680,19701.7,19699.7,406
IG,2025-03-20 22:20:08.000,2025-03-20 22:24:59.000,IX.D.NASDAQ.CASH.IP,M5,19701.9,19699.9,19703.1,19701.1,19686.9,19684.9,19695.1,19693.1,271
IG,2025-03-20 22:24:59.000,2025-03-20 22:30:00.000,IX.D.NASDAQ.CASH.IP,M5,19697.2,19695.2,19701.2,19699.2,19692.5,19690.5,19697.9,19695.9,166
IG,2025-03-20 22:30:00.000,2025-03-20 22:35:00.000,IX.D.NASDAQ.CASH.IP,M5,19697.6,19695.6,19706.4,19704.4,19693.4,19691.4,19703.5,19701.5,207
IG,2025-03-20 22:35:01.000,2025-03-20 22:40:00.000,IX.D.NASDAQ.CASH.IP,M5,19703.7,19701.7,19708.7,19706.7,19700.7,19698.7,19707.2,19705.2,201
IG,2025-03-20 22:40:02.000,2025-03-20 22:44:44.000,IX.D.NASDAQ.CASH.IP,M5,19707.4,19705.4,19707.6,19705.6,19700.6,19698.6,19706,19704,188
IG,2025-03-20 22:45:02.000,2025-03-20 22:50:00.000,IX.D.NASDAQ.CASH.IP,M5,19706.1,19704.1,19706.4,19704.4,19694.1,19692.1,19694.1,19692.1,183
IG,2025-03-20 22:50:00.000,2025-03-20 22:55:00.000,IX.D.NASDAQ.CASH.IP,M5,19692.9,19690.9,19692.9,19690.9,19685.2,19683.2,19687.5,19685.5,225
IG,2025-03-20 22:55:00.000,2025-03-20 23:00:00.000,IX.D.NASDAQ.CASH.IP,M5,19687.6,19685.6,19689.7,19687.7,19683.5,19681.5,19686.5,19684.5,142
IG,2025-03-20 23:00:00.000,2025-03-20 23:04:55.000,IX.D.NASDAQ.CASH.IP,M5,19686.6,19684.6,19688.9,19686.9,19669.6,19667.6,19670.4,19668.4,505
IG,2025-03-20 23:05:00.000,2025-03-20 23:10:00.000,IX.D.NASDAQ.CASH.IP,M5,19670.5,19668.5,19672.2,19670.2,19652.4,19650.4,19660.5,19658.5,822
IG,2025-03-20 23:10:00.000,2025-03-20 23:15:00.000,IX.D.NASDAQ.CASH.IP,M5,19660.4,19658.4,19663.2,19661.2,19656.4,19654.4,19658,19656,556
IG,2025-03-20 23:15:00.000,2025-03-20 23:20:00.000,IX.D.NASDAQ.CASH.IP,M5,19658.1,19656.1,19659,19657,19649.6,19647.6,19653.7,19651.7,296
IG,2025-03-20 23:20:00.000,2025-03-20 23:25:00.000,IX.D.NASDAQ.CASH.IP,M5,19653.4,19651.4,19655,19653,19648.6,19646.6,19655,19653,269
IG,2025-03-20 23:25:00.000,2025-03-20 23:30:00.000,IX.D.NASDAQ.CASH.IP,M5,19655.1,19653.1,19663.1,19661.1,19654.7,19652.7,19656.7,19654.7,324
IG,2025-03-20 23:30:00.000,2025-03-20 23:35:00.000,IX.D.NASDAQ.CASH.IP,M5,19656.6,19654.6,19664.7,19662.7,19647.9,19645.9,19662.1,19660.1,332
IG,2025-03-20 23:35:00.000,2025-03-20 23:40:00.000,IX.D.NASDAQ.CASH.IP,M5,19662,19660,19664.7,19662.7,19658.9,19656.9,19661.5,19659.5,235
IG,2025-03-20 23:40:00.000,2025-03-20 23:45:00.000,IX.D.NASDAQ.CASH.IP,M5,19661.6,19659.6,19670.4,19668.4,19661.6,19659.6,19670.4,19668.4,261
IG,2025-03-20 23:45:00.000,2025-03-20 23:50:00.000,IX.D.NASDAQ.CASH.IP,M5,19670.2,19668.2,19678.2,19676.2,19666.9,19664.9,19675.1,19673.1,423
IG,2025-03-20 23:50:00.000,2025-03-20 23:55:00.000,IX.D.NASDAQ.CASH.IP,M5,19675.2,19673.2,19686.6,19684.6,19673.6,19671.6,19684.7,19682.7,367
IG,2025-03-20 23:55:00.000,2025-03-21 00:00:00.000,IX.D.NASDAQ.CASH.IP,M5,19685.1,19683.1,19689.4,19687.4,19681.9,19679.9,19682.9,19680.9,320
IG,2025-03-21 00:00:00.000,2025-03-21 00:05:00.000,IX.D.NASDAQ.CASH.IP,M5,19682.1,19680.1,19709.4,19707.4,19680.1,19678.1,19707.5,19705.5,910
IG,2025-03-21 00:05:00.000,2025-03-21 00:10:00.000,IX.D.NASDAQ.CASH.IP,M5,19707.6,19705.6,19718.4,19716.4,19707.5,19705.5,19716.1,19714.1,589
IG,2025-03-21 00:10:00.000,2025-03-21 00:14:58.000,IX.D.NASDAQ.CASH.IP,M5,19716.2,19714.2,19719.6,19717.6,19713,19711,19717.5,19715.5,400
IG,2025-03-21 00:15:00.000,2025-03-21 00:20:00.000,IX.D.NASDAQ.CASH.IP,M5,19718.2,19716.2,19718.6,19716.6,19709.6,19707.6,19715.9,19713.9,493
IG,2025-03-21 00:20:00.000,2025-03-21 00:25:00.000,IX.D.NASDAQ.CASH.IP,M5,19715.7,19713.7,19723.7,19721.7,19715.5,19713.5,19717.7,19715.7,499
IG,2025-03-21 00:25:00.000,2025-03-21 00:30:00.000,IX.D.NASDAQ.CASH.IP,M5,19717.6,19715.6,19717.7,19715.7,19704.9,19702.9,19710.7,19708.7,394
IG,2025-03-21 00:30:00.000,2025-03-21 00:35:00.000,IX.D.NASDAQ.CASH.IP,M5,19710.2,19708.2,19726,19724,19710.1,19708.1,19715.2,19713.2,445
IG,2025-03-21 00:35:00.000,2025-03-21 00:40:00.000,IX.D.NASDAQ.CASH.IP,M5,19715.1,19713.1,19717.7,19715.7,19710.5,19708.5,19713.7,19711.7,202
IG,2025-03-21 00:40:01.000,2025-03-21 00:45:00.000,IX.D.NASDAQ.CASH.IP,M5,19713.6,19711.6,19716.1,19714.1,19708,19706,19712.5,19710.5,249
IG,2025-03-21 00:45:00.000,2025-03-21 00:50:00.000,IX.D.NASDAQ.CASH.IP,M5,19711.9,19709.9,19715,19713,19707.2,19705.2,19710.9,19708.9,195
IG,2025-03-21 00:50:00.000,2025-03-21 00:55:00.000,IX.D.NASDAQ.CASH.IP,M5,19710.7,19708.7,19720,19718,19710,19708,19719.7,19717.7,277
IG,2025-03-21 00:55:00.000,2025-03-21 01:00:00.000,IX.D.NASDAQ.CASH.IP,M5,19719.6,19717.6,19720.6,19718.6,19712.5,19710.5,19713.5,19711.5,280
IG,2025-03-21 01:00:00.000,2025-03-21 01:05:00.000,IX.D.NASDAQ.CASH.IP,M5,19712.1,19710.1,19719.4,19717.4,19710.4,19708.4,19713.7,19711.7,261
IG,2025-03-21 01:05:00.000,2025-03-21 01:10:00.000,IX.D.NASDAQ.CASH.IP,M5,19714.2,19712.2,19714.7,19712.7,19709.1,19707.1,19711.7,19709.7,267
IG,2025-03-21 01:10:01.000,2025-03-21 01:15:00.000,IX.D.NASDAQ.CASH.IP,M5,19711.9,19709.9,19715.2,19713.2,19703.9,19701.9,19709,19707,443
IG,2025-03-21 01:15:00.000,2025-03-21 01:20:00.000,IX.D.NASDAQ.CASH.IP,M5,19708.7,19706.7,19712,19710,19699.4,19697.4,19708.6,19706.6,301
IG,2025-03-21 01:20:00.000,2025-03-21 01:25:00.000,IX.D.NASDAQ.CASH.IP,M5,19708.7,19706.7,19715.5,19713.5,19707.9,19705.9,19713.1,19711.1,229
IG,2025-03-21 01:25:00.000,2025-03-21 01:30:00.000,IX.D.NASDAQ.CASH.IP,M5,19713,19711,19720.1,19718.1,19707.6,19705.6,19719.4,19717.4,291
IG,2025-03-21 01:30:00.000,2025-03-21 01:35:00.000,IX.D.NASDAQ.CASH.IP,M5,19719.5,19717.5,19722.4,19720.4,19713.1,19711.1,19720.7,19718.7,274
IG,2025-03-21 01:35:00.000,2025-03-21 01:40:00.000,IX.D.NASDAQ.CASH.IP,M5,19720.9,19718.9,19732.1,19730.1,19720.2,19718.2,19730.1,19728.1,402
IG,2025-03-21 01:40:00.000,2025-03-21 01:44:59.000,IX.D.NASDAQ.CASH.IP,M5,19730.5,19728.5,19730.5,19728.5,19724,19722,19725.9,19723.9,287
IG,2025-03-21 01:45:00.000,2025-03-21 01:50:00.000,IX.D.NASDAQ.CASH.IP,M5,19725.7,19723.7,19728.5,19726.5,19721.1,19719.1,19722.5,19720.5,190
IG,2025-03-21 01:50:00.000,2025-03-21 01:55:00.000,IX.D.NASDAQ.CASH.IP,M5,19722.6,19720.6,19730.7,19728.7,19722.6,19720.6,19725.7,19723.7,192
IG,2025-03-21 01:55:00.000,2025-03-21 02:00:00.000,IX.D.NASDAQ.CASH.IP,M5,19725.9,19723.9,19726.9,19724.9,19722.6,19720.6,19724.9,19722.9,136
IG,2025-03-21 02:00:00.000,2025-03-21 02:05:00.000,IX.D.NASDAQ.CASH.IP,M5,19725,19723,19728.5,19726.5,19721,19719,19721.2,19719.2,271
IG,2025-03-21 02:05:00.000,2025-03-21 02:10:00.000,IX.D.NASDAQ.CASH.IP,M5,19721.4,19719.4,19724.2,19722.2,19716.2,19714.2,19718.9,19716.9,311
IG,2025-03-21 02:10:00.000,2025-03-21 02:15:00.000,IX.D.NASDAQ.CASH.IP,M5,19719,19717,19719.7,19717.7,19709.4,19707.4,19716.9,19714.9,392
IG,2025-03-21 02:15:00.000,2025-03-21 02:20:00.000,IX.D.NASDAQ.CASH.IP,M5,19716.7,19714.7,19716.9,19714.9,19704,19702,19704.9,19702.9,314
IG,2025-03-21 02:20:00.000,2025-03-21 02:25:00.000,IX.D.NASDAQ.CASH.IP,M5,19704.7,19702.7,19705.6,19703.6,19690.9,19688.9,19693,19691,564
IG,2025-03-21 02:25:00.000,2025-03-21 02:30:00.000,IX.D.NASDAQ.CASH.IP,M5,19693.1,19691.1,19704.4,19702.4,19692.6,19690.6,19703.1,19701.1,310
IG,2025-03-21 02:30:00.000,2025-03-21 02:34:59.000,IX.D.NASDAQ.CASH.IP,M5,19703.2,19701.2,19706,19704,19697.4,19695.4,19698,19696,208
IG,2025-03-21 02:34:59.000,2025-03-21 02:40:00.000,IX.D.NASDAQ.CASH.IP,M5,19697.9,19695.9,19706.6,19704.6,19697.9,19695.9,19704.4,19702.4,214
IG,2025-03-21 02:40:00.000,2025-03-21 02:45:00.000,IX.D.NASDAQ.CASH.IP,M5,19704.1,19702.1,19706.7,19704.7,19698.7,19696.7,19704.6,19702.6,236
IG,2025-03-21 02:45:00.000,2025-03-21 02:50:00.000,IX.D.NASDAQ.CASH.IP,M5,19704.5,19702.5,19714.6,19712.6,19703.7,19701.7,19712.7,19710.7,344
IG,2025-03-21 02:50:00.000,2025-03-21 02:55:00.000,IX.D.NASDAQ.CASH.IP,M5,19712.6,19710.6,19716.5,19714.5,19710.9,19708.9,19711.9,19709.9,177
IG,2025-03-21 02:55:00.000,2025-03-21 03:00:00.000,IX.D.NASDAQ.CASH.IP,M5,19712,19710,19713,19711,19701.7,19699.7,19703,19701,288
IG,2025-03-21 03:00:00.000,2025-03-21 03:05:00.000,IX.D.NASDAQ.CASH.IP,M5,19703.1,19701.1,19703.4,19701.4,19681.1,19679.1,19684.6,19682.6,771
IG,2025-03-21 03:05:00.000,2025-03-21 03:10:00.000,IX.D.NASDAQ.CASH.IP,M5,19684.7,19682.7,19691.7,19689.7,19681.1,19679.1,19684.1,19682.1,418
IG,2025-03-21 03:10:00.000,2025-03-21 03:15:00.000,IX.D.NASDAQ.CASH.IP,M5,19684.2,19682.2,19685.1,19683.1,19677.4,19675.4,19681.6,19679.6,464
IG,2025-03-21 03:15:00.000,2025-03-21 03:20:00.000,IX.D.NASDAQ.CASH.IP,M5,19681.7,19679.7,19682.1,19680.1,19664.4,19662.4,19678.1,19676.1,601
IG,2025-03-21 03:20:00.000,2025-03-21 03:25:00.000,IX.D.NASDAQ.CASH.IP,M5,19678,19676,19688.6,19686.6,19676.4,19674.4,19687.5,19685.5,399
IG,2025-03-21 03:25:00.000,2025-03-21 03:30:00.000,IX.D.NASDAQ.CASH.IP,M5,19687.4,19685.4,19694.9,19692.9,19682.1,19680.1,19685.4,19683.4,405
IG,2025-03-21 03:30:00.000,2025-03-21 03:35:00.000,IX.D.NASDAQ.CASH.IP,M5,19685.2,19683.2,19688.5,19686.5,19681.4,19679.4,19684.5,19682.5,217
IG,2025-03-21 03:35:00.000,2025-03-21 03:40:00.000,IX.D.NASDAQ.CASH.IP,M5,19684.6,19682.6,19688,19686,19680.6,19678.6,19685.9,19683.9,192
IG,2025-03-21 03:40:00.000,2025-03-21 03:45:00.000,IX.D.NASDAQ.CASH.IP,M5,19686,19684,19688.4,19686.4,19683.2,19681.2,19686.6,19684.6,118
IG,2025-03-21 03:45:00.000,2025-03-21 03:50:00.000,IX.D.NASDAQ.CASH.IP,M5,19686.5,19684.5,19691.4,19689.4,19679.2,19677.2,19683.1,19681.1,382
IG,2025-03-21 03:50:00.000,2025-03-21 03:55:00.000,IX.D.NASDAQ.CASH.IP,M5,19682.6,19680.6,19685.2,19683.2,19676.2,19674.2,19681.1,19679.1,216
IG,2025-03-21 03:55:00.000,2025-03-21 04:00:00.000,IX.D.NASDAQ.CASH.IP,M5,19681.2,19679.2,19687.1,19685.1,19672.9,19670.9,19674.1,19672.1,258
IG,2025-03-21 04:00:00.000,2025-03-21 04:05:00.000,IX.D.NASDAQ.CASH.IP,M5,19674.2,19672.2,19682.4,19680.4,19672,19670,19682.4,19680.4,213
IG,2025-03-21 04:05:00.000,2025-03-21 04:10:00.000,IX.D.NASDAQ.CASH.IP,M5,19682.2,19680.2,19691.2,19689.2,19680.1,19678.1,19690.4,19688.4,276
IG,2025-03-21 04:10:00.000,2025-03-21 04:15:00.000,IX.D.NASDAQ.CASH.IP,M5,19690.5,19688.5,19693.1,19691.1,19689,19687,19691.2,19689.2,118
IG,2025-03-21 04:15:00.000,2025-03-21 04:20:00.000,IX.D.NASDAQ.CASH.IP,M5,19691.4,19689.4,19693.4,19691.4,19684.9,19682.9,19691.1,19689.1,161
IG,2025-03-21 04:20:00.000,2025-03-21 04:25:00.000,IX.D.NASDAQ.CASH.IP,M5,19691.2,19689.2,19693.2,19691.2,19682.2,19680.2,19684.6,19682.6,174
IG,2025-03-21 04:25:00.000,2025-03-21 04:30:00.000,IX.D.NASDAQ.CASH.IP,M5,19684.7,19682.7,19691.1,19689.1,19683.4,19681.4,19688.1,19686.1,166
IG,2025-03-21 04:30:00.000,2025-03-21 04:35:00.000,IX.D.NASDAQ.CASH.IP,M5,19688.2,19686.2,19689.5,19687.5,19683.2,19681.2,19683.9,19681.9,96
IG,2025-03-21 04:35:00.000,2025-03-21 04:40:00.000,IX.D.NASDAQ.CASH.IP,M5,19684,19682,19689.9,19687.9,19681.2,19679.2,19682.4,19680.4,138
IG,2025-03-21 04:40:00.000,2025-03-21 04:45:00.000,IX.D.NASDAQ.CASH.IP,M5,19682.2,19680.2,19682.5,19680.5,19673,19671,19677,19675,297
IG,2025-03-21 04:45:00.000,2025-03-21 04:50:00.000,IX.D.NASDAQ.CASH.IP,M5,19677.1,19675.1,19678.6,19676.6,19673.2,19671.2,19676.9,19674.9,119
IG,2025-03-21 04:50:00.000,2025-03-21 04:55:00.000,IX.D.NASDAQ.CASH.IP,M5,19677,19675,19678.5,19676.5,19667.7,19665.7,19668.9,19666.9,236
IG,2025-03-21 04:55:00.000,2025-03-21 05:00:00.000,IX.D.NASDAQ.CASH.IP,M5,19669,19667,19676.2,19674.2,19661.4,19659.4,19668.7,19666.7,379
IG,2025-03-21 05:00:00.000,2025-03-21 05:05:00.000,IX.D.NASDAQ.CASH.IP,M5,19668.9,19666.9,19669.5,19667.5,19658.7,19656.7,19666.4,19664.4,264
IG,2025-03-21 05:05:00.000,2025-03-21 05:10:00.000,IX.D.NASDAQ.CASH.IP,M5,19666.2,19664.2,19666.9,19664.9,19651.9,19649.9,19653.1,19651.1,475
IG,2025-03-21 05:10:00.000,2025-03-21 05:15:00.000,IX.D.NASDAQ.CASH.IP,M5,19653.2,19651.2,19661,19659,19652,19650,19655,19653,402
IG,2025-03-21 05:15:00.000,2025-03-21 05:20:00.000,IX.D.NASDAQ.CASH.IP,M5,19655.1,19653.1,19671.9,19669.9,19655,19653,19669.9,19667.9,348
IG,2025-03-21 05:20:00.000,2025-03-21 05:25:00.000,IX.D.NASDAQ.CASH.IP,M5,19669.7,19667.7,19671.5,19669.5,19665.7,19663.7,19667.9,19665.9,138
IG,2025-03-21 05:25:00.000,2025-03-21 05:30:00.000,IX.D.NASDAQ.CASH.IP,M5,19667.7,19665.7,19672,19670,19665.4,19663.4,19666.4,19664.4,170
IG,2025-03-21 05:30:00.000,2025-03-21 05:35:00.000,IX.D.NASDAQ.CASH.IP,M5,19666.6,19664.6,19670.5,19668.5,19662.7,19660.7,19667.9,19665.9,209
IG,2025-03-21 05:35:00.000,2025-03-21 05:40:00.000,IX.D.NASDAQ.CASH.IP,M5,19668,19666,19670.4,19668.4,19638.7,19636.7,19643.2,19641.2,509
IG,2025-03-21 05:40:00.000,2025-03-21 05:45:00.000,IX.D.NASDAQ.CASH.IP,M5,19643.1,19641.1,19646,19644,19628.7,19626.7,19630.4,19628.4,589
IG,2025-03-21 05:45:00.000,2025-03-21 05:50:00.000,IX.D.NASDAQ.CASH.IP,M5,19630.2,19628.2,19637.6,19635.6,19623,19621,19623.6,19621.6,504
IG,2025-03-21 05:50:00.000,2025-03-21 05:55:00.000,IX.D.NASDAQ.CASH.IP,M5,19623.5,19621.5,19646.2,19644.2,19622.9,19620.9,19645.9,19643.9,435
IG,2025-03-21 05:55:00.000,2025-03-21 06:00:00.000,IX.D.NASDAQ.CASH.IP,M5,19646,19644,19650.2,19648.2,19641.4,19639.4,19649.6,19647.6,228
IG,2025-03-21 06:00:00.000,2025-03-21 06:05:00.000,IX.D.NASDAQ.CASH.IP,M5,19649.5,19647.5,19656.9,19654.9,19644.9,19642.9,19652.6,19650.6,328
IG,2025-03-21 06:05:00.000,2025-03-21 06:10:00.000,IX.D.NASDAQ.CASH.IP,M5,19652.7,19650.7,19654.6,19652.6,19641.9,19639.9,19644.9,19642.9,274
IG,2025-03-21 06:10:00.000,2025-03-21 06:15:00.000,IX.D.NASDAQ.CASH.IP,M5,19645,19643,19655.6,19653.6,19642.6,19640.6,19653.5,19651.5,213
IG,2025-03-21 06:15:00.000,2025-03-21 06:20:00.000,IX.D.NASDAQ.CASH.IP,M5,19653.4,19651.4,19653.5,19651.5,19647.1,19645.1,19649,19647,169
IG,2025-03-21 06:20:00.000,2025-03-21 06:25:00.000,IX.D.NASDAQ.CASH.IP,M5,19648.9,19646.9,19655.9,19653.9,19646.6,19644.6,19655.7,19653.7,175
IG,2025-03-21 06:25:00.000,2025-03-21 06:30:00.000,IX.D.NASDAQ.CASH.IP,M5,19655.6,19653.6,19664.7,19662.7,19652.6,19650.6,19656.5,19654.5,425
IG,2025-03-21 06:30:00.000,2025-03-21 06:35:00.000,IX.D.NASDAQ.CASH.IP,M5,19656.6,19654.6,19664.9,19662.9,19649.7,19647.7,19651.4,19649.4,365
IG,2025-03-21 06:35:00.000,2025-03-21 06:40:00.000,IX.D.NASDAQ.CASH.IP,M5,19651.2,19649.2,19675.1,19673.1,19649.4,19647.4,19673.9,19671.9,512
IG,2025-03-21 06:40:00.000,2025-03-21 06:45:00.000,IX.D.NASDAQ.CASH.IP,M5,19674.9,19672.9,19676.9,19674.9,19662.4,19660.4,19666.7,19664.7,316
IG,2025-03-21 06:45:00.000,2025-03-21 06:50:00.000,IX.D.NASDAQ.CASH.IP,M5,19666.9,19664.9,19672.6,19670.6,19663.6,19661.6,19669.7,19667.7,205
IG,2025-03-21 06:50:00.000,2025-03-21 06:55:00.000,IX.D.NASDAQ.CASH.IP,M5,19669.9,19667.9,19686.5,19684.5,19669.2,19667.2,19684.7,19682.7,371
IG,2025-03-21 06:55:00.000,2025-03-21 07:00:00.000,IX.D.NASDAQ.CASH.IP,M5,19684.6,19682.6,19692,19690,19681.5,19679.5,19691,19689,289
IG,2025-03-21 07:00:00.000,2025-03-21 07:05:00.000,IX.D.NASDAQ.CASH.IP,M5,19691.5,19689.5,19696.5,19694.5,19678.9,19676.9,19681.6,19679.6,546
IG,2025-03-21 07:05:00.000,2025-03-21 07:10:00.000,IX.D.NASDAQ.CASH.IP,M5,19681.7,19679.7,19682.6,19680.6,19672.2,19670.2,19677.4,19675.4,376
IG,2025-03-21 07:10:00.000,2025-03-21 07:15:00.000,IX.D.NASDAQ.CASH.IP,M5,19678.2,19676.2,19681.2,19679.2,19671.2,19669.2,19672.1,19670.1,269
IG,2025-03-21 07:15:00.000,2025-03-21 07:20:00.000,IX.D.NASDAQ.CASH.IP,M5,19672,19670,19673,19671,19660.6,19658.6,19665.5,19663.5,390
IG,2025-03-21 07:20:00.000,2025-03-21 07:25:00.000,IX.D.NASDAQ.CASH.IP,M5,19665.4,19663.4,19665.5,19663.5,19657.9,19655.9,19662.7,19660.7,297
IG,2025-03-21 07:25:00.000,2025-03-21 07:30:00.000,IX.D.NASDAQ.CASH.IP,M5,19662.6,19660.6,19663.6,19661.6,19651.4,19649.4,19654.7,19652.7,377
IG,2025-03-21 07:30:00.000,2025-03-21 07:35:00.000,IX.D.NASDAQ.CASH.IP,M5,19654.9,19652.9,19660.7,19658.7,19643.7,19641.7,19645.2,19643.2,346
IG,2025-03-21 07:35:00.000,2025-03-21 07:40:00.000,IX.D.NASDAQ.CASH.IP,M5,19645.1,19643.1,19649.5,19647.5,19630.6,19628.6,19630.9,19628.9,716
IG,2025-03-21 07:40:00.000,2025-03-21 07:45:00.000,IX.D.NASDAQ.CASH.IP,M5,19630.7,19628.7,19638.2,19636.2,19619.9,19617.9,19627.9,19625.9,757
IG,2025-03-21 07:45:00.000,2025-03-21 07:50:00.000,IX.D.NASDAQ.CASH.IP,M5,19627.7,19625.7,19633.9,19631.9,19621.7,19619.7,19628.5,19626.5,545
IG,2025-03-21 07:50:00.000,2025-03-21 07:55:00.000,IX.D.NASDAQ.CASH.IP,M5,19628.7,19626.7,19641.7,19639.7,19625.9,19623.9,19638.4,19636.4,484
IG,2025-03-21 07:55:00.000,2025-03-21 08:00:00.000,IX.D.NASDAQ.CASH.IP,M5,19638.5,19636.5,19644.2,19642.2,19636.1,19634.1,19640.6,19638.6,427
IG,2025-03-21 08:00:00.000,2025-03-21 08:05:00.000,IX.D.NASDAQ.CASH.IP,M5,19640.2,19638.2,19664.7,19662.7,19631.4,19629.4,19661.2,19659.2,1624
IG,2025-03-21 08:05:00.000,2025-03-21 08:10:00.000,IX.D.NASDAQ.CASH.IP,M5,19661.4,19659.4,19672.1,19670.1,19655.9,19653.9,19656.1,19654.1,917
IG,2025-03-21 08:10:00.000,2025-03-21 08:15:00.000,IX.D.NASDAQ.CASH.IP,M5,19656.2,19654.2,19660.1,19658.1,19644.2,19642.2,19652.7,19650.7,727
IG,2025-03-21 08:15:00.000,2025-03-21 08:20:00.000,IX.D.NASDAQ.CASH.IP,M5,19652.9,19650.9,19654.4,19652.4,19621.1,19619.1,19621.5,19619.5,973
IG,2025-03-21 08:20:00.000,2025-03-21 08:25:00.000,IX.D.NASDAQ.CASH.IP,M5,19621.6,19619.6,19622.6,19620.6,19582.5,19580.5,19588.2,19586.2,2093
IG,2025-03-21 08:25:00.000,2025-03-21 08:30:00.000,IX.D.NASDAQ.CASH.IP,M5,19588.4,19586.4,19595.7,19593.7,19582.1,19580.1,19589.4,19587.4,1080
IG,2025-03-21 08:30:00.000,2025-03-21 08:35:00.000,IX.D.NASDAQ.CASH.IP,M5,19589.5,19587.5,19596.2,19594.2,19573.2,19571.2,19575.9,19573.9,1030
IG,2025-03-21 08:35:00.000,2025-03-21 08:40:00.000,IX.D.NASDAQ.CASH.IP,M5,19576,19574,19597.1,19595.1,19576,19574,19589.1,19587.1,943
IG,2025-03-21 08:40:00.000,2025-03-21 08:45:00.000,IX.D.NASDAQ.CASH.IP,M5,19588.7,19586.7,19602.9,19600.9,19564.1,19562.1,19575.1,19573.1,1353
IG,2025-03-21 08:42:44.000,2025-03-21 08:55:01.000,IX.D.NASDAQ.CASH.IP,M5,19581.7,19579.7,19594.1,19592.1,19564.1,19562.1,19591,19589,2913
IG,2025-03-21 08:55:01.000,2025-03-21 09:00:01.000,IX.D.NASDAQ.CASH.IP,M5,19592.2,19590.2,19599.9,19597.9,19588.7,19586.7,19596.4,19594.4,698
IG,2025-03-21 09:00:01.000,2025-03-21 09:05:01.000,IX.D.NASDAQ.CASH.IP,M5,19595.9,19593.9,19602.2,19600.2,19566.9,19564.9,19567.1,19565.1,947
IG,2025-03-21 09:05:01.000,2025-03-21 09:10:01.000,IX.D.NASDAQ.CASH.IP,M5,19567,19565,19583.9,19581.9,19562.9,19560.9,19583.9,19581.9,1069
IG,2025-03-21 09:10:01.000,2025-03-21 09:15:01.000,IX.D.NASDAQ.CASH.IP,M5,19583.7,19581.7,19593.2,19591.2,19574.4,19572.4,19591.6,19589.6,571
IG,2025-03-21 09:15:01.000,2025-03-21 09:20:01.000,IX.D.NASDAQ.CASH.IP,M5,19591.5,19589.5,19591.9,19589.9,19574.9,19572.9,19575,19573,522
IG,2025-03-21 09:20:01.000,2025-03-21 09:25:01.000,IX.D.NASDAQ.CASH.IP,M5,19575.2,19573.2,19589.2,19587.2,19569.4,19567.4,19582.6,19580.6,714
IG,2025-03-21 09:25:01.000,2025-03-21 09:30:01.000,IX.D.NASDAQ.CASH.IP,M5,19582.7,19580.7,19598.4,19596.4,19582.2,19580.2,19588.7,19586.7,425
IG,2025-03-21 09:30:01.000,2025-03-21 09:35:01.000,IX.D.NASDAQ.CASH.IP,M5,19588.4,19586.4,19605.7,19603.7,19585.1,19583.1,19601,19599,846
IG,2025-03-21 09:35:01.000,2025-03-21 09:40:01.000,IX.D.NASDAQ.CASH.IP,M5,19600.7,19598.7,19607.7,19605.7,19598.2,19596.2,19604.4,19602.4,736
IG,2025-03-21 09:40:01.000,2025-03-21 09:45:01.000,IX.D.NASDAQ.CASH.IP,M5,19604.2,19602.2,19615.5,19613.5,19604.2,19602.2,19607.9,19605.9,870
IG,2025-03-21 09:45:01.000,2025-03-21 09:50:01.000,IX.D.NASDAQ.CASH.IP,M5,19608,19606,19609.6,19607.6,19595.7,19593.7,19595.7,19593.7,503
IG,2025-03-21 09:50:01.000,2025-03-21 09:55:01.000,IX.D.NASDAQ.CASH.IP,M5,19595.6,19593.6,19601.7,19599.7,19592.2,19590.2,19594,19592,429
IG,2025-03-21 09:55:01.000,2025-03-21 10:00:01.000,IX.D.NASDAQ.CASH.IP,M5,19594.1,19592.1,19601,19599,19588.1,19586.1,19600.9,19598.9,563
IG,2025-03-21 10:00:01.000,2025-03-21 10:05:01.000,IX.D.NASDAQ.CASH.IP,M5,19601.2,19599.2,19623.5,19621.5,19595.6,19593.6,19620.4,19618.4,850
IG,2025-03-21 10:05:01.000,2025-03-21 10:10:01.000,IX.D.NASDAQ.CASH.IP,M5,19620.5,19618.5,19624,19622,19616.4,19614.4,19619,19617,654
IG,2025-03-21 10:10:01.000,2025-03-21 10:15:00.000,IX.D.NASDAQ.CASH.IP,M5,19618.9,19616.9,19637.7,19635.7,19613.5,19611.5,19636,19634,768
IG,2025-03-21 10:15:00.000,2025-03-21 10:20:01.000,IX.D.NASDAQ.CASH.IP,M5,19635.7,19633.7,19644.5,19642.5,19624.6,19622.6,19625.7,19623.7,699
IG,2025-03-21 10:20:01.000,2025-03-21 10:25:01.000,IX.D.NASDAQ.CASH.IP,M5,19625.6,19623.6,19625.6,19623.6,19611,19609,19615.9,19613.9,526
IG,2025-03-21 10:25:01.000,2025-03-21 10:30:01.000,IX.D.NASDAQ.CASH.IP,M5,19616,19614,19618.1,19616.1,19610.9,19608.9,19616.2,19614.2,376
IG,2025-03-21 10:30:01.000,2025-03-21 10:35:01.000,IX.D.NASDAQ.CASH.IP,M5,19615.4,19613.4,19619.4,19617.4,19582.5,19580.5,19587.1,19585.1,1273
IG,2025-03-21 10:35:01.000,2025-03-21 10:40:01.000,IX.D.NASDAQ.CASH.IP,M5,19587.2,19585.2,19588.2,19586.2,19570.2,19568.2,19577.6,19575.6,990
IG,2025-03-21 10:40:01.000,2025-03-21 10:45:01.000,IX.D.NASDAQ.CASH.IP,M5,19577.5,19575.5,19593.6,19591.6,19575.5,19573.5,19585.4,19583.4,712
IG,2025-03-21 10:45:01.000,2025-03-21 10:50:01.000,IX.D.NASDAQ.CASH.IP,M5,19585.5,19583.5,19600,19598,19582.5,19580.5,19595.5,19593.5,772
IG,2025-03-21 10:50:01.000,2025-03-21 10:55:01.000,IX.D.NASDAQ.CASH.IP,M5,19595.6,19593.6,19609.4,19607.4,19593.4,19591.4,19606.6,19604.6,723
IG,2025-03-21 10:55:01.000,2025-03-21 11:00:01.000,IX.D.NASDAQ.CASH.IP,M5,19607,19605,19607.4,19605.4,19592.4,19590.4,19602.2,19600.2,608
IG,2025-03-21 11:00:01.000,2025-03-21 11:05:01.000,IX.D.NASDAQ.CASH.IP,M5,19602.4,19600.4,19610.1,19608.1,19596.7,19594.7,19600.6,19598.6,688
IG,2025-03-21 11:05:01.000,2025-03-21 11:10:01.000,IX.D.NASDAQ.CASH.IP,M5,19600.7,19598.7,19608.5,19606.5,19590.5,19588.5,19600.4,19598.4,532
IG,2025-03-21 11:10:01.000,2025-03-21 11:15:01.000,IX.D.NASDAQ.CASH.IP,M5,19600.2,19598.2,19607.7,19605.7,19588.5,19586.5,19606.5,19604.5,756
IG,2025-03-21 11:15:01.000,2025-03-21 11:20:01.000,IX.D.NASDAQ.CASH.IP,M5,19606.6,19604.6,19613.7,19611.7,19601.5,19599.5,19608.4,19606.4,532
IG,2025-03-21 11:20:01.000,2025-03-21 11:25:00.000,IX.D.NASDAQ.CASH.IP,M5,19608.5,19606.5,19611.2,19609.2,19600.5,19598.5,19600.5,19598.5,348
IG,2025-03-21 11:25:00.000,2025-03-21 11:30:01.000,IX.D.NASDAQ.CASH.IP,M5,19600.6,19598.6,19620.4,19618.4,19597.6,19595.6,19616.9,19614.9,502
IG,2025-03-21 11:30:01.000,2025-03-21 11:35:01.000,IX.D.NASDAQ.CASH.IP,M5,19616.7,19614.7,19622.2,19620.2,19610.2,19608.2,19616,19614,601
IG,2025-03-21 11:35:01.000,2025-03-21 11:40:01.000,IX.D.NASDAQ.CASH.IP,M5,19615.9,19613.9,19623.1,19621.1,19608.7,19606.7,19615,19613,498
IG,2025-03-21 11:40:01.000,2025-03-21 11:45:01.000,IX.D.NASDAQ.CASH.IP,M5,19614.7,19612.7,19624,19622,19610,19608,19611.6,19609.6,453
IG,2025-03-21 11:45:01.000,2025-03-21 11:50:01.000,IX.D.NASDAQ.CASH.IP,M5,19611.9,19609.9,19620.1,19618.1,19607,19605,19609.5,19607.5,476
IG,2025-03-21 11:50:01.000,2025-03-21 11:55:01.000,IX.D.NASDAQ.CASH.IP,M5,19609.1,19607.1,19613.2,19611.2,19586,19584,19588.4,19586.4,775
IG,2025-03-21 11:55:01.000,2025-03-21 12:00:01.000,IX.D.NASDAQ.CASH.IP,M5,19588.2,19586.2,19599.7,19597.7,19588.1,19586.1,19592.9,19590.9,711
IG,2025-03-21 12:00:01.000,2025-03-21 12:05:01.000,IX.D.NASDAQ.CASH.IP,M5,19593,19591,19619.4,19617.4,19592.9,19590.9,19614.1,19612.1,895
IG,2025-03-21 12:05:01.000,2025-03-21 12:10:01.000,IX.D.NASDAQ.CASH.IP,M5,19613.7,19611.7,19618.6,19616.6,19608.4,19606.4,19612.1,19610.1,521
IG,2025-03-21 12:10:01.000,2025-03-21 12:15:01.000,IX.D.NASDAQ.CASH.IP,M5,19612,19610,19629.4,19627.4,19610.6,19608.6,19624.9,19622.9,695
IG,2025-03-21 12:15:01.000,2025-03-21 12:20:01.000,IX.D.NASDAQ.CASH.IP,M5,19624.7,19622.7,19624.7,19622.7,19605,19603,19616.1,19614.1,835
IG,2025-03-21 12:20:01.000,2025-03-21 12:25:01.000,IX.D.NASDAQ.CASH.IP,M5,19616.5,19614.5,19617.4,19615.4,19597.7,19595.7,19601.5,19599.5,764
IG,2025-03-21 12:25:01.000,2025-03-21 12:30:01.000,IX.D.NASDAQ.CASH.IP,M5,19601.6,19599.6,19602.2,19600.2,19588.7,19586.7,19592,19590,762
IG,2025-03-21 12:30:01.000,2025-03-21 12:35:01.000,IX.D.NASDAQ.CASH.IP,M5,19592.2,19590.2,19597,19595,19571.4,19569.4,19574.4,19572.4,1351
IG,2025-03-21 12:35:01.000,2025-03-21 12:40:01.000,IX.D.NASDAQ.CASH.IP,M5,19574,19572,19580.2,19578.2,19537.6,19535.6,19544,19542,3240
IG,2025-03-21 12:40:01.000,2025-03-21 12:45:01.000,IX.D.NASDAQ.CASH.IP,M5,19543.9,19541.9,19544.6,19542.6,19486.2,19484.2,19493.7,19491.7,5267
IG,2025-03-21 12:45:01.000,2025-03-21 12:50:01.000,IX.D.NASDAQ.CASH.IP,M5,19493.6,19491.6,19519.4,19517.4,19491.1,19489.1,19506.9,19504.9,2622
IG,2025-03-21 12:50:01.000,2025-03-21 12:55:01.000,IX.D.NASDAQ.CASH.IP,M5,19507.1,19505.1,19512.9,19510.9,19485,19483,19498.5,19496.5,2407
IG,2025-03-21 12:55:01.000,2025-03-21 13:00:01.000,IX.D.NASDAQ.CASH.IP,M5,19498.4,19496.4,19507.4,19505.4,19472.9,19470.9,19473.7,19471.7,2640
IG,2025-03-21 13:00:01.000,2025-03-21 13:05:01.000,IX.D.NASDAQ.CASH.IP,M5,19473.4,19471.4,19481.2,19479.2,19456,19454,19466.6,19464.6,3710
IG,2025-03-21 13:05:01.000,2025-03-21 13:10:01.000,IX.D.NASDAQ.CASH.IP,M5,19465.9,19463.9,19479.4,19477.4,19451.7,19449.7,19462.6,19460.6,2902
IG,2025-03-21 13:10:01.000,2025-03-21 13:15:01.000,IX.D.NASDAQ.CASH.IP,M5,19462.5,19460.5,19468.9,19466.9,19448,19446,19450,19448,2576
IG,2025-03-21 13:15:01.000,2025-03-21 13:20:01.000,IX.D.NASDAQ.CASH.IP,M5,19450.2,19448.2,19472.6,19470.6,19450.2,19448.2,19467.5,19465.5,2746
IG,2025-03-21 13:20:01.000,2025-03-21 13:25:01.000,IX.D.NASDAQ.CASH.IP,M5,19467.1,19465.1,19473.1,19471.1,19404.1,19402.1,19410.4,19408.4,5995
IG,2025-03-21 13:25:01.000,2025-03-21 13:30:01.000,IX.D.NASDAQ.CASH.IP,M5,19410,19408,19463.4,19461.4,19407.2,19405.2,19455.5,19454.5,11416
IG,2025-03-21 13:30:01.000,2025-03-21 13:35:01.000,IX.D.NASDAQ.CASH.IP,M5,19455.1,19454.1,19510.2,19509.2,19422.6,19421.6,19452.4,19451.4,17561
IG,2025-03-21 13:35:01.000,2025-03-21 13:40:01.000,IX.D.NASDAQ.CASH.IP,M5,19451.9,19450.9,19457.7,19456.7,19406.9,19405.9,19434,19433,10054
IG,2025-03-21 13:40:01.000,2025-03-21 13:45:01.000,IX.D.NASDAQ.CASH.IP,M5,19434.5,19433.5,19501.4,19500.4,19425.9,19424.9,19484.6,19483.6,9940
IG,2025-03-21 13:45:01.000,2025-03-21 13:50:01.000,IX.D.NASDAQ.CASH.IP,M5,19484.9,19483.9,19516.7,19515.7,19462.4,19461.4,19505.9,19504.9,8662
IG,2025-03-21 13:50:01.000,2025-03-21 13:55:01.000,IX.D.NASDAQ.CASH.IP,M5,19505.6,19504.6,19538.6,19537.6,19476.4,19475.4,19522.9,19521.9,10971
IG,2025-03-21 13:55:01.000,2025-03-21 14:00:01.000,IX.D.NASDAQ.CASH.IP,M5,19522,19521,19550.7,19549.7,19505.4,19504.4,19516.7,19515.7,8542
IG,2025-03-21 14:00:01.000,2025-03-21 14:05:01.000,IX.D.NASDAQ.CASH.IP,M5,19515.9,19514.9,19528.2,19527.2,19487.2,19486.2,19527.2,19526.2,8144
IG,2025-03-21 14:05:01.000,2025-03-21 14:10:01.000,IX.D.NASDAQ.CASH.IP,M5,19527.4,19526.4,19536.5,19535.5,19476.9,19475.9,19483.9,19482.9,7175
IG,2025-03-21 14:10:01.000,2025-03-21 14:15:01.000,IX.D.NASDAQ.CASH.IP,M5,19483.4,19482.4,19521.2,19520.2,19462.5,19461.5,19516,19515,9109
IG,2025-03-21 14:15:01.000,2025-03-21 14:20:01.000,IX.D.NASDAQ.CASH.IP,M5,19515.9,19514.9,19534.4,19533.4,19495.7,19494.7,19520.2,19519.2,6692
IG,2025-03-21 14:20:01.000,2025-03-21 14:25:01.000,IX.D.NASDAQ.CASH.IP,M5,19520.1,19519.1,19570.4,19569.4,19504.7,19503.7,19559.5,19558.5,7715
IG,2025-03-21 14:25:01.000,2025-03-21 14:30:01.000,IX.D.NASDAQ.CASH.IP,M5,19559.4,19558.4,19571.5,19570.5,19535.5,19534.5,19535.7,19534.7,6945
IG,2025-03-21 14:30:01.000,2025-03-21 14:35:01.000,IX.D.NASDAQ.CASH.IP,M5,19536.5,19535.5,19557.4,19556.4,19523.7,19522.7,19543.5,19542.5,5983
IG,2025-03-21 14:35:01.000,2025-03-21 14:40:01.000,IX.D.NASDAQ.CASH.IP,M5,19540.7,19539.7,19559.2,19558.2,19509.7,19508.7,19513.5,19512.5,5061
IG,2025-03-21 14:40:01.000,2025-03-21 14:45:01.000,IX.D.NASDAQ.CASH.IP,M5,19512.9,19511.9,19544.7,19543.7,19494.4,19493.4,19538.5,19537.5,6671
IG,2025-03-21 14:45:01.000,2025-03-21 14:50:01.000,IX.D.NASDAQ.CASH.IP,M5,19539,19538,19557.4,19556.4,19523,19522,19543.2,19542.2,5196
IG,2025-03-21 14:50:01.000,2025-03-21 14:55:01.000,IX.D.NASDAQ.CASH.IP,M5,19543.1,19542.1,19552.4,19551.4,19517.6,19516.6,19542.3,19541.3,4320
IG,2025-03-21 14:55:01.000,2025-03-21 15:00:01.000,IX.D.NASDAQ.CASH.IP,M5,19542.6,19541.6,19598.3,19597.3,19536.7,19535.7,19596.4,19595.4,7702
IG,2025-03-21 15:00:01.000,2025-03-21 15:05:01.000,IX.D.NASDAQ.CASH.IP,M5,19596.8,19595.8,19611.2,19610.2,19582.6,19581.6,19583.1,19582.1,7324
IG,2025-03-21 15:05:01.000,2025-03-21 15:10:01.000,IX.D.NASDAQ.CASH.IP,M5,19583.2,19582.2,19598.8,19597.8,19574.6,19573.6,19588.2,19587.2,4313
IG,2025-03-21 15:10:01.000,2025-03-21 15:15:01.000,IX.D.NASDAQ.CASH.IP,M5,19587.2,19586.2,19594.4,19593.4,19548.4,19547.4,19551.3,19550.3,4829
IG,2025-03-21 15:15:01.000,2025-03-21 15:20:01.000,IX.D.NASDAQ.CASH.IP,M5,19551.2,19550.2,19555.2,19554.2,19525.2,19524.2,19525.6,19524.6,6299
IG,2025-03-21 15:20:01.000,2025-03-21 15:25:01.000,IX.D.NASDAQ.CASH.IP,M5,19525.4,19524.4,19538.7,19537.7,19512.2,19511.2,19521.4,19520.4,5815
IG,2025-03-21 15:25:01.000,2025-03-21 15:30:01.000,IX.D.NASDAQ.CASH.IP,M5,19521.6,19520.6,19527.3,19526.3,19508.9,19507.9,19513.8,19512.8,4193
IG,2025-03-21 15:30:01.000,2025-03-21 15:35:01.000,IX.D.NASDAQ.CASH.IP,M5,19514.1,19513.1,19548.6,19547.6,19509.7,19508.7,19526.6,19525.6,5895
IG,2025-03-21 15:35:01.000,2025-03-21 15:40:01.000,IX.D.NASDAQ.CASH.IP,M5,19526.4,19525.4,19537.4,19536.4,19518.2,19517.2,19520.4,19519.4,3550
IG,2025-03-21 15:40:01.000,2025-03-21 15:45:01.000,IX.D.NASDAQ.CASH.IP,M5,19520.6,19519.6,19528.2,19527.2,19479.7,19478.7,19484.3,19483.3,6643
IG,2025-03-21 15:45:01.000,2025-03-21 15:50:01.000,IX.D.NASDAQ.CASH.IP,M5,19484.8,19483.8,19520.9,19519.9,19484.4,19483.4,19509.6,19508.6,5580
IG,2025-03-21 15:50:01.000,2025-03-21 15:55:01.000,IX.D.NASDAQ.CASH.IP,M5,19509.3,19508.3,19530.9,19529.9,19486.7,19485.7,19516.2,19515.2,8230
IG,2025-03-21 15:55:01.000,2025-03-21 16:00:01.000,IX.D.NASDAQ.CASH.IP,M5,19516.1,19515.1,19538.1,19537.1,19507.6,19506.6,19510.1,19509.1,6629
IG,2025-03-21 16:00:01.000,2025-03-21 16:05:01.000,IX.D.NASDAQ.CASH.IP,M5,19510.6,19509.6,19535.4,19534.4,19480.8,19479.8,19527.6,19526.6,7649
IG,2025-03-21 16:05:01.000,2025-03-21 16:10:01.000,IX.D.NASDAQ.CASH.IP,M5,19527.4,19526.4,19561.2,19560.2,19523.7,19522.7,19560.6,19559.6,5069
IG,2025-03-21 16:10:01.000,2025-03-21 16:15:01.000,IX.D.NASDAQ.CASH.IP,M5,19559.7,19558.7,19606.9,19605.9,19558.8,19557.8,19604.2,19603.2,7105
IG,2025-03-21 16:15:01.000,2025-03-21 16:20:01.000,IX.D.NASDAQ.CASH.IP,M5,19604.1,19603.1,19646.6,19645.6,19591.9,19590.9,19636.1,19635.1,8592
IG,2025-03-21 16:20:01.000,2025-03-21 16:25:01.000,IX.D.NASDAQ.CASH.IP,M5,19635.7,19634.7,19666.1,19665.1,19633.4,19632.4,19665.1,19664.1,7164
IG,2025-03-21 16:25:01.000,2025-03-21 16:30:01.000,IX.D.NASDAQ.CASH.IP,M5,19665.8,19664.8,19667.8,19666.8,19642.7,19641.7,19646.8,19645.8,5677
IG,2025-03-21 16:30:01.000,2025-03-21 16:35:01.000,IX.D.NASDAQ.CASH.IP,M5,19646.7,19645.7,19672.6,19671.6,19641.8,19640.8,19657.7,19656.7,5811
IG,2025-03-21 16:35:01.000,2025-03-21 16:40:01.000,IX.D.NASDAQ.CASH.IP,M5,19657.8,19656.8,19660.6,19659.6,19628.1,19627.1,19641.6,19640.6,5528
IG,2025-03-21 16:40:01.000,2025-03-21 16:45:01.000,IX.D.NASDAQ.CASH.IP,M5,19641.7,19640.7,19654.3,19653.3,19620.7,19619.7,19627.9,19626.9,4039
IG,2025-03-21 16:45:01.000,2025-03-21 16:50:01.000,IX.D.NASDAQ.CASH.IP,M5,19627.8,19626.8,19667.4,19666.4,19627.8,19626.8,19654.6,19653.6,5209
IG,2025-03-21 16:50:01.000,2025-03-21 16:55:00.000,IX.D.NASDAQ.CASH.IP,M5,19654.4,19653.4,19670.9,19669.9,19647.1,19646.1,19657.9,19656.9,3982
IG,2025-03-21 16:55:00.000,2025-03-21 17:00:01.000,IX.D.NASDAQ.CASH.IP,M5,19657.4,19656.4,19695.8,19694.8,19651.7,19650.7,19692.1,19691.1,6431
IG,2025-03-21 17:00:01.000,2025-03-21 17:05:01.000,IX.D.NASDAQ.CASH.IP,M5,19691.8,19690.8,19693.8,19692.8,19652.9,19651.9,19665.2,19664.2,5697
IG,2025-03-21 17:05:01.000,2025-03-21 17:10:01.000,IX.D.NASDAQ.CASH.IP,M5,19665.1,19664.1,19678.3,19677.3,19661.9,19660.9,19671.9,19670.9,3354
IG,2025-03-21 17:10:01.000,2025-03-21 17:15:01.000,IX.D.NASDAQ.CASH.IP,M5,19672.2,19671.2,19680.9,19679.9,19643.6,19642.6,19645.8,19644.8,4903
IG,2025-03-21 17:15:01.000,2025-03-21 17:20:01.000,IX.D.NASDAQ.CASH.IP,M5,19646.6,19645.6,19653.9,19652.9,19624.9,19623.9,19626.3,19625.3,4052
IG,2025-03-21 17:20:01.000,2025-03-21 17:25:01.000,IX.D.NASDAQ.CASH.IP,M5,19626.4,19625.4,19654.1,19653.1,19621.6,19620.6,19650.2,19649.2,4373
IG,2025-03-21 17:25:01.000,2025-03-21 17:30:01.000,IX.D.NASDAQ.CASH.IP,M5,19650.1,19649.1,19651.2,19650.2,19610.1,19609.1,19623.7,19622.7,3724
IG,2025-03-21 17:30:01.000,2025-03-21 17:35:01.000,IX.D.NASDAQ.CASH.IP,M5,19623.9,19622.9,19631.8,19630.8,19601.7,19600.7,19629.9,19628.9,4172
IG,2025-03-21 17:35:01.000,2025-03-21 17:40:01.000,IX.D.NASDAQ.CASH.IP,M5,19630.3,19629.3,19656.8,19655.8,19624.1,19623.1,19652.1,19651.1,3131
IG,2025-03-21 17:40:01.000,2025-03-21 17:45:01.000,IX.D.NASDAQ.CASH.IP,M5,19651.9,19650.9,19678.2,19677.2,19649.3,19648.3,19664.6,19663.6,3972
IG,2025-03-21 17:45:01.000,2025-03-21 17:50:01.000,IX.D.NASDAQ.CASH.IP,M5,19664.7,19663.7,19689.2,19688.2,19664.3,19663.3,19687.4,19686.4,3069
IG,2025-03-21 17:50:01.000,2025-03-21 17:55:01.000,IX.D.NASDAQ.CASH.IP,M5,19687.9,19686.9,19699.8,19698.8,19673.9,19672.9,19686.6,19685.6,4660
IG,2025-03-21 17:55:01.000,2025-03-21 18:00:01.000,IX.D.NASDAQ.CASH.IP,M5,19686.1,19685.1,19686.8,19685.8,19653.9,19652.9,19657.3,19656.3,3735
IG,2025-03-21 18:00:01.000,2025-03-21 18:05:01.000,IX.D.NASDAQ.CASH.IP,M5,19657.6,19656.6,19678.3,19677.3,19654.6,19653.6,19672.9,19671.9,3061
IG,2025-03-21 18:05:00.000,2025-03-21 18:10:00.000,IX.D.NASDAQ.CASH.IP,M5,19673.4,19672.4,19673.8,19672.8,19647.8,19646.8,19662.8,19661.8,3907
IG,2025-03-21 18:10:00.000,2025-03-21 18:15:00.000,IX.D.NASDAQ.CASH.IP,M5,19662.9,19661.9,19669.3,19668.3,19643.9,19642.9,19659.4,19658.4,4025
IG,2025-03-21 18:15:00.000,2025-03-21 18:20:00.000,IX.D.NASDAQ.CASH.IP,M5,19659.6,19658.6,19670.3,19669.3,19648.6,19647.6,19667.9,19666.9,2635
IG,2025-03-21 18:20:00.000,2025-03-21 18:25:00.000,IX.D.NASDAQ.CASH.IP,M5,19667.6,19666.6,19671.6,19670.6,19639.9,19638.9,19648.1,19647.1,3379
IG,2025-03-21 18:25:00.000,2025-03-21 18:30:00.000,IX.D.NASDAQ.CASH.IP,M5,19647.9,19646.9,19653.3,19652.3,19632.1,19631.1,19641.3,19640.3,2794
IG,2025-03-21 18:30:00.000,2025-03-21 18:35:00.000,IX.D.NASDAQ.CASH.IP,M5,19641.2,19640.2,19664.2,19663.2,19639.6,19638.6,19655.1,19654.1,2878
IG,2025-03-21 18:35:00.000,2025-03-21 18:40:00.000,IX.D.NASDAQ.CASH.IP,M5,19655.2,19654.2,19677.2,19676.2,19648.3,19647.3,19669.3,19668.3,3319
IG,2025-03-21 18:40:00.000,2025-03-21 18:45:00.000,IX.D.NASDAQ.CASH.IP,M5,19668.8,19667.8,19687.9,19686.9,19667.2,19666.2,19683.8,19682.8,3160
IG,2025-03-21 18:45:00.000,2025-03-21 18:50:00.000,IX.D.NASDAQ.CASH.IP,M5,19683.9,19682.9,19687.9,19686.9,19650.2,19649.2,19664.8,19663.8,3603
IG,2025-03-21 18:50:00.000,2025-03-21 18:55:00.000,IX.D.NASDAQ.CASH.IP,M5,19664.7,19663.7,19671.3,19670.3,19646.8,19645.8,19657.1,19656.1,2982
IG,2025-03-21 18:55:00.000,2025-03-21 19:00:00.000,IX.D.NASDAQ.CASH.IP,M5,19657.2,19656.2,19676.9,19675.9,19657.2,19656.2,19659.9,19658.9,3098
IG,2025-03-21 19:00:00.000,2025-03-21 19:05:00.000,IX.D.NASDAQ.CASH.IP,M5,19659.8,19658.8,19662.6,19661.6,19633.6,19632.6,19641.3,19640.3,3582
IG,2025-03-21 19:05:00.000,2025-03-21 19:10:00.000,IX.D.NASDAQ.CASH.IP,M5,19640.9,19639.9,19649.8,19648.8,19623.4,19622.4,19627.3,19626.3,3335
IG,2025-03-21 19:10:00.000,2025-03-21 19:15:00.000,IX.D.NASDAQ.CASH.IP,M5,19627.2,19626.2,19637.4,19636.4,19612.7,19611.7,19634.8,19633.8,4418
IG,2025-03-21 19:15:00.000,2025-03-21 19:20:00.000,IX.D.NASDAQ.CASH.IP,M5,19634.1,19633.1,19644.4,19643.4,19622.7,19621.7,19638.3,19637.3,3657
IG,2025-03-21 19:20:00.000,2025-03-21 19:25:00.000,IX.D.NASDAQ.CASH.IP,M5,19638.6,19637.6,19651.1,19650.1,19617.3,19616.3,19645.6,19644.6,4612
IG,2025-03-21 19:25:00.000,2025-03-21 19:30:00.000,IX.D.NASDAQ.CASH.IP,M5,19645.7,19644.7,19646.1,19645.1,19627.4,19626.4,19641.1,19640.1,4163
IG,2025-03-21 19:30:00.000,2025-03-21 19:35:00.000,IX.D.NASDAQ.CASH.IP,M5,19640.8,19639.8,19648.8,19647.8,19634.3,19633.3,19640.2,19639.2,3068
IG,2025-03-21 19:35:00.000,2025-03-21 19:40:00.000,IX.D.NASDAQ.CASH.IP,M5,19640.1,19639.1,19658.9,19657.9,19632.1,19631.1,19646.4,19645.4,4774
IG,2025-03-21 19:40:00.000,2025-03-21 19:45:00.000,IX.D.NASDAQ.CASH.IP,M5,19646.3,19645.3,19653.8,19652.8,19629.9,19628.9,19649.4,19648.4,4166
IG,2025-03-21 19:45:00.000,2025-03-21 19:50:00.000,IX.D.NASDAQ.CASH.IP,M5,19649.6,19648.6,19662.3,19661.3,19643.9,19642.9,19651.1,19650.1,4351
IG,2025-03-21 19:50:00.000,2025-03-21 19:55:00.000,IX.D.NASDAQ.CASH.IP,M5,19650.4,19649.4,19715.2,19714.2,19650.4,19649.4,19710.8,19709.8,10176
IG,2025-03-21 19:55:00.000,2025-03-21 20:00:00.000,IX.D.NASDAQ.CASH.IP,M5,19708.9,19707.9,19772.9,19771.9,19708.9,19707.9,19750.2,19749.2,20119
IG,2025-03-21 20:00:00.000,2025-03-21 20:05:00.000,IX.D.NASDAQ.CASH.IP,M5,19749.6,19748.6,19771.7,19769.7,19738.4,19736.4,19750.7,19748.7,9899
IG,2025-03-21 20:05:00.000,2025-03-21 20:10:00.000,IX.D.NASDAQ.CASH.IP,M5,19750.8,19748.8,19753.2,19751.2,19736.2,19734.2,19743.6,19741.6,3350
IG,2025-03-21 20:10:00.000,2025-03-21 20:15:00.000,IX.D.NASDAQ.CASH.IP,M5,19743.4,19741.4,19762.4,19760.4,19742.2,19740.2,19756.2,19754.2,1687
IG,2025-03-21 20:15:00.000,2025-03-21 20:20:00.000,IX.D.NASDAQ.CASH.IP,M5,19756.4,19754.4,19760.2,19758.2,19749.4,19747.4,19757.9,19755.9,819
IG,2025-03-21 20:20:00.000,2025-03-21 20:25:00.000,IX.D.NASDAQ.CASH.IP,M5,19757.6,19755.6,19758.3,19756.3,19748.1,19746.1,19749.1,19747.1,564
IG,2025-03-21 20:25:00.000,2025-03-21 20:30:00.000,IX.D.NASDAQ.CASH.IP,M5,19748.8,19746.8,19758.3,19756.3,19747.8,19745.8,19757.6,19755.6,696
IG,2025-03-21 20:30:00.000,2025-03-21 20:35:00.000,IX.D.NASDAQ.CASH.IP,M5,19757.2,19755.2,19769.7,19767.7,19756.7,19754.7,19768.8,19766.8,1001
IG,2025-03-21 20:35:00.000,2025-03-21 20:40:00.000,IX.D.NASDAQ.CASH.IP,M5,19768.9,19766.9,19777.6,19775.6,19768.7,19766.7,19773.8,19771.8,1394
IG,2025-03-21 20:40:00.000,2025-03-21 20:45:00.000,IX.D.NASDAQ.CASH.IP,M5,19773.9,19771.9,19775.8,19773.8,19763.6,19761.6,19763.9,19761.9,502
IG,2025-03-21 20:45:00.000,2025-03-21 20:50:00.000,IX.D.NASDAQ.CASH.IP,M5,19763.7,19761.7,19765.8,19763.8,19758.1,19756.1,19765.4,19763.4,640
IG,2025-03-21 20:50:00.000,2025-03-21 20:55:00.000,IX.D.NASDAQ.CASH.IP,M5,19765.6,19763.6,19765.7,19763.7,19757.1,19755.1,19764.2,19762.2,452
IG,2025-03-21 20:55:00.000,2025-03-21 21:00:00.000,IX.D.NASDAQ.CASH.IP,M5,19764.1,19762.1,19772.1,19770.1,19763.1,19761.1,19770.6,19765.6,1036
IG,2025-03-21 21:00:00.000,2025-03-21 21:05:00.000,IX.D.NASDAQ.CASH.IP,M5,19770.8,19765.8,19770.8,19765.8,19770.8,19765.8,19770.8,19765.8,0
IG,2025-03-23 22:00:00.000,2025-03-23 22:05:00.000,IX.D.NASDAQ.CASH.IP,M5,19863.2,19861.2,19902.3,19900.3,19857.1,19855.1,19878.6,19876.6,2697
IG,2025-03-23 22:05:00.000,2025-03-23 22:10:00.000,IX.D.NASDAQ.CASH.IP,M5,19878.7,19876.7,19889.8,19887.8,19875.2,19873.2,19880.6,19878.6,1682
IG,2025-03-23 22:10:00.000,2025-03-23 22:15:00.000,IX.D.NASDAQ.CASH.IP,M5,19879.4,19877.4,19885.9,19883.9,19874.1,19872.1,19877.4,19875.4,1247
IG,2025-03-23 22:14:40.000,2025-03-23 23:05:00.000,IX.D.NASDAQ.CASH.IP,M5,19877.7,19875.7,19878.9,19876.9,19858.2,19856.2,19858.9,19856.9,2319
IG,2025-03-23 23:05:00.000,2025-03-23 23:10:00.000,IX.D.NASDAQ.CASH.IP,M5,19859,19857,19869.7,19867.7,19857.9,19855.9,19860.9,19858.9,358
IG,2025-03-23 23:10:00.000,2025-03-23 23:14:59.000,IX.D.NASDAQ.CASH.IP,M5,19860.8,19858.8,19867.4,19865.4,19859.2,19857.2,19864.8,19862.8,229
IG,2025-03-23 23:14:59.000,2025-03-23 23:20:00.000,IX.D.NASDAQ.CASH.IP,M5,19864.7,19862.7,19867.7,19865.7,19863.3,19861.3,19867,19865,193
IG,2025-03-23 23:20:02.000,2025-03-23 23:25:00.000,IX.D.NASDAQ.CASH.IP,M5,19866.9,19864.9,19867.4,19865.4,19861.2,19859.2,19863.2,19861.2,197
IG,2025-03-23 23:25:00.000,2025-03-23 23:30:00.000,IX.D.NASDAQ.CASH.IP,M5,19862.9,19860.9,19871.5,19869.5,19860.8,19858.8,19867.8,19865.8,407
IG,2025-03-23 23:30:00.000,2025-03-23 23:35:00.000,IX.D.NASDAQ.CASH.IP,M5,19867.7,19865.7,19884.5,19882.5,19865.7,19863.7,19882.5,19880.5,1544
IG,2025-03-23 23:35:00.000,2025-03-23 23:40:00.000,IX.D.NASDAQ.CASH.IP,M5,19882.7,19880.7,19884.4,19882.4,19878.3,19876.3,19883.8,19881.8,2119
IG,2025-03-23 23:40:00.000,2025-03-23 23:45:00.000,IX.D.NASDAQ.CASH.IP,M5,19884.2,19882.2,19884.5,19882.5,19881.2,19879.2,19883.8,19881.8,431
IG,2025-03-23 23:45:00.000,2025-03-23 23:50:00.000,IX.D.NASDAQ.CASH.IP,M5,19883.7,19881.7,19889.9,19887.9,19881,19879,19885.5,19883.5,438
IG,2025-03-23 23:50:00.000,2025-03-23 23:54:59.000,IX.D.NASDAQ.CASH.IP,M5,19885.3,19883.3,19889.4,19887.4,19882.2,19880.2,19888.9,19886.9,275
IG,2025-03-23 23:55:00.000,2025-03-23 23:59:59.000,IX.D.NASDAQ.CASH.IP,M5,19888.8,19886.8,19915.5,19913.5,19887.2,19885.2,19909.2,19907.2,1147
IG,2025-03-23 23:59:59.000,2025-03-24 00:05:00.000,IX.D.NASDAQ.CASH.IP,M5,19909.3,19907.3,19925.7,19923.7,19903.7,19901.7,19923.7,19921.7,1617
IG,2025-03-24 00:05:00.000,2025-03-24 00:10:00.000,IX.D.NASDAQ.CASH.IP,M5,19923.8,19921.8,19932.5,19930.5,19923.7,19921.7,19929,19927,1000
IG,2025-03-24 00:10:00.000,2025-03-24 00:15:00.000,IX.D.NASDAQ.CASH.IP,M5,19928.9,19926.9,19933.7,19931.7,19918.7,19916.7,19918.9,19916.9,988
IG,2025-03-24 00:15:00.000,2025-03-24 00:20:00.000,IX.D.NASDAQ.CASH.IP,M5,19918.9,19916.9,19924.4,19922.4,19916,19914,19919.9,19917.9,591
IG,2025-03-24 00:20:00.000,2025-03-24 00:25:00.000,IX.D.NASDAQ.CASH.IP,M5,19919.8,19917.8,19920.3,19918.3,19911.3,19909.3,19915.9,19913.9,1959
IG,2025-03-24 00:25:00.000,2025-03-24 00:29:59.000,IX.D.NASDAQ.CASH.IP,M5,19916,19914,19937.9,19935.9,19915.8,19913.8,19937.2,19935.2,996
IG,2025-03-24 00:30:00.000,2025-03-24 00:35:00.000,IX.D.NASDAQ.CASH.IP,M5,19937.4,19935.4,19939.8,19937.8,19920,19918,19922.5,19920.5,932
IG,2025-03-24 00:35:01.000,2025-03-24 00:40:00.000,IX.D.NASDAQ.CASH.IP,M5,19922.4,19920.4,19924,19922,19911,19909,19912.8,19910.8,2432
IG,2025-03-24 00:40:00.000,2025-03-24 00:44:58.000,IX.D.NASDAQ.CASH.IP,M5,19912.9,19910.9,19915.8,19913.8,19907.2,19905.2,19915,19913,619
IG,2025-03-24 00:44:59.000,2025-03-24 00:50:00.000,IX.D.NASDAQ.CASH.IP,M5,19915.2,19913.2,19925.5,19923.5,19915,19913,19923.8,19921.8,813
IG,2025-03-24 00:50:00.000,2025-03-24 00:55:00.000,IX.D.NASDAQ.CASH.IP,M5,19923.9,19921.9,19927.5,19925.5,19922.5,19920.5,19924.8,19922.8,488
IG,2025-03-24 00:55:00.000,2025-03-24 01:00:00.000,IX.D.NASDAQ.CASH.IP,M5,19924.9,19922.9,19926,19924,19920.4,19918.4,19924,19922,390
IG,2025-03-24 01:00:00.000,2025-03-24 01:05:00.000,IX.D.NASDAQ.CASH.IP,M5,19924.2,19922.2,19925.5,19923.5,19915,19913,19918.2,19916.2,463
IG,2025-03-24 01:05:01.000,2025-03-24 01:10:00.000,IX.D.NASDAQ.CASH.IP,M5,19918,19916,19918.2,19916.2,19908.8,19906.8,19916.7,19914.7,433
IG,2025-03-24 01:10:00.000,2025-03-24 01:15:00.000,IX.D.NASDAQ.CASH.IP,M5,19916.8,19914.8,19920.4,19918.4,19913.7,19911.7,19919.7,19917.7,272
IG,2025-03-24 01:15:00.000,2025-03-24 01:20:00.000,IX.D.NASDAQ.CASH.IP,M5,19919.8,19917.8,19921.2,19919.2,19915.8,19913.8,19918.8,19916.8,623
IG,2025-03-24 01:20:00.000,2025-03-24 01:25:00.000,IX.D.NASDAQ.CASH.IP,M5,19919,19917,19927.9,19925.9,19916.3,19914.3,19925.5,19923.5,1339
IG,2025-03-24 01:25:00.000,2025-03-24 01:30:00.000,IX.D.NASDAQ.CASH.IP,M5,19925.2,19923.2,19926.8,19924.8,19909.3,19907.3,19911.9,19909.9,2611
IG,2025-03-24 01:30:00.000,2025-03-24 01:35:00.000,IX.D.NASDAQ.CASH.IP,M5,19911.8,19909.8,19914.7,19912.7,19906.3,19904.3,19909.8,19907.8,1997
IG,2025-03-24 01:35:00.000,2025-03-24 01:40:00.000,IX.D.NASDAQ.CASH.IP,M5,19909.9,19907.9,19925.7,19923.7,19908.3,19906.3,19919.7,19917.7,685
IG,2025-03-24 01:40:00.000,2025-03-24 01:45:00.000,IX.D.NASDAQ.CASH.IP,M5,19919.5,19917.5,19922.4,19920.4,19901.2,19899.2,19905.2,19903.2,828
IG,2025-03-24 01:45:00.000,2025-03-24 01:50:00.000,IX.D.NASDAQ.CASH.IP,M5,19905.3,19903.3,19911.4,19909.4,19903.3,19901.3,19910,19908,357
IG,2025-03-24 01:50:00.000,2025-03-24 01:55:00.000,IX.D.NASDAQ.CASH.IP,M5,19909.9,19907.9,19912.5,19910.5,19905.5,19903.5,19910.8,19908.8,305
IG,2025-03-24 01:55:00.000,2025-03-24 02:00:00.000,IX.D.NASDAQ.CASH.IP,M5,19911,19909,19912.3,19910.3,19905.8,19903.8,19911.4,19909.4,205
IG,2025-03-24 02:00:00.000,2025-03-24 02:05:00.000,IX.D.NASDAQ.CASH.IP,M5,19911.3,19909.3,19911.3,19909.3,19904.3,19902.3,19909.4,19907.4,253
IG,2025-03-24 02:05:01.000,2025-03-24 02:10:00.000,IX.D.NASDAQ.CASH.IP,M5,19909.5,19907.5,19916.9,19914.9,19909.4,19907.4,19916,19914,329
IG,2025-03-24 02:10:01.000,2025-03-24 02:15:00.000,IX.D.NASDAQ.CASH.IP,M5,19916.5,19914.5,19916.5,19914.5,19906.8,19904.8,19908.3,19906.3,252
IG,2025-03-24 02:15:00.000,2025-03-24 02:20:00.000,IX.D.NASDAQ.CASH.IP,M5,19908.2,19906.2,19910.3,19908.3,19905.2,19903.2,19906,19904,154
IG,2025-03-24 02:20:00.000,2025-03-24 02:25:00.000,IX.D.NASDAQ.CASH.IP,M5,19906.2,19904.2,19908.3,19906.3,19903.4,19901.4,19907,19905,267
IG,2025-03-24 02:25:00.000,2025-03-24 02:30:00.000,IX.D.NASDAQ.CASH.IP,M5,19907.2,19905.2,19910.5,19908.5,19906,19904,19909.3,19907.3,152
IG,2025-03-24 02:30:00.000,2025-03-24 02:35:00.000,IX.D.NASDAQ.CASH.IP,M5,19909.2,19907.2,19911.7,19909.7,19904.5,19902.5,19904.7,19902.7,177
IG,2025-03-24 02:35:01.000,2025-03-24 02:40:00.000,IX.D.NASDAQ.CASH.IP,M5,19904.8,19902.8,19907,19905,19899.5,19897.5,19906.9,19904.9,312
IG,2025-03-24 02:40:00.000,2025-03-24 02:44:59.000,IX.D.NASDAQ.CASH.IP,M5,19907,19905,19913.8,19911.8,19906.5,19904.5,19912.5,19910.5,317
IG,2025-03-24 02:45:00.000,2025-03-24 02:49:59.000,IX.D.NASDAQ.CASH.IP,M5,19912.4,19910.4,19915.4,19913.4,19911.9,19909.9,19914.9,19912.9,183
IG,2025-03-24 02:49:59.000,2025-03-24 02:54:59.000,IX.D.NASDAQ.CASH.IP,M5,19914.8,19912.8,19918.3,19916.3,19914.8,19912.8,19916.8,19914.8,281
IG,2025-03-24 02:54:59.000,2025-03-24 03:00:00.000,IX.D.NASDAQ.CASH.IP,M5,19916.9,19914.9,19918.2,19916.2,19914.4,19912.4,19914.9,19912.9,295
IG,2025-03-24 03:00:00.000,2025-03-24 03:05:00.000,IX.D.NASDAQ.CASH.IP,M5,19915,19913,19920,19918,19914.7,19912.7,19918,19916,186
IG,2025-03-24 03:05:00.000,2025-03-24 03:10:00.000,IX.D.NASDAQ.CASH.IP,M5,19918.2,19916.2,19921,19919,19917.5,19915.5,19918.3,19916.3,112
IG,2025-03-24 03:10:03.000,2025-03-24 03:15:00.000,IX.D.NASDAQ.CASH.IP,M5,19918.4,19916.4,19921,19919,19916.9,19914.9,19919,19917,185
IG,2025-03-24 03:15:00.000,2025-03-24 03:20:00.000,IX.D.NASDAQ.CASH.IP,M5,19919.2,19917.2,19923.4,19921.4,19915,19913,19916.8,19914.8,576
IG,2025-03-24 03:20:00.000,2025-03-24 03:25:00.000,IX.D.NASDAQ.CASH.IP,M5,19916.7,19914.7,19919.5,19917.5,19914.7,19912.7,19916.5,19914.5,263
IG,2025-03-24 03:25:00.000,2025-03-24 03:30:00.000,IX.D.NASDAQ.CASH.IP,M5,19916.4,19914.4,19916.4,19914.4,19909.2,19907.2,19910.3,19908.3,469
IG,2025-03-24 03:30:00.000,2025-03-24 03:35:00.000,IX.D.NASDAQ.CASH.IP,M5,19910.2,19908.2,19911.2,19909.2,19903.4,19901.4,19904.3,19902.3,483
IG,2025-03-24 03:35:00.000,2025-03-24 03:40:00.000,IX.D.NASDAQ.CASH.IP,M5,19904.4,19902.4,19909,19907,19902.2,19900.2,19904.8,19902.8,270
IG,2025-03-24 03:40:00.000,2025-03-24 03:45:00.000,IX.D.NASDAQ.CASH.IP,M5,19904.7,19902.7,19910.7,19908.7,19904.5,19902.5,19907.7,19905.7,210
IG,2025-03-24 03:45:00.000,2025-03-24 03:49:59.000,IX.D.NASDAQ.CASH.IP,M5,19907.5,19905.5,19908.8,19906.8,19903,19901,19903.8,19901.8,163
IG,2025-03-24 03:50:00.000,2025-03-24 03:54:59.000,IX.D.NASDAQ.CASH.IP,M5,19903.7,19901.7,19907.3,19905.3,19903.3,19901.3,19905.5,19903.5,106
IG,2025-03-24 03:55:00.000,2025-03-24 04:00:00.000,IX.D.NASDAQ.CASH.IP,M5,19905.4,19903.4,19907.3,19905.3,19905.4,19903.4,19905.8,19903.8,94
IG,2025-03-24 04:00:00.000,2025-03-24 04:05:00.000,IX.D.NASDAQ.CASH.IP,M5,19905.7,19903.7,19905.7,19903.7,19897.9,19895.9,19902.4,19900.4,386
IG,2025-03-24 04:05:00.000,2025-03-24 04:10:00.000,IX.D.NASDAQ.CASH.IP,M5,19902.3,19900.3,19903.5,19901.5,19900.8,19898.8,19901.5,19899.5,136
IG,2025-03-24 04:10:01.000,2025-03-24 04:15:00.000,IX.D.NASDAQ.CASH.IP,M5,19901.4,19899.4,19903.7,19901.7,19899.7,19897.7,19900.7,19898.7,99
IG,2025-03-24 04:15:01.000,2025-03-24 04:20:00.000,IX.D.NASDAQ.CASH.IP,M5,19900.8,19898.8,19906.3,19904.3,19900,19898,19905.7,19903.7,147
IG,2025-03-24 04:20:00.000,2025-03-24 04:25:00.000,IX.D.NASDAQ.CASH.IP,M5,19905.8,19903.8,19906,19904,19902.3,19900.3,19902.4,19900.4,59
IG,2025-03-24 04:25:00.000,2025-03-24 04:30:00.000,IX.D.NASDAQ.CASH.IP,M5,19902.5,19900.5,19910.2,19908.2,19902.4,19900.4,19907.3,19905.3,260
IG,2025-03-24 04:30:01.000,2025-03-24 04:34:58.000,IX.D.NASDAQ.CASH.IP,M5,19907.4,19905.4,19910.7,19908.7,19907.4,19905.4,19908.8,19906.8,118
IG,2025-03-24 04:35:01.000,2025-03-24 04:40:00.000,IX.D.NASDAQ.CASH.IP,M5,19908.9,19906.9,19914.3,19912.3,19908.3,19906.3,19912.3,19910.3,240
IG,2025-03-24 04:40:00.000,2025-03-24 04:45:00.000,IX.D.NASDAQ.CASH.IP,M5,19912.4,19910.4,19914.8,19912.8,19910.7,19908.7,19913,19911,145
IG,2025-03-24 04:45:00.000,2025-03-24 04:50:00.000,IX.D.NASDAQ.CASH.IP,M5,19913.3,19911.3,19914.4,19912.4,19912.3,19910.3,19912.4,19910.4,107
IG,2025-03-24 04:50:01.000,2025-03-24 04:54:55.000,IX.D.NASDAQ.CASH.IP,M5,19912.5,19910.5,19914.3,19912.3,19911.3,19909.3,19912.4,19910.4,92
IG,2025-03-24 04:55:01.000,2025-03-24 05:00:00.000,IX.D.NASDAQ.CASH.IP,M5,19912.3,19910.3,19914.2,19912.2,19911.8,19909.8,19913.7,19911.7,74
IG,2025-03-24 05:00:00.000,2025-03-24 05:05:00.000,IX.D.NASDAQ.CASH.IP,M5,19913.8,19911.8,19918.7,19916.7,19913.3,19911.3,19917.3,19915.3,248
IG,2025-03-24 05:05:01.000,2025-03-24 05:10:00.000,IX.D.NASDAQ.CASH.IP,M5,19917.2,19915.2,19922,19920,19916,19914,19916.3,19914.3,279
IG,2025-03-24 05:10:00.000,2025-03-24 05:14:57.000,IX.D.NASDAQ.CASH.IP,M5,19916.4,19914.4,19923.8,19921.8,19915.3,19913.3,19923.5,19921.5,168
IG,2025-03-24 05:14:59.000,2025-03-24 05:19:59.000,IX.D.NASDAQ.CASH.IP,M5,19923.4,19921.4,19925.5,19923.5,19921.2,19919.2,19923.9,19921.9,213
IG,2025-03-24 05:19:59.000,2025-03-24 05:25:00.000,IX.D.NASDAQ.CASH.IP,M5,19924,19922,19925.9,19923.9,19922,19920,19924.7,19922.7,104
IG,2025-03-24 05:25:01.000,2025-03-24 05:30:00.000,IX.D.NASDAQ.CASH.IP,M5,19924.8,19922.8,19927.2,19925.2,19920.8,19918.8,19920.9,19918.9,193
IG,2025-03-24 05:30:00.000,2025-03-24 05:35:00.000,IX.D.NASDAQ.CASH.IP,M5,19921,19919,19921,19919,19915.5,19913.5,19920,19918,209
IG,2025-03-24 05:35:00.000,2025-03-24 05:39:56.000,IX.D.NASDAQ.CASH.IP,M5,19919.9,19917.9,19923,19921,19917.7,19915.7,19918.9,19916.9,77
IG,2025-03-24 05:40:00.000,2025-03-24 05:45:00.000,IX.D.NASDAQ.CASH.IP,M5,19919,19917,19920,19918,19917.2,19915.2,19918.8,19916.8,78
IG,2025-03-24 05:45:02.000,2025-03-24 05:50:00.000,IX.D.NASDAQ.CASH.IP,M5,19918.3,19916.3,19919.3,19917.3,19917.5,19915.5,19918.4,19916.4,52
IG,2025-03-24 05:50:00.000,2025-03-24 05:55:00.000,IX.D.NASDAQ.CASH.IP,M5,19918.3,19916.3,19919.5,19917.5,19917.7,19915.7,19918.7,19916.7,57
IG,2025-03-24 05:55:00.000,2025-03-24 06:00:00.000,IX.D.NASDAQ.CASH.IP,M5,19918.4,19916.4,19920.9,19918.9,19916.2,19914.2,19918.8,19916.8,140
IG,2025-03-24 06:00:00.000,2025-03-24 06:05:00.000,IX.D.NASDAQ.CASH.IP,M5,19918.5,19916.5,19920,19918,19916.2,19914.2,19918.8,19916.8,159
IG,2025-03-24 06:05:00.000,2025-03-24 06:09:59.000,IX.D.NASDAQ.CASH.IP,M5,19918.9,19916.9,19919.3,19917.3,19913.7,19911.7,19914.5,19912.5,128
IG,2025-03-24 06:10:00.000,2025-03-24 06:15:00.000,IX.D.NASDAQ.CASH.IP,M5,19914.4,19912.4,19918.5,19916.5,19911.8,19909.8,19916,19914,180
IG,2025-03-24 06:15:01.000,2025-03-24 06:20:00.000,IX.D.NASDAQ.CASH.IP,M5,19915.9,19913.9,19920,19918,19915.4,19913.4,19918.5,19916.5,123
IG,2025-03-24 06:20:01.000,2025-03-24 06:24:58.000,IX.D.NASDAQ.CASH.IP,M5,19918.4,19916.4,19924.4,19922.4,19916.4,19914.4,19920.9,19918.9,199
IG,2025-03-24 06:25:03.000,2025-03-24 06:30:00.000,IX.D.NASDAQ.CASH.IP,M5,19920.8,19918.8,19923.2,19921.2,19919,19917,19921.2,19919.2,176
IG,2025-03-24 06:30:00.000,2025-03-24 06:35:00.000,IX.D.NASDAQ.CASH.IP,M5,19920.8,19918.8,19922.7,19920.7,19916.3,19914.3,19918.7,19916.7,247
IG,2025-03-24 06:35:00.000,2025-03-24 06:40:00.000,IX.D.NASDAQ.CASH.IP,M5,19918.8,19916.8,19925,19923,19915.8,19913.8,19921.5,19919.5,303
IG,2025-03-24 06:40:00.000,2025-03-24 06:45:00.000,IX.D.NASDAQ.CASH.IP,M5,19921.4,19919.4,19930.2,19928.2,19921.4,19919.4,19929.8,19927.8,438
IG,2025-03-24 06:45:00.000,2025-03-24 06:50:00.000,IX.D.NASDAQ.CASH.IP,M5,19929.7,19927.7,19937,19935,19928.3,19926.3,19937,19935,408
IG,2025-03-24 06:50:00.000,2025-03-24 06:55:00.000,IX.D.NASDAQ.CASH.IP,M5,19936.8,19934.8,19948.4,19946.4,19934.5,19932.5,19942.5,19940.5,916
IG,2025-03-24 06:55:00.000,2025-03-24 07:00:00.000,IX.D.NASDAQ.CASH.IP,M5,19942.7,19940.7,19950.8,19948.8,19940,19938,19949.5,19947.5,544
IG,2025-03-24 07:00:00.000,2025-03-24 07:05:00.000,IX.D.NASDAQ.CASH.IP,M5,19949.7,19947.7,19952.3,19950.3,19941.9,19939.9,19946.7,19944.7,734
IG,2025-03-24 07:05:00.000,2025-03-24 07:10:00.000,IX.D.NASDAQ.CASH.IP,M5,19946.5,19944.5,19949.8,19947.8,19942,19940,19949.5,19947.5,319
IG,2025-03-24 07:10:00.000,2025-03-24 07:15:00.000,IX.D.NASDAQ.CASH.IP,M5,19949.7,19947.7,19960.8,19958.8,19948.2,19946.2,19960.8,19958.8,1625
IG,2025-03-24 07:15:00.000,2025-03-24 07:20:00.000,IX.D.NASDAQ.CASH.IP,M5,19960.9,19958.9,19974,19972,19960.9,19958.9,19964.2,19962.2,1446
IG,2025-03-24 07:20:00.000,2025-03-24 07:25:00.000,IX.D.NASDAQ.CASH.IP,M5,19964.3,19962.3,19969.8,19967.8,19962.9,19960.9,19968.7,19966.7,493
IG,2025-03-24 07:25:00.000,2025-03-24 07:30:00.000,IX.D.NASDAQ.CASH.IP,M5,19968.5,19966.5,19973.8,19971.8,19965.8,19963.8,19972.8,19970.8,1326
IG,2025-03-24 07:30:00.000,2025-03-24 07:35:00.000,IX.D.NASDAQ.CASH.IP,M5,19973,19971,19973.9,19971.9,19962.5,19960.5,19963.9,19961.9,643
IG,2025-03-24 07:35:00.000,2025-03-24 07:40:00.000,IX.D.NASDAQ.CASH.IP,M5,19963.8,19961.8,19972.8,19970.8,19962.8,19960.8,19962.8,19960.8,630
IG,2025-03-24 07:40:00.000,2025-03-24 07:45:00.000,IX.D.NASDAQ.CASH.IP,M5,19962.7,19960.7,19965,19963,19961,19959,19963.4,19961.4,295
IG,2025-03-24 07:45:00.000,2025-03-24 07:50:00.000,IX.D.NASDAQ.CASH.IP,M5,19963.5,19961.5,19971.5,19969.5,19963.5,19961.5,19968.9,19966.9,443
IG,2025-03-24 07:50:00.000,2025-03-24 07:55:00.000,IX.D.NASDAQ.CASH.IP,M5,19969,19967,19969.9,19967.9,19963,19961,19967.9,19965.9,368
IG,2025-03-24 07:55:01.000,2025-03-24 08:00:00.000,IX.D.NASDAQ.CASH.IP,M5,19968,19966,19972.9,19970.9,19965.8,19963.8,19969.3,19967.3,536
IG,2025-03-24 08:00:00.000,2025-03-24 08:05:00.000,IX.D.NASDAQ.CASH.IP,M5,19969.2,19967.2,19989.2,19987.2,19959.9,19957.9,19989,19987,2858
IG,2025-03-24 08:05:00.000,2025-03-24 08:10:00.000,IX.D.NASDAQ.CASH.IP,M5,19988.9,19986.9,20016.4,20014.4,19988.8,19986.8,20014.4,20012.4,1679
IG,2025-03-24 08:10:00.000,2025-03-24 08:15:00.000,IX.D.NASDAQ.CASH.IP,M5,20014.7,20012.7,20028.2,20026.2,20006.3,20004.3,20024.4,20022.4,1561
IG,2025-03-24 08:15:00.000,2025-03-24 08:20:00.000,IX.D.NASDAQ.CASH.IP,M5,20023.7,20021.7,20025.3,20023.3,20002.8,20000.8,20003.9,20001.9,1286
IG,2025-03-24 08:20:01.000,2025-03-24 08:25:00.000,IX.D.NASDAQ.CASH.IP,M5,20003.7,20001.7,20010.4,20008.4,19995,19993,20007.5,20005.5,794
IG,2025-03-24 08:25:00.000,2025-03-24 08:30:00.000,IX.D.NASDAQ.CASH.IP,M5,20007.3,20005.3,20010.7,20008.7,20001.9,19999.9,20007.4,20005.4,697
IG,2025-03-24 08:30:00.000,2025-03-24 08:35:00.000,IX.D.NASDAQ.CASH.IP,M5,20007.5,20005.5,20011.9,20009.9,20003.3,20001.3,20009.2,20007.2,541
IG,2025-03-24 08:35:00.000,2025-03-24 08:40:00.000,IX.D.NASDAQ.CASH.IP,M5,20009.3,20007.3,20011.9,20009.9,20004.2,20002.2,20009.2,20007.2,526
IG,2025-03-24 08:40:00.000,2025-03-24 08:45:00.000,IX.D.NASDAQ.CASH.IP,M5,20009.3,20007.3,20018,20016,20005.8,20003.8,20006.8,20004.8,668
IG,2025-03-24 08:45:00.000,2025-03-24 08:50:00.000,IX.D.NASDAQ.CASH.IP,M5,20006.9,20004.9,20010.7,20008.7,19999.5,19997.5,20010.5,20008.5,560
IG,2025-03-24 08:50:00.000,2025-03-24 08:55:00.000,IX.D.NASDAQ.CASH.IP,M5,20010.8,20008.8,20021.7,20019.7,20008.2,20006.2,20020.5,20018.5,897
IG,2025-03-24 08:55:00.000,2025-03-24 09:00:00.000,IX.D.NASDAQ.CASH.IP,M5,20020.8,20018.8,20024.3,20022.3,20010.9,20008.9,20011.8,20009.8,727
IG,2025-03-24 09:00:00.000,2025-03-24 09:05:00.000,IX.D.NASDAQ.CASH.IP,M5,20012.2,20010.2,20014,20012,19998.5,19996.5,20003.2,20001.2,697
IG,2025-03-24 09:05:00.000,2025-03-24 09:10:00.000,IX.D.NASDAQ.CASH.IP,M5,20003.3,20001.3,20016,20014,20001.7,19999.7,20008.8,20006.8,499
IG,2025-03-24 09:10:00.000,2025-03-24 09:15:00.000,IX.D.NASDAQ.CASH.IP,M5,20008.7,20006.7,20022.9,20020.9,20006.2,20004.2,20022,20020,446
IG,2025-03-24 09:15:00.000,2025-03-24 09:20:00.000,IX.D.NASDAQ.CASH.IP,M5,20022.2,20020.2,20022.5,20020.5,20008.2,20006.2,20014.5,20012.5,425
IG,2025-03-24 09:20:00.000,2025-03-24 09:25:00.000,IX.D.NASDAQ.CASH.IP,M5,20014.7,20012.7,20016.8,20014.8,20004.8,20002.8,20008.4,20006.4,494
IG,2025-03-24 09:25:00.000,2025-03-24 09:30:00.000,IX.D.NASDAQ.CASH.IP,M5,20008.3,20006.3,20008.7,20006.7,19997.5,19995.5,20000.7,19998.7,841
IG,2025-03-24 09:30:00.000,2025-03-24 09:35:00.000,IX.D.NASDAQ.CASH.IP,M5,20000.8,19998.8,20001,19999,19981.4,19979.4,19983.3,19981.3,1341
IG,2025-03-24 09:35:00.000,2025-03-24 09:40:00.000,IX.D.NASDAQ.CASH.IP,M5,19983.2,19981.2,19993,19991,19980.7,19978.7,19986.4,19984.4,1049
IG,2025-03-24 09:40:00.000,2025-03-24 09:45:00.000,IX.D.NASDAQ.CASH.IP,M5,19986.3,19984.3,19992.4,19990.4,19985.5,19983.5,19988,19986,1480
IG,2025-03-24 09:45:00.000,2025-03-24 09:50:00.000,IX.D.NASDAQ.CASH.IP,M5,19987.9,19985.9,20005.3,20003.3,19987.4,19985.4,20002,20000,1172
IG,2025-03-24 09:50:00.000,2025-03-24 09:55:00.000,IX.D.NASDAQ.CASH.IP,M5,20002.5,20000.5,20002.8,20000.8,19992.8,19990.8,19995.5,19993.5,480
IG,2025-03-24 09:55:00.000,2025-03-24 10:00:00.000,IX.D.NASDAQ.CASH.IP,M5,19995.4,19993.4,19996,19994,19988.3,19986.3,19988.4,19986.4,528
IG,2025-03-24 10:00:00.000,2025-03-24 10:05:00.000,IX.D.NASDAQ.CASH.IP,M5,19988.3,19986.3,19996,19994,19984.7,19982.7,19988.5,19986.5,532
IG,2025-03-24 10:05:00.000,2025-03-24 10:10:00.000,IX.D.NASDAQ.CASH.IP,M5,19988.4,19986.4,19996,19994,19987.5,19985.5,19995.4,19993.4,267
IG,2025-03-24 10:10:00.000,2025-03-24 10:15:00.000,IX.D.NASDAQ.CASH.IP,M5,19995.3,19993.3,19995.9,19993.9,19988.8,19986.8,19993.7,19991.7,206
IG,2025-03-24 10:15:00.000,2025-03-24 10:20:00.000,IX.D.NASDAQ.CASH.IP,M5,19993.5,19991.5,20003.8,20001.8,19990.8,19988.8,20003.3,20001.3,417
IG,2025-03-24 10:20:00.000,2025-03-24 10:25:00.000,IX.D.NASDAQ.CASH.IP,M5,20003,20001,20012.8,20010.8,20000.9,19998.9,20009.8,20007.8,821
IG,2025-03-24 10:25:00.000,2025-03-24 10:30:00.000,IX.D.NASDAQ.CASH.IP,M5,20009.7,20007.7,20013.8,20011.8,20006.5,20004.5,20012.8,20010.8,358
IG,2025-03-24 10:30:00.000,2025-03-24 10:35:00.000,IX.D.NASDAQ.CASH.IP,M5,20012.9,20010.9,20024.8,20022.8,20010.3,20008.3,20021,20019,705
IG,2025-03-24 10:35:01.000,2025-03-24 10:40:00.000,IX.D.NASDAQ.CASH.IP,M5,20021.2,20019.2,20031.3,20029.3,20019.9,20017.9,20028.4,20026.4,902
IG,2025-03-24 10:40:00.000,2025-03-24 10:45:00.000,IX.D.NASDAQ.CASH.IP,M5,20028.8,20026.8,20028.8,20026.8,20023.3,20021.3,20027,20025,461
IG,2025-03-24 10:45:00.000,2025-03-24 10:50:00.000,IX.D.NASDAQ.CASH.IP,M5,20027.3,20025.3,20027.3,20025.3,20017.2,20015.2,20019.8,20017.8,455
IG,2025-03-24 10:50:00.000,2025-03-24 10:55:00.000,IX.D.NASDAQ.CASH.IP,M5,20019.7,20017.7,20021.5,20019.5,20017,20015,20020.2,20018.2,461
IG,2025-03-24 10:55:00.000,2025-03-24 11:00:00.000,IX.D.NASDAQ.CASH.IP,M5,20020,20018,20020,20018,20012,20010,20012.3,20010.3,629
IG,2025-03-24 11:00:00.000,2025-03-24 11:05:00.000,IX.D.NASDAQ.CASH.IP,M5,20012.2,20010.2,20025.7,20023.7,20011.7,20009.7,20020.5,20018.5,719
IG,2025-03-24 11:05:00.000,2025-03-24 11:10:00.000,IX.D.NASDAQ.CASH.IP,M5,20020.7,20018.7,20024.4,20022.4,20012.2,20010.2,20022.5,20020.5,996
IG,2025-03-24 11:10:00.000,2025-03-24 11:15:00.000,IX.D.NASDAQ.CASH.IP,M5,20022.7,20020.7,20049.8,20047.8,20021.5,20019.5,20044.9,20042.9,3064
IG,2025-03-24 11:15:00.000,2025-03-24 11:20:00.000,IX.D.NASDAQ.CASH.IP,M5,20045.2,20043.2,20050.5,20048.5,20040.8,20038.8,20044.5,20042.5,1529
IG,2025-03-24 11:20:00.000,2025-03-24 11:25:00.000,IX.D.NASDAQ.CASH.IP,M5,20044.7,20042.7,20053.8,20051.8,20041.8,20039.8,20043.2,20041.2,1385
IG,2025-03-24 11:25:00.000,2025-03-24 11:30:00.000,IX.D.NASDAQ.CASH.IP,M5,20043,20041,20048.9,20046.9,20037.3,20035.3,20044.5,20042.5,652
IG,2025-03-24 11:30:00.000,2025-03-24 11:35:00.000,IX.D.NASDAQ.CASH.IP,M5,20044.7,20042.7,20045.3,20043.3,20032.7,20030.7,20033,20031,530
IG,2025-03-24 11:35:00.000,2025-03-24 11:40:00.000,IX.D.NASDAQ.CASH.IP,M5,20032.9,20030.9,20048.7,20046.7,20028.9,20026.9,20048.3,20046.3,1249
IG,2025-03-24 11:40:00.000,2025-03-24 11:45:00.000,IX.D.NASDAQ.CASH.IP,M5,20048.7,20046.7,20052.5,20050.5,20039.7,20037.7,20039.9,20037.9,1201
IG,2025-03-24 11:45:00.000,2025-03-24 11:50:00.000,IX.D.NASDAQ.CASH.IP,M5,20040.3,20038.3,20061.3,20059.3,20040.3,20038.3,20057.7,20055.7,1102
IG,2025-03-24 11:50:00.000,2025-03-24 11:55:00.000,IX.D.NASDAQ.CASH.IP,M5,20057.8,20055.8,20058.7,20056.7,20053.9,20051.9,20053.9,20051.9,413
IG,2025-03-24 11:55:00.000,2025-03-24 12:00:00.000,IX.D.NASDAQ.CASH.IP,M5,20054,20052,20062.8,20060.8,20049.4,20047.4,20054.9,20052.9,1078
IG,2025-03-24 12:00:00.000,2025-03-24 12:05:00.000,IX.D.NASDAQ.CASH.IP,M5,20055,20053,20061.5,20059.5,20049.4,20047.4,20050.3,20048.3,1310
IG,2025-03-24 12:05:00.000,2025-03-24 12:10:00.000,IX.D.NASDAQ.CASH.IP,M5,20050.2,20048.2,20060.2,20058.2,20049.8,20047.8,20058.8,20056.8,447
IG,2025-03-24 12:10:00.000,2025-03-24 12:14:59.000,IX.D.NASDAQ.CASH.IP,M5,20058.5,20056.5,20060.8,20058.8,20045.7,20043.7,20047.2,20045.2,869
IG,2025-03-24 12:14:59.000,2025-03-24 12:20:00.000,IX.D.NASDAQ.CASH.IP,M5,20047.3,20045.3,20050.5,20048.5,20039.2,20037.2,20040.9,20038.9,1243
IG,2025-03-24 12:20:00.000,2025-03-24 12:25:00.000,IX.D.NASDAQ.CASH.IP,M5,20041,20039,20057.5,20055.5,20039.4,20037.4,20056.9,20054.9,1332
IG,2025-03-24 12:25:00.000,2025-03-24 12:30:00.000,IX.D.NASDAQ.CASH.IP,M5,20056.8,20054.8,20067.8,20065.8,20055.9,20053.9,20067.8,20065.8,1110
IG,2025-03-24 12:30:00.000,2025-03-24 12:35:00.000,IX.D.NASDAQ.CASH.IP,M5,20067.7,20065.7,20072.4,20070.4,20060.7,20058.7,20067.9,20065.9,1585
IG,2025-03-24 12:35:00.000,2025-03-24 12:40:00.000,IX.D.NASDAQ.CASH.IP,M5,20067.8,20065.8,20071.7,20069.7,20061.8,20059.8,20068.3,20066.3,1077
IG,2025-03-24 12:40:00.000,2025-03-24 12:45:00.000,IX.D.NASDAQ.CASH.IP,M5,20068.4,20066.4,20077.7,20075.7,20062.8,20060.8,20075.3,20073.3,1066
IG,2025-03-24 12:45:00.000,2025-03-24 12:50:00.000,IX.D.NASDAQ.CASH.IP,M5,20075.4,20073.4,20077.2,20075.2,20065.5,20063.5,20074.5,20072.5,1023
IG,2025-03-24 12:50:00.000,2025-03-24 12:55:00.000,IX.D.NASDAQ.CASH.IP,M5,20074.7,20072.7,20075.8,20073.8,20066.9,20064.9,20072.3,20070.3,749
IG,2025-03-24 12:55:00.000,2025-03-24 13:00:00.000,IX.D.NASDAQ.CASH.IP,M5,20072,20070,20076.2,20074.2,20062.9,20060.9,20073.7,20071.7,1084
IG,2025-03-24 13:00:00.000,2025-03-24 13:05:00.000,IX.D.NASDAQ.CASH.IP,M5,20073.8,20071.8,20086.9,20084.9,20068.5,20066.5,20086.7,20084.7,1896
IG,2025-03-24 13:05:00.000,2025-03-24 13:10:00.000,IX.D.NASDAQ.CASH.IP,M5,20086.5,20084.5,20086.5,20084.5,20080,20078,20082.4,20080.4,1404
IG,2025-03-24 13:10:00.000,2025-03-24 13:15:00.000,IX.D.NASDAQ.CASH.IP,M5,20081.7,20079.7,20086.5,20084.5,20074.8,20072.8,20077,20075,1515
IG,2025-03-24 13:15:00.000,2025-03-24 13:20:00.000,IX.D.NASDAQ.CASH.IP,M5,20077.2,20075.2,20087.3,20085.3,20069,20067,20078.4,20076.4,2134
IG,2025-03-24 13:20:00.000,2025-03-24 13:25:00.000,IX.D.NASDAQ.CASH.IP,M5,20078.3,20076.3,20079.3,20077.3,20061.5,20059.5,20064.8,20062.8,1780
IG,2025-03-24 13:25:00.000,2025-03-24 13:30:00.000,IX.D.NASDAQ.CASH.IP,M5,20064.7,20062.7,20072.4,20070.4,20054.4,20052.4,20057.3,20056.3,3569
IG,2025-03-24 13:30:00.000,2025-03-24 13:35:00.000,IX.D.NASDAQ.CASH.IP,M5,20057.8,20056.8,20074.2,20073.2,20030.9,20029.9,20035.9,20034.9,17129
IG,2025-03-24 13:35:00.000,2025-03-24 13:40:00.000,IX.D.NASDAQ.CASH.IP,M5,20035.3,20034.3,20093.3,20092.3,20030.2,20029.2,20085.7,20084.7,12170
IG,2025-03-24 13:40:00.000,2025-03-24 13:45:00.000,IX.D.NASDAQ.CASH.IP,M5,20085.9,20084.9,20090.3,20089.3,20049.4,20048.4,20086.5,20085.5,9042
IG,2025-03-24 13:45:00.000,2025-03-24 13:50:00.000,IX.D.NASDAQ.CASH.IP,M5,20086.3,20085.3,20116.7,20115.7,20064.8,20063.8,20114.8,20113.8,9461
IG,2025-03-24 13:50:00.000,2025-03-24 13:55:00.000,IX.D.NASDAQ.CASH.IP,M5,20117,20116,20128.7,20127.7,20106.4,20105.4,20119.4,20118.4,7024
IG,2025-03-24 13:55:00.000,2025-03-24 14:00:00.000,IX.D.NASDAQ.CASH.IP,M5,20119.2,20118.2,20139.2,20138.2,20111.4,20110.4,20119.4,20118.4,7486
IG,2025-03-24 14:00:00.000,2025-03-24 14:05:00.000,IX.D.NASDAQ.CASH.IP,M5,20120.3,20119.3,20129.8,20128.8,20105.3,20104.3,20118.9,20117.9,7229
IG,2025-03-24 14:05:00.000,2025-03-24 14:10:00.000,IX.D.NASDAQ.CASH.IP,M5,20118.8,20117.8,20120.2,20119.2,20075.8,20074.8,20082.8,20081.8,7739
IG,2025-03-24 14:10:00.000,2025-03-24 14:15:00.000,IX.D.NASDAQ.CASH.IP,M5,20082.9,20081.9,20120.8,20119.8,20081.7,20080.7,20118,20117,7223
IG,2025-03-24 14:15:00.000,2025-03-24 14:20:00.000,IX.D.NASDAQ.CASH.IP,M5,20118.2,20117.2,20137.7,20136.7,20111.2,20110.2,20135,20134,7230
IG,2025-03-24 14:20:00.000,2025-03-24 14:25:00.000,IX.D.NASDAQ.CASH.IP,M5,20135.3,20134.3,20148.2,20147.2,20125.5,20124.5,20143.2,20142.2,5951
IG,2025-03-24 14:25:00.000,2025-03-24 14:30:00.000,IX.D.NASDAQ.CASH.IP,M5,20143.4,20142.4,20145.4,20144.4,20132.8,20131.8,20140.7,20139.7,5221
IG,2025-03-24 14:30:00.000,2025-03-24 14:35:00.000,IX.D.NASDAQ.CASH.IP,M5,20140.8,20139.8,20150.8,20149.8,20119.8,20118.8,20130.5,20129.5,8480
IG,2025-03-24 14:35:00.000,2025-03-24 14:40:00.000,IX.D.NASDAQ.CASH.IP,M5,20130.2,20129.2,20141.9,20140.9,20118.7,20117.7,20120.8,20119.8,5711
IG,2025-03-24 14:40:00.000,2025-03-24 14:45:00.000,IX.D.NASDAQ.CASH.IP,M5,20120.3,20119.3,20140.2,20139.2,20116.9,20115.9,20132.7,20131.7,4679
IG,2025-03-24 14:45:00.000,2025-03-24 14:50:00.000,IX.D.NASDAQ.CASH.IP,M5,20132.5,20131.5,20158.3,20157.3,20129.4,20128.4,20157.4,20156.4,5733
IG,2025-03-24 14:50:00.000,2025-03-24 14:55:00.000,IX.D.NASDAQ.CASH.IP,M5,20157.7,20156.7,20160.3,20159.3,20150.4,20149.4,20152.9,20151.9,4663
IG,2025-03-24 14:55:00.000,2025-03-24 15:00:00.000,IX.D.NASDAQ.CASH.IP,M5,20152.8,20151.8,20156.8,20155.8,20142.8,20141.8,20151.4,20150.4,4292
IG,2025-03-24 15:00:00.000,2025-03-24 15:05:00.000,IX.D.NASDAQ.CASH.IP,M5,20151.7,20150.7,20155.2,20154.2,20130.7,20129.7,20154.7,20153.7,5773
IG,2025-03-24 15:05:00.000,2025-03-24 15:10:00.000,IX.D.NASDAQ.CASH.IP,M5,20154.5,20153.5,20171.2,20170.2,20150.4,20149.4,20162.9,20161.9,5440
IG,2025-03-24 15:10:00.000,2025-03-24 15:15:00.000,IX.D.NASDAQ.CASH.IP,M5,20163,20162,20169.2,20168.2,20153.9,20152.9,20160,20159,4377
IG,2025-03-24 15:15:00.000,2025-03-24 15:20:00.000,IX.D.NASDAQ.CASH.IP,M5,20160.2,20159.2,20169.7,20168.7,20157.7,20156.7,20165.9,20164.9,3098
IG,2025-03-24 15:20:00.000,2025-03-24 15:25:00.000,IX.D.NASDAQ.CASH.IP,M5,20166,20165,20170.4,20169.4,20156.2,20155.2,20162.2,20161.2,2842
IG,2025-03-24 15:25:00.000,2025-03-24 15:30:00.000,IX.D.NASDAQ.CASH.IP,M5,20162.4,20161.4,20163.2,20162.2,20145.7,20144.7,20156.9,20155.9,3828
IG,2025-03-24 15:30:00.000,2025-03-24 15:35:00.000,IX.D.NASDAQ.CASH.IP,M5,20156.8,20155.8,20156.9,20155.9,20142.7,20141.7,20155.4,20154.4,3654
IG,2025-03-24 15:35:00.000,2025-03-24 15:40:00.000,IX.D.NASDAQ.CASH.IP,M5,20155.3,20154.3,20161.2,20160.2,20130.8,20129.8,20133.7,20132.7,4851
IG,2025-03-24 15:40:00.000,2025-03-24 15:45:00.000,IX.D.NASDAQ.CASH.IP,M5,20134.2,20133.2,20143.4,20142.4,20130.3,20129.3,20135.4,20134.4,3656
IG,2025-03-24 15:45:00.000,2025-03-24 15:50:00.000,IX.D.NASDAQ.CASH.IP,M5,20135.8,20134.8,20145.8,20144.8,20131,20130,20132.4,20131.4,3388
IG,2025-03-24 15:50:00.000,2025-03-24 15:55:00.000,IX.D.NASDAQ.CASH.IP,M5,20132.5,20131.5,20154.5,20153.5,20131.4,20130.4,20153.7,20152.7,3711
IG,2025-03-24 15:55:00.000,2025-03-24 16:00:00.000,IX.D.NASDAQ.CASH.IP,M5,20153.8,20152.8,20159.2,20158.2,20151.4,20150.4,20155.9,20154.9,2222
IG,2025-03-24 16:00:00.000,2025-03-24 16:05:00.000,IX.D.NASDAQ.CASH.IP,M5,20155.7,20154.7,20164.3,20163.3,20148.4,20147.4,20163.2,20162.2,4176
IG,2025-03-24 16:05:00.000,2025-03-24 16:10:00.000,IX.D.NASDAQ.CASH.IP,M5,20163.3,20162.3,20181.4,20180.4,20162.2,20161.2,20174.7,20173.7,5136
IG,2025-03-24 16:10:00.000,2025-03-24 16:15:00.000,IX.D.NASDAQ.CASH.IP,M5,20174.8,20173.8,20176.7,20175.7,20163.5,20162.5,20171.2,20170.2,3173
IG,2025-03-24 16:15:00.000,2025-03-24 16:20:00.000,IX.D.NASDAQ.CASH.IP,M5,20170.8,20169.8,20173.5,20172.5,20157.7,20156.7,20159.9,20158.9,3340
IG,2025-03-24 16:20:00.000,2025-03-24 16:25:00.000,IX.D.NASDAQ.CASH.IP,M5,20160,20159,20175.9,20174.9,20157.3,20156.3,20174.4,20173.4,2563
IG,2025-03-24 16:25:00.000,2025-03-24 16:30:00.000,IX.D.NASDAQ.CASH.IP,M5,20174.5,20173.5,20174.7,20173.7,20134.7,20133.7,20141,20140,9547
IG,2025-03-24 16:30:00.000,2025-03-24 16:35:00.000,IX.D.NASDAQ.CASH.IP,M5,20141.7,20140.7,20148.7,20147.7,20125.7,20124.7,20144.8,20143.8,4561
IG,2025-03-24 16:35:00.000,2025-03-24 16:40:00.000,IX.D.NASDAQ.CASH.IP,M5,20145.2,20144.2,20154.2,20153.2,20139.2,20138.2,20141.3,20140.3,3471
IG,2025-03-24 16:40:00.000,2025-03-24 16:45:00.000,IX.D.NASDAQ.CASH.IP,M5,20141.2,20140.2,20145.7,20144.7,20120.2,20119.2,20141.5,20140.5,4420
IG,2025-03-24 16:45:00.000,2025-03-24 16:50:00.000,IX.D.NASDAQ.CASH.IP,M5,20141.8,20140.8,20161.2,20160.2,20141.2,20140.2,20153.7,20152.7,4221
IG,2025-03-24 16:50:00.000,2025-03-24 16:55:00.000,IX.D.NASDAQ.CASH.IP,M5,20153.4,20152.4,20159.3,20158.3,20143.9,20142.9,20150.3,20149.3,2550
IG,2025-03-24 16:55:00.000,2025-03-24 17:00:00.000,IX.D.NASDAQ.CASH.IP,M5,20150.7,20149.7,20151.5,20150.5,20135.2,20134.2,20143.2,20142.2,2911
IG,2025-03-24 17:00:00.000,2025-03-24 17:05:00.000,IX.D.NASDAQ.CASH.IP,M5,20142.5,20141.5,20147.4,20146.4,20131.2,20130.2,20133.7,20132.7,3105
IG,2025-03-24 17:05:00.000,2025-03-24 17:10:00.000,IX.D.NASDAQ.CASH.IP,M5,20133.5,20132.5,20148.3,20147.3,20130.7,20129.7,20133.4,20132.4,3001
IG,2025-03-24 17:10:00.000,2025-03-24 17:15:00.000,IX.D.NASDAQ.CASH.IP,M5,20133.3,20132.3,20137.4,20136.4,20118.2,20117.2,20124.5,20123.5,3196
IG,2025-03-24 17:15:00.000,2025-03-24 17:20:00.000,IX.D.NASDAQ.CASH.IP,M5,20124.4,20123.4,20135.2,20134.2,20115.9,20114.9,20115.9,20114.9,4016
IG,2025-03-24 17:20:00.000,2025-03-24 17:25:00.000,IX.D.NASDAQ.CASH.IP,M5,20115.3,20114.3,20129.3,20128.3,20110.4,20109.4,20125.3,20124.3,3484
IG,2025-03-24 17:25:00.000,2025-03-24 17:30:00.000,IX.D.NASDAQ.CASH.IP,M5,20125.2,20124.2,20139.7,20138.7,20123,20122,20139.3,20138.3,3277
IG,2025-03-24 17:30:00.000,2025-03-24 17:35:00.000,IX.D.NASDAQ.CASH.IP,M5,20139,20138,20149.9,20148.9,20135.2,20134.2,20143.7,20142.7,3737
IG,2025-03-24 17:35:00.000,2025-03-24 17:40:00.000,IX.D.NASDAQ.CASH.IP,M5,20143.2,20142.2,20150.9,20149.9,20132.4,20131.4,20149.2,20148.2,2947
IG,2025-03-24 17:40:00.000,2025-03-24 17:45:00.000,IX.D.NASDAQ.CASH.IP,M5,20148,20147,20149.4,20148.4,20130.7,20129.7,20136.9,20135.9,2762
IG,2025-03-24 17:45:00.000,2025-03-24 17:50:00.000,IX.D.NASDAQ.CASH.IP,M5,20136.8,20135.8,20142.4,20141.4,20132.2,20131.2,20141.2,20140.2,2606
IG,2025-03-24 17:50:00.000,2025-03-24 17:55:00.000,IX.D.NASDAQ.CASH.IP,M5,20141,20140,20150.3,20149.3,20131.5,20130.5,20136.2,20135.2,2301
IG,2025-03-24 17:55:00.000,2025-03-24 18:00:00.000,IX.D.NASDAQ.CASH.IP,M5,20136.4,20135.4,20144.7,20143.7,20127.5,20126.5,20143.9,20142.9,2544
IG,2025-03-24 18:00:00.000,2025-03-24 18:05:00.000,IX.D.NASDAQ.CASH.IP,M5,20144,20143,20145.8,20144.8,20109.7,20108.7,20119.4,20118.4,4507
IG,2025-03-24 18:05:00.000,2025-03-24 18:10:00.000,IX.D.NASDAQ.CASH.IP,M5,20119.5,20118.5,20136.2,20135.2,20119.2,20118.2,20126.7,20125.7,3379
IG,2025-03-24 18:10:00.000,2025-03-24 18:15:00.000,IX.D.NASDAQ.CASH.IP,M5,20126.5,20125.5,20130.9,20129.9,20119.4,20118.4,20121.2,20120.2,2450
IG,2025-03-24 18:15:00.000,2025-03-24 18:20:00.000,IX.D.NASDAQ.CASH.IP,M5,20121,20120,20137.4,20136.4,20116.7,20115.7,20127.9,20126.9,2716
IG,2025-03-24 18:20:00.000,2025-03-24 18:25:00.000,IX.D.NASDAQ.CASH.IP,M5,20127.7,20126.7,20136.7,20135.7,20124.5,20123.5,20132.2,20131.2,2615
IG,2025-03-24 18:25:00.000,2025-03-24 18:30:00.000,IX.D.NASDAQ.CASH.IP,M5,20131.9,20130.9,20140.2,20139.2,20123.5,20122.5,20136.3,20135.3,2426
IG,2025-03-24 18:30:00.000,2025-03-24 18:35:00.000,IX.D.NASDAQ.CASH.IP,M5,20136.7,20135.7,20139.3,20138.3,20119.7,20118.7,20125.2,20124.2,3527
IG,2025-03-24 18:35:00.000,2025-03-24 18:40:00.000,IX.D.NASDAQ.CASH.IP,M5,20125.4,20124.4,20158,20157,20117.9,20116.9,20146,20145,5168
IG,2025-03-24 18:40:00.000,2025-03-24 18:45:00.000,IX.D.NASDAQ.CASH.IP,M5,20146.9,20145.9,20168.7,20167.7,20138.4,20137.4,20161.8,20160.8,8054
IG,2025-03-24 18:45:00.000,2025-03-24 18:50:00.000,IX.D.NASDAQ.CASH.IP,M5,20161.9,20160.9,20164.5,20163.5,20129.3,20128.3,20162.7,20161.7,7764
IG,2025-03-24 18:50:00.000,2025-03-24 18:55:00.000,IX.D.NASDAQ.CASH.IP,M5,20162.8,20161.8,20172.4,20171.4,20159.7,20158.7,20167.8,20166.8,4262
IG,2025-03-24 18:55:00.000,2025-03-24 18:59:59.000,IX.D.NASDAQ.CASH.IP,M5,20167.5,20166.5,20169.9,20168.9,20161.3,20160.3,20167.2,20166.2,2862
IG,2025-03-24 18:59:59.000,2025-03-24 19:05:00.000,IX.D.NASDAQ.CASH.IP,M5,20167.7,20166.7,20177.3,20176.3,20161,20160,20176.4,20175.4,3313
IG,2025-03-24 19:05:00.000,2025-03-24 19:09:59.000,IX.D.NASDAQ.CASH.IP,M5,20176.7,20175.7,20192.4,20191.4,20175.8,20174.8,20184.5,20183.5,5177
IG,2025-03-24 19:09:59.000,2025-03-24 19:15:00.000,IX.D.NASDAQ.CASH.IP,M5,20184.4,20183.4,20185.9,20184.9,20174.4,20173.4,20176.4,20175.4,2982
IG,2025-03-24 19:15:00.000,2025-03-24 19:20:00.000,IX.D.NASDAQ.CASH.IP,M5,20176.3,20175.3,20187.9,20186.9,20175.2,20174.2,20185.4,20184.4,2735
IG,2025-03-24 19:20:00.000,2025-03-24 19:25:00.000,IX.D.NASDAQ.CASH.IP,M5,20183.7,20182.7,20184.3,20183.3,20175.3,20174.3,20183,20182,2591
IG,2025-03-24 19:25:00.000,2025-03-24 19:30:00.000,IX.D.NASDAQ.CASH.IP,M5,20182.9,20181.9,20184.2,20183.2,20167.7,20166.7,20173.5,20172.5,3649
IG,2025-03-24 19:30:00.000,2025-03-24 19:35:00.000,IX.D.NASDAQ.CASH.IP,M5,20173.7,20172.7,20177.3,20176.3,20167.5,20166.5,20169.7,20168.7,3001
IG,2025-03-24 19:35:00.000,2025-03-24 19:39:59.000,IX.D.NASDAQ.CASH.IP,M5,20169.5,20168.5,20173.2,20172.2,20161.9,20160.9,20166.4,20165.4,3504
IG,2025-03-24 19:39:59.000,2025-03-24 19:45:00.000,IX.D.NASDAQ.CASH.IP,M5,20166.3,20165.3,20181.5,20180.5,20164,20163,20172.9,20171.9,4177
IG,2025-03-24 19:45:00.000,2025-03-24 19:50:00.000,IX.D.NASDAQ.CASH.IP,M5,20173.2,20172.2,20191.8,20190.8,20170.5,20169.5,20180.5,20179.5,6446
IG,2025-03-24 19:50:00.000,2025-03-24 19:55:00.000,IX.D.NASDAQ.CASH.IP,M5,20180.2,20179.2,20209.3,20208.3,20169.2,20168.2,20205.9,20204.9,10552
IG,2025-03-24 19:55:00.000,2025-03-24 20:00:00.000,IX.D.NASDAQ.CASH.IP,M5,20206,20205,20206.8,20205.8,20164.2,20162.2,20166,20164,22739
IG,2025-03-24 20:00:00.000,2025-03-24 20:05:00.000,IX.D.NASDAQ.CASH.IP,M5,20165.9,20163.9,20178.7,20176.7,20162.2,20160.2,20162.4,20160.4,7938
IG,2025-03-24 20:05:00.000,2025-03-24 20:10:00.000,IX.D.NASDAQ.CASH.IP,M5,20162.3,20160.3,20172,20170,20158.5,20156.5,20170.2,20168.2,3020
IG,2025-03-24 20:10:00.000,2025-03-24 20:15:00.000,IX.D.NASDAQ.CASH.IP,M5,20170.3,20168.3,20175.5,20173.5,20164.2,20162.2,20171.7,20169.7,1787
IG,2025-03-24 20:15:00.000,2025-03-24 20:20:00.000,IX.D.NASDAQ.CASH.IP,M5,20171.8,20169.8,20180.7,20178.7,20171.8,20169.8,20175.4,20173.4,1041
IG,2025-03-24 20:20:00.000,2025-03-24 20:24:59.000,IX.D.NASDAQ.CASH.IP,M5,20175.3,20173.3,20177.2,20175.2,20172.2,20170.2,20175.7,20173.7,431
IG,2025-03-24 20:25:00.000,2025-03-24 20:30:00.000,IX.D.NASDAQ.CASH.IP,M5,20175.8,20173.8,20176,20174,20167.4,20165.4,20169.4,20167.4,587
IG,2025-03-24 20:30:00.000,2025-03-24 20:35:00.000,IX.D.NASDAQ.CASH.IP,M5,20169.5,20167.5,20172.7,20170.7,20164.9,20162.9,20165.7,20163.7,598
IG,2025-03-24 20:35:00.000,2025-03-24 20:40:00.000,IX.D.NASDAQ.CASH.IP,M5,20165.5,20163.5,20168.2,20166.2,20165.2,20163.2,20167.9,20165.9,331
IG,2025-03-24 20:40:00.000,2025-03-24 20:45:00.000,IX.D.NASDAQ.CASH.IP,M5,20167.4,20165.4,20169.5,20167.5,20166.3,20164.3,20166.8,20164.8,485
IG,2025-03-24 20:45:00.000,2025-03-24 20:50:00.000,IX.D.NASDAQ.CASH.IP,M5,20166.3,20164.3,20170.2,20168.2,20165.3,20163.3,20168.5,20166.5,409
IG,2025-03-24 20:50:00.000,2025-03-24 20:55:00.000,IX.D.NASDAQ.CASH.IP,M5,20168.2,20166.2,20168.9,20166.9,20160.4,20158.4,20160.7,20158.7,510
IG,2025-03-24 20:55:00.000,2025-03-24 21:00:00.000,IX.D.NASDAQ.CASH.IP,M5,20160.8,20158.8,20161.9,20159.9,20157.7,20154.9,20160.3,20155.3,593
IG,2025-03-24 21:00:02.000,2025-03-24 21:04:50.000,IX.D.NASDAQ.CASH.IP,M5,20160.4,20155.4,20161.1,20156.1,20159,20154,20160.4,20155.4,0
IG,2025-03-24 21:05:00.000,2025-03-24 21:08:49.000,IX.D.NASDAQ.CASH.IP,M5,20160.1,20155.1,20160.9,20155.9,20159.1,20154.1,20160.4,20155.4,0
IG,2025-03-24 21:11:06.000,2025-03-24 21:12:56.000,IX.D.NASDAQ.CASH.IP,M5,20160.1,20155.1,20160.8,20155.8,20160,20155,20160.6,20155.6,0
IG,2025-03-24 21:17:28.000,2025-03-24 21:19:58.000,IX.D.NASDAQ.CASH.IP,M5,20160.8,20155.8,20161.2,20156.2,20160.6,20155.6,20161.2,20156.2,0
IG,2025-03-24 21:20:17.000,2025-03-24 21:24:46.000,IX.D.NASDAQ.CASH.IP,M5,20162,20157,20163.2,20158.2,20161.7,20156.7,20163.2,20158.2,0
IG,2025-03-24 21:25:11.000,2025-03-24 21:29:55.000,IX.D.NASDAQ.CASH.IP,M5,20163.4,20158.4,20164.3,20159.3,20163.3,20158.3,20163.6,20158.6,0
IG,2025-03-24 21:30:18.000,2025-03-24 21:34:55.000,IX.D.NASDAQ.CASH.IP,M5,20163.7,20158.7,20164.9,20159.9,20163.7,20158.7,20164.5,20159.5,0
IG,2025-03-24 21:35:01.000,2025-03-24 21:39:42.000,IX.D.NASDAQ.CASH.IP,M5,20166.6,20161.6,20168.2,20163.2,20165.6,20160.6,20167,20162,0
IG,2025-03-24 21:40:00.000,2025-03-24 21:44:46.000,IX.D.NASDAQ.CASH.IP,M5,20167.9,20162.9,20168.8,20163.8,20167,20162,20168,20163,0
IG,2025-03-24 21:45:14.000,2025-03-24 21:49:43.000,IX.D.NASDAQ.CASH.IP,M5,20168.1,20163.1,20168.3,20163.3,20167.3,20162.3,20167.7,20162.7,0
IG,2025-03-24 21:50:16.000,2025-03-24 21:54:50.000,IX.D.NASDAQ.CASH.IP,M5,20167.6,20162.6,20169.6,20164.6,20167.5,20162.5,20167.5,20162.5,0
IG,2025-03-24 21:55:06.000,2025-03-24 22:00:00.000,IX.D.NASDAQ.CASH.IP,M5,20167.4,20162.4,20168.8,20165.4,20159.2,20157.2,20165.9,20163.9,23
IG,2025-03-24 22:00:00.000,2025-03-24 22:05:00.000,IX.D.NASDAQ.CASH.IP,M5,20165.4,20163.4,20167.7,20165.7,20160.2,20158.2,20160.7,20158.7,300
IG,2025-03-24 22:05:00.000,2025-03-24 22:10:00.000,IX.D.NASDAQ.CASH.IP,M5,20160.8,20158.8,20163.2,20161.2,20155.3,20153.3,20156,20154,228
IG,2025-03-24 22:10:02.000,2025-03-24 22:14:56.000,IX.D.NASDAQ.CASH.IP,M5,20155.9,20153.9,20157.2,20155.2,20145.3,20143.3,20150.2,20148.2,539
IG,2025-03-24 22:15:03.000,2025-03-24 22:20:00.000,IX.D.NASDAQ.CASH.IP,M5,20150.5,20148.5,20152,20150,20147.3,20145.3,20149.3,20147.3,231
IG,2025-03-24 22:20:08.000,2025-03-24 22:25:00.000,IX.D.NASDAQ.CASH.IP,M5,20150.4,20148.4,20151.4,20149.4,20147.5,20145.5,20150,20148,157
IG,2025-03-24 22:25:00.000,2025-03-24 22:30:00.000,IX.D.NASDAQ.CASH.IP,M5,20150.2,20148.2,20152.2,20150.2,20144.7,20142.7,20145.8,20143.8,307
IG,2025-03-24 22:30:00.000,2025-03-24 22:35:00.000,IX.D.NASDAQ.CASH.IP,M5,20145.9,20143.9,20154.7,20152.7,20145.8,20143.8,20153.4,20151.4,188
IG,2025-03-24 22:35:01.000,2025-03-24 22:39:44.000,IX.D.NASDAQ.CASH.IP,M5,20153.3,20151.3,20157.5,20155.5,20151.3,20149.3,20153,20151,214
IG,2025-03-24 22:40:06.000,2025-03-24 22:44:57.000,IX.D.NASDAQ.CASH.IP,M5,20153.2,20151.2,20155.4,20153.4,20151,20149,20154.8,20152.8,109
IG,2025-03-24 22:45:00.000,2025-03-24 22:49:53.000,IX.D.NASDAQ.CASH.IP,M5,20154.7,20152.7,20156.4,20154.4,20148.4,20146.4,20149.3,20147.3,117
IG,2025-03-24 22:50:00.000,2025-03-24 22:55:00.000,IX.D.NASDAQ.CASH.IP,M5,20149.8,20147.8,20151,20149,20145.4,20143.4,20150.9,20148.9,216
IG,2025-03-24 22:55:00.000,2025-03-24 23:00:00.000,IX.D.NASDAQ.CASH.IP,M5,20151.2,20149.2,20151.5,20149.5,20148.2,20146.2,20149.8,20147.8,78
IG,2025-03-24 23:00:00.000,2025-03-24 23:04:59.000,IX.D.NASDAQ.CASH.IP,M5,20149.7,20147.7,20159.5,20157.5,20148.2,20146.2,20155.5,20153.5,371
IG,2025-03-24 23:04:59.000,2025-03-24 23:10:00.000,IX.D.NASDAQ.CASH.IP,M5,20155.7,20153.7,20156.8,20154.8,20145.8,20143.8,20151.5,20149.5,264
IG,2025-03-24 23:10:01.000,2025-03-24 23:15:00.000,IX.D.NASDAQ.CASH.IP,M5,20151.7,20149.7,20151.7,20149.7,20147.5,20145.5,20150.8,20148.8,193
IG,2025-03-24 23:15:26.000,2025-03-24 23:19:57.000,IX.D.NASDAQ.CASH.IP,M5,20151,20149,20153.4,20151.4,20149.8,20147.8,20152,20150,117
IG,2025-03-24 23:20:01.000,2025-03-24 23:25:00.000,IX.D.NASDAQ.CASH.IP,M5,20150.5,20148.5,20151.5,20149.5,20149.8,20147.8,20151.3,20149.3,84
IG,2025-03-24 23:25:06.000,2025-03-24 23:30:00.000,IX.D.NASDAQ.CASH.IP,M5,20151.4,20149.4,20155.7,20153.7,20148.9,20146.9,20155.3,20153.3,174
IG,2025-03-24 23:30:02.000,2025-03-24 23:34:59.000,IX.D.NASDAQ.CASH.IP,M5,20155.2,20153.2,20163.5,20161.5,20154.2,20152.2,20161.4,20159.4,434
IG,2025-03-24 23:35:00.000,2025-03-24 23:40:00.000,IX.D.NASDAQ.CASH.IP,M5,20161.9,20159.9,20166.3,20164.3,20160.8,20158.8,20165,20163,255
IG,2025-03-24 23:40:00.000,2025-03-24 23:45:00.000,IX.D.NASDAQ.CASH.IP,M5,20164.8,20162.8,20168.9,20166.9,20162.8,20160.8,20167.9,20165.9,219
IG,2025-03-24 23:45:00.000,2025-03-24 23:49:58.000,IX.D.NASDAQ.CASH.IP,M5,20168,20166,20169.4,20167.4,20161.7,20159.7,20163.3,20161.3,326
IG,2025-03-24 23:50:01.000,2025-03-24 23:54:59.000,IX.D.NASDAQ.CASH.IP,M5,20163.4,20161.4,20164.3,20162.3,20160.3,20158.3,20161.5,20159.5,102
IG,2025-03-24 23:55:00.000,2025-03-25 00:00:00.000,IX.D.NASDAQ.CASH.IP,M5,20161.4,20159.4,20163,20161,20156,20154,20156.8,20154.8,223
IG,2025-03-25 00:00:00.000,2025-03-25 00:05:00.000,IX.D.NASDAQ.CASH.IP,M5,20156.3,20154.3,20164.9,20162.9,20154.8,20152.8,20157.3,20155.3,379
IG,2025-03-25 00:05:00.000,2025-03-25 00:10:00.000,IX.D.NASDAQ.CASH.IP,M5,20157.4,20155.4,20160,20158,20145.5,20143.5,20152.5,20150.5,416
IG,2025-03-25 00:10:00.000,2025-03-25 00:15:00.000,IX.D.NASDAQ.CASH.IP,M5,20152.4,20150.4,20154.9,20152.9,20148.7,20146.7,20150.9,20148.9,275
IG,2025-03-25 00:15:00.000,2025-03-25 00:20:00.000,IX.D.NASDAQ.CASH.IP,M5,20151,20149,20158.9,20156.9,20136.4,20134.4,20157.3,20155.3,1303
IG,2025-03-25 00:20:00.000,2025-03-25 00:25:00.000,IX.D.NASDAQ.CASH.IP,M5,20157.4,20155.4,20161.9,20159.9,20150.5,20148.5,20154,20152,1262
IG,2025-03-25 00:25:00.000,2025-03-25 00:30:00.000,IX.D.NASDAQ.CASH.IP,M5,20154.3,20152.3,20159.8,20157.8,20150.8,20148.8,20151.4,20149.4,659
IG,2025-03-25 00:30:00.000,2025-03-25 00:35:00.000,IX.D.NASDAQ.CASH.IP,M5,20151.3,20149.3,20156.5,20154.5,20148.4,20146.4,20153.9,20151.9,745
IG,2025-03-25 00:35:03.000,2025-03-25 00:40:00.000,IX.D.NASDAQ.CASH.IP,M5,20153.8,20151.8,20155.3,20153.3,20149.5,20147.5,20154,20152,334
IG,2025-03-25 00:40:00.000,2025-03-25 00:45:00.000,IX.D.NASDAQ.CASH.IP,M5,20154.2,20152.2,20154.3,20152.3,20149.7,20147.7,20151,20149,276
IG,2025-03-25 00:45:00.000,2025-03-25 00:50:00.000,IX.D.NASDAQ.CASH.IP,M5,20151.2,20149.2,20156.7,20154.7,20150,20148,20156,20154,226
IG,2025-03-25 00:50:00.000,2025-03-25 00:55:00.000,IX.D.NASDAQ.CASH.IP,M5,20155.8,20153.8,20166.5,20164.5,20155.7,20153.7,20165.4,20163.4,691
IG,2025-03-25 00:55:00.000,2025-03-25 01:00:00.000,IX.D.NASDAQ.CASH.IP,M5,20165.5,20163.5,20171.8,20169.8,20163.3,20161.3,20168.5,20166.5,381
IG,2025-03-25 01:00:00.000,2025-03-25 01:05:00.000,IX.D.NASDAQ.CASH.IP,M5,20168.4,20166.4,20168.5,20166.5,20163.8,20161.8,20166,20164,241
IG,2025-03-25 01:05:00.000,2025-03-25 01:10:00.000,IX.D.NASDAQ.CASH.IP,M5,20166.2,20164.2,20167.8,20165.8,20161.9,20159.9,20162.8,20160.8,161
IG,2025-03-25 01:10:02.000,2025-03-25 01:14:59.000,IX.D.NASDAQ.CASH.IP,M5,20162.9,20160.9,20176.4,20174.4,20162.3,20160.3,20171.3,20169.3,468
IG,2025-03-25 01:15:01.000,2025-03-25 01:19:59.000,IX.D.NASDAQ.CASH.IP,M5,20171.2,20169.2,20172.3,20170.3,20163.5,20161.5,20169.4,20167.4,275
IG,2025-03-25 01:20:03.000,2025-03-25 01:25:00.000,IX.D.NASDAQ.CASH.IP,M5,20169.5,20167.5,20173.2,20171.2,20168.4,20166.4,20170,20168,213
IG,2025-03-25 01:25:00.000,2025-03-25 01:30:00.000,IX.D.NASDAQ.CASH.IP,M5,20170.2,20168.2,20171.2,20169.2,20164.7,20162.7,20165,20163,143
IG,2025-03-25 01:30:00.000,2025-03-25 01:35:00.000,IX.D.NASDAQ.CASH.IP,M5,20164.8,20162.8,20168.3,20166.3,20160.8,20158.8,20165.7,20163.7,237
IG,2025-03-25 01:35:00.000,2025-03-25 01:40:00.000,IX.D.NASDAQ.CASH.IP,M5,20165.5,20163.5,20171.7,20169.7,20162.7,20160.7,20171.7,20169.7,257
IG,2025-03-25 01:40:00.000,2025-03-25 01:45:00.000,IX.D.NASDAQ.CASH.IP,M5,20171.5,20169.5,20175.2,20173.2,20168.7,20166.7,20173.5,20171.5,311
IG,2025-03-25 01:45:00.000,2025-03-25 01:50:00.000,IX.D.NASDAQ.CASH.IP,M5,20173.7,20171.7,20174.8,20172.8,20170.3,20168.3,20172.5,20170.5,179
IG,2025-03-25 01:50:00.000,2025-03-25 01:55:00.000,IX.D.NASDAQ.CASH.IP,M5,20172.4,20170.4,20173.5,20171.5,20166.3,20164.3,20168.4,20166.4,272
IG,2025-03-25 01:55:00.000,2025-03-25 02:00:00.000,IX.D.NASDAQ.CASH.IP,M5,20168,20166,20168.9,20166.9,20160.5,20158.5,20160.8,20158.8,443
IG,2025-03-25 02:00:00.000,2025-03-25 02:05:00.000,IX.D.NASDAQ.CASH.IP,M5,20161,20159,20161.8,20159.8,20150,20148,20153,20151,559
IG,2025-03-25 02:05:00.000,2025-03-25 02:10:00.000,IX.D.NASDAQ.CASH.IP,M5,20152.8,20150.8,20153.5,20151.5,20146.2,20144.2,20149.2,20147.2,381
IG,2025-03-25 02:10:00.000,2025-03-25 02:15:00.000,IX.D.NASDAQ.CASH.IP,M5,20149.3,20147.3,20149.4,20147.4,20147,20145,20148,20146,139
IG,2025-03-25 02:15:00.000,2025-03-25 02:20:00.000,IX.D.NASDAQ.CASH.IP,M5,20148.2,20146.2,20149,20147,20146.4,20144.4,20148.3,20146.3,123
IG,2025-03-25 02:20:00.000,2025-03-25 02:25:00.000,IX.D.NASDAQ.CASH.IP,M5,20148.4,20146.4,20152.5,20150.5,20145.8,20143.8,20148.8,20146.8,253
IG,2025-03-25 02:25:02.000,2025-03-25 02:30:00.000,IX.D.NASDAQ.CASH.IP,M5,20148.9,20146.9,20155.5,20153.5,20148.9,20146.9,20154.9,20152.9,2018
IG,2025-03-25 02:30:00.000,2025-03-25 02:35:00.000,IX.D.NASDAQ.CASH.IP,M5,20154.4,20152.4,20155.4,20153.4,20147.5,20145.5,20151.8,20149.8,391
IG,2025-03-25 02:35:01.000,2025-03-25 02:40:00.000,IX.D.NASDAQ.CASH.IP,M5,20151.9,20149.9,20154.8,20152.8,20151.4,20149.4,20154.4,20152.4,144
IG,2025-03-25 02:40:00.000,2025-03-25 02:45:00.000,IX.D.NASDAQ.CASH.IP,M5,20154.3,20152.3,20154.3,20152.3,20148.4,20146.4,20149.8,20147.8,200
IG,2025-03-25 02:45:00.000,2025-03-25 02:49:59.000,IX.D.NASDAQ.CASH.IP,M5,20149.7,20147.7,20150.3,20148.3,20139.9,20137.9,20143.3,20141.3,434
IG,2025-03-25 02:49:59.000,2025-03-25 02:55:00.000,IX.D.NASDAQ.CASH.IP,M5,20143.2,20141.2,20145.8,20143.8,20141.3,20139.3,20145.3,20143.3,202
IG,2025-03-25 02:55:00.000,2025-03-25 03:00:00.000,IX.D.NASDAQ.CASH.IP,M5,20145.4,20143.4,20146.3,20144.3,20142.3,20140.3,20145.4,20143.4,174
IG,2025-03-25 03:00:00.000,2025-03-25 03:05:00.000,IX.D.NASDAQ.CASH.IP,M5,20145.5,20143.5,20148,20146,20145.4,20143.4,20147.3,20145.3,130
IG,2025-03-25 03:05:00.000,2025-03-25 03:10:00.000,IX.D.NASDAQ.CASH.IP,M5,20147.2,20145.2,20148.4,20146.4,20146.2,20144.2,20146.7,20144.7,108
IG,2025-03-25 03:10:00.000,2025-03-25 03:15:00.000,IX.D.NASDAQ.CASH.IP,M5,20146.8,20144.8,20149.8,20147.8,20145.3,20143.3,20148.9,20146.9,150
IG,2025-03-25 03:15:03.000,2025-03-25 03:20:00.000,IX.D.NASDAQ.CASH.IP,M5,20148.7,20146.7,20148.8,20146.8,20135.2,20133.2,20138.3,20136.3,443
IG,2025-03-25 03:20:00.000,2025-03-25 03:25:00.000,IX.D.NASDAQ.CASH.IP,M5,20138.2,20136.2,20140.9,20138.9,20137.5,20135.5,20138.3,20136.3,185
IG,2025-03-25 03:25:00.000,2025-03-25 03:30:00.000,IX.D.NASDAQ.CASH.IP,M5,20138.2,20136.2,20138.2,20136.2,20135.8,20133.8,20136.5,20134.5,209
IG,2025-03-25 03:30:00.000,2025-03-25 03:34:56.000,IX.D.NASDAQ.CASH.IP,M5,20136.3,20134.3,20138.5,20136.5,20131.8,20129.8,20136.3,20134.3,343
IG,2025-03-25 03:35:00.000,2025-03-25 03:40:00.000,IX.D.NASDAQ.CASH.IP,M5,20136.2,20134.2,20139.5,20137.5,20136,20134,20138.8,20136.8,115
IG,2025-03-25 03:40:00.000,2025-03-25 03:45:00.000,IX.D.NASDAQ.CASH.IP,M5,20138.9,20136.9,20139.4,20137.4,20136.5,20134.5,20138.9,20136.9,86
IG,2025-03-25 03:45:03.000,2025-03-25 03:50:00.000,IX.D.NASDAQ.CASH.IP,M5,20139,20137,20140.5,20138.5,20136.9,20134.9,20138.3,20136.3,160
IG,2025-03-25 03:50:00.000,2025-03-25 03:55:00.000,IX.D.NASDAQ.CASH.IP,M5,20138.2,20136.2,20139.9,20137.9,20135.9,20133.9,20138,20136,108
IG,2025-03-25 03:55:01.000,2025-03-25 04:00:00.000,IX.D.NASDAQ.CASH.IP,M5,20137.9,20135.9,20140.7,20138.7,20137.2,20135.2,20140.4,20138.4,117
IG,2025-03-25 04:00:00.000,2025-03-25 04:05:00.000,IX.D.NASDAQ.CASH.IP,M5,20140.3,20138.3,20143,20141,20135.5,20133.5,20137.2,20135.2,325
IG,2025-03-25 04:05:00.000,2025-03-25 04:10:00.000,IX.D.NASDAQ.CASH.IP,M5,20137.3,20135.3,20138.8,20136.8,20133.9,20131.9,20136.5,20134.5,120
IG,2025-03-25 04:10:01.000,2025-03-25 04:15:00.000,IX.D.NASDAQ.CASH.IP,M5,20136.7,20134.7,20137.4,20135.4,20134.2,20132.2,20134.3,20132.3,89
IG,2025-03-25 04:15:00.000,2025-03-25 04:20:00.000,IX.D.NASDAQ.CASH.IP,M5,20134.4,20132.4,20135.9,20133.9,20132.7,20130.7,20134.4,20132.4,183
IG,2025-03-25 04:20:01.000,2025-03-25 04:25:00.000,IX.D.NASDAQ.CASH.IP,M5,20134.5,20132.5,20135.4,20133.4,20132.2,20130.2,20133.9,20131.9,121
IG,2025-03-25 04:25:00.000,2025-03-25 04:30:00.000,IX.D.NASDAQ.CASH.IP,M5,20134,20132,20134.8,20132.8,20131.3,20129.3,20132.3,20130.3,127
IG,2025-03-25 04:30:00.000,2025-03-25 04:35:00.000,IX.D.NASDAQ.CASH.IP,M5,20132.4,20130.4,20134.8,20132.8,20130.7,20128.7,20133.9,20131.9,142
IG,2025-03-25 04:35:00.000,2025-03-25 04:40:00.000,IX.D.NASDAQ.CASH.IP,M5,20133.8,20131.8,20137.5,20135.5,20133.8,20131.8,20137.2,20135.2,152
IG,2025-03-25 04:40:00.000,2025-03-25 04:45:00.000,IX.D.NASDAQ.CASH.IP,M5,20137.3,20135.3,20140.5,20138.5,20137.3,20135.3,20139.2,20137.2,144
IG,2025-03-25 04:45:00.000,2025-03-25 04:50:00.000,IX.D.NASDAQ.CASH.IP,M5,20139.3,20137.3,20139.3,20137.3,20136.5,20134.5,20138.5,20136.5,69
IG,2025-03-25 04:50:01.000,2025-03-25 04:55:00.000,IX.D.NASDAQ.CASH.IP,M5,20138.4,20136.4,20139.9,20137.9,20137.8,20135.8,20139.4,20137.4,57
IG,2025-03-25 04:55:00.000,2025-03-25 05:00:00.000,IX.D.NASDAQ.CASH.IP,M5,20139.5,20137.5,20140.2,20138.2,20137.5,20135.5,20137.8,20135.8,81
IG,2025-03-25 05:00:00.000,2025-03-25 05:04:56.000,IX.D.NASDAQ.CASH.IP,M5,20137.9,20135.9,20138.3,20136.3,20135.2,20133.2,20137.5,20135.5,151
IG,2025-03-25 05:05:00.000,2025-03-25 05:10:00.000,IX.D.NASDAQ.CASH.IP,M5,20137.4,20135.4,20141.4,20139.4,20135.8,20133.8,20141,20139,165
IG,2025-03-25 05:10:00.000,2025-03-25 05:15:00.000,IX.D.NASDAQ.CASH.IP,M5,20141.2,20139.2,20143,20141,20139,20137,20142.3,20140.3,153
IG,2025-03-25 05:15:00.000,2025-03-25 05:19:54.000,IX.D.NASDAQ.CASH.IP,M5,20142.2,20140.2,20144.4,20142.4,20141.9,20139.9,20143.2,20141.2,180
IG,2025-03-25 05:20:01.000,2025-03-25 05:25:00.000,IX.D.NASDAQ.CASH.IP,M5,20143,20141,20143,20141,20138.2,20136.2,20140.7,20138.7,120
IG,2025-03-25 05:25:00.000,2025-03-25 05:30:00.000,IX.D.NASDAQ.CASH.IP,M5,20140.5,20138.5,20143.5,20141.5,20139.4,20137.4,20140.5,20138.5,124
IG,2025-03-25 05:30:00.000,2025-03-25 05:35:00.000,IX.D.NASDAQ.CASH.IP,M5,20140.7,20138.7,20140.8,20138.8,20137.4,20135.4,20139.5,20137.5,87
IG,2025-03-25 05:35:00.000,2025-03-25 05:40:00.000,IX.D.NASDAQ.CASH.IP,M5,20139.4,20137.4,20140.4,20138.4,20137.5,20135.5,20139.3,20137.3,100
IG,2025-03-25 05:40:00.000,2025-03-25 05:45:00.000,IX.D.NASDAQ.CASH.IP,M5,20139.4,20137.4,20141.3,20139.3,20138.4,20136.4,20138.8,20136.8,71
IG,2025-03-25 05:45:00.000,2025-03-25 05:49:59.000,IX.D.NASDAQ.CASH.IP,M5,20138.7,20136.7,20143.2,20141.2,20138.5,20136.5,20141.5,20139.5,54
IG,2025-03-25 05:50:00.000,2025-03-25 05:54:53.000,IX.D.NASDAQ.CASH.IP,M5,20141.7,20139.7,20143.3,20141.3,20141.4,20139.4,20142.3,20140.3,62
IG,2025-03-25 05:55:03.000,2025-03-25 06:00:00.000,IX.D.NASDAQ.CASH.IP,M5,20142.2,20140.2,20143.7,20141.7,20142,20140,20143.7,20141.7,80
IG,2025-03-25 06:00:00.000,2025-03-25 06:04:59.000,IX.D.NASDAQ.CASH.IP,M5,20143.8,20141.8,20144.5,20142.5,20139.7,20137.7,20143.4,20141.4,247
IG,2025-03-25 06:05:01.000,2025-03-25 06:10:00.000,IX.D.NASDAQ.CASH.IP,M5,20143.3,20141.3,20144.5,20142.5,20139.9,20137.9,20140.5,20138.5,96
IG,2025-03-25 06:10:01.000,2025-03-25 06:15:00.000,IX.D.NASDAQ.CASH.IP,M5,20140.7,20138.7,20144.3,20142.3,20139.2,20137.2,20143.5,20141.5,196
IG,2025-03-25 06:15:00.000,2025-03-25 06:20:00.000,IX.D.NASDAQ.CASH.IP,M5,20143.4,20141.4,20145,20143,20137.5,20135.5,20139.2,20137.2,153
IG,2025-03-25 06:20:00.000,2025-03-25 06:25:00.000,IX.D.NASDAQ.CASH.IP,M5,20139,20137,20143.3,20141.3,20138.8,20136.8,20141.4,20139.4,182
IG,2025-03-25 06:25:00.000,2025-03-25 06:30:00.000,IX.D.NASDAQ.CASH.IP,M5,20141.3,20139.3,20141.5,20139.5,20138.3,20136.3,20139,20137,136
IG,2025-03-25 06:30:00.000,2025-03-25 06:35:00.000,IX.D.NASDAQ.CASH.IP,M5,20139.2,20137.2,20144.5,20142.5,20134.8,20132.8,20143.8,20141.8,278
IG,2025-03-25 06:35:00.000,2025-03-25 06:40:00.000,IX.D.NASDAQ.CASH.IP,M5,20143.7,20141.7,20146.8,20144.8,20140.8,20138.8,20144.7,20142.7,194
IG,2025-03-25 06:40:00.000,2025-03-25 06:45:00.000,IX.D.NASDAQ.CASH.IP,M5,20144.5,20142.5,20144.8,20142.8,20142.5,20140.5,20143,20141,80
IG,2025-03-25 06:45:00.000,2025-03-25 06:50:00.000,IX.D.NASDAQ.CASH.IP,M5,20143.2,20141.2,20144.5,20142.5,20138.9,20136.9,20140.5,20138.5,117
IG,2025-03-25 06:50:01.000,2025-03-25 06:55:00.000,IX.D.NASDAQ.CASH.IP,M5,20141.3,20139.3,20146.4,20144.4,20141.3,20139.3,20144.4,20142.4,207
IG,2025-03-25 06:55:02.000,2025-03-25 07:00:00.000,IX.D.NASDAQ.CASH.IP,M5,20144.9,20142.9,20152.7,20150.7,20144.8,20142.8,20151.9,20149.9,253
IG,2025-03-25 07:00:00.000,2025-03-25 07:05:00.000,IX.D.NASDAQ.CASH.IP,M5,20152,20150,20162.4,20160.4,20151.2,20149.2,20161.5,20159.5,533
IG,2025-03-25 07:05:00.000,2025-03-25 07:10:00.000,IX.D.NASDAQ.CASH.IP,M5,20161.8,20159.8,20173.7,20171.7,20161.8,20159.8,20167.9,20165.9,595
IG,2025-03-25 07:10:00.000,2025-03-25 07:15:00.000,IX.D.NASDAQ.CASH.IP,M5,20168,20166,20171.7,20169.7,20164.7,20162.7,20170.3,20168.3,298
IG,2025-03-25 07:15:00.000,2025-03-25 07:20:00.000,IX.D.NASDAQ.CASH.IP,M5,20170.4,20168.4,20173,20171,20166.3,20164.3,20168.3,20166.3,322
IG,2025-03-25 07:20:00.000,2025-03-25 07:25:00.000,IX.D.NASDAQ.CASH.IP,M5,20168.2,20166.2,20169.8,20167.8,20163.2,20161.2,20163.9,20161.9,309
IG,2025-03-25 07:25:00.000,2025-03-25 07:30:00.000,IX.D.NASDAQ.CASH.IP,M5,20163.8,20161.8,20163.8,20161.8,20159.4,20157.4,20160.5,20158.5,307
IG,2025-03-25 07:30:00.000,2025-03-25 07:35:00.000,IX.D.NASDAQ.CASH.IP,M5,20160.2,20158.2,20162.8,20160.8,20153.8,20151.8,20154,20152,430
IG,2025-03-25 07:35:00.000,2025-03-25 07:40:00.000,IX.D.NASDAQ.CASH.IP,M5,20153.9,20151.9,20155.5,20153.5,20152,20150,20155,20153,323
IG,2025-03-25 07:40:00.000,2025-03-25 07:44:59.000,IX.D.NASDAQ.CASH.IP,M5,20154.9,20152.9,20156.7,20154.7,20148.7,20146.7,20149.3,20147.3,312
IG,2025-03-25 07:44:59.000,2025-03-25 07:50:00.000,IX.D.NASDAQ.CASH.IP,M5,20149.2,20147.2,20150,20148,20144.7,20142.7,20148.5,20146.5,371
IG,2025-03-25 07:50:00.000,2025-03-25 07:55:00.000,IX.D.NASDAQ.CASH.IP,M5,20148.7,20146.7,20151.2,20149.2,20147,20145,20148.5,20146.5,264
IG,2025-03-25 07:55:00.000,2025-03-25 07:59:59.000,IX.D.NASDAQ.CASH.IP,M5,20148.4,20146.4,20150,20148,20140.2,20138.2,20140.5,20138.5,404
IG,2025-03-25 07:59:59.000,2025-03-25 08:05:00.000,IX.D.NASDAQ.CASH.IP,M5,20140.4,20138.4,20150.7,20148.7,20140.4,20138.4,20149.7,20147.7,920
IG,2025-03-25 08:05:00.000,2025-03-25 08:10:00.000,IX.D.NASDAQ.CASH.IP,M5,20150,20148,20152.7,20150.7,20125.8,20123.8,20129,20127,1604
IG,2025-03-25 08:10:00.000,2025-03-25 08:15:00.000,IX.D.NASDAQ.CASH.IP,M5,20129.2,20127.2,20134.5,20132.5,20118.5,20116.5,20119.5,20117.5,1043
IG,2025-03-25 08:15:00.000,2025-03-25 08:20:00.000,IX.D.NASDAQ.CASH.IP,M5,20119.4,20117.4,20120.3,20118.3,20096.7,20094.7,20099.2,20097.2,2104
IG,2025-03-25 08:20:00.000,2025-03-25 08:25:00.000,IX.D.NASDAQ.CASH.IP,M5,20099.8,20097.8,20116.7,20114.7,20099.2,20097.2,20114.7,20112.7,1205
IG,2025-03-25 08:25:00.000,2025-03-25 08:30:00.000,IX.D.NASDAQ.CASH.IP,M5,20114.8,20112.8,20119.3,20117.3,20100.7,20098.7,20101.2,20099.2,890
IG,2025-03-25 08:30:00.000,2025-03-25 08:35:00.000,IX.D.NASDAQ.CASH.IP,M5,20100.9,20098.9,20105.5,20103.5,20095.3,20093.3,20098.4,20096.4,689
IG,2025-03-25 08:35:00.000,2025-03-25 08:40:00.000,IX.D.NASDAQ.CASH.IP,M5,20098.5,20096.5,20110.5,20108.5,20096.2,20094.2,20108.5,20106.5,594
IG,2025-03-25 08:40:00.000,2025-03-25 08:45:00.000,IX.D.NASDAQ.CASH.IP,M5,20108.4,20106.4,20110.4,20108.4,20102.3,20100.3,20108.8,20106.8,500
IG,2025-03-25 08:45:00.000,2025-03-25 08:50:00.000,IX.D.NASDAQ.CASH.IP,M5,20108.9,20106.9,20114,20112,20103.7,20101.7,20112.3,20110.3,468
IG,2025-03-25 08:50:00.000,2025-03-25 08:55:00.000,IX.D.NASDAQ.CASH.IP,M5,20112.4,20110.4,20122.9,20120.9,20112.4,20110.4,20114.2,20112.2,808
IG,2025-03-25 08:55:00.000,2025-03-25 09:00:00.000,IX.D.NASDAQ.CASH.IP,M5,20114.8,20112.8,20116.5,20114.5,20104.2,20102.2,20106.3,20104.3,621
IG,2025-03-25 09:00:00.000,2025-03-25 09:05:00.000,IX.D.NASDAQ.CASH.IP,M5,20106.9,20104.9,20114,20112,20099.5,20097.5,20109.5,20107.5,690
IG,2025-03-25 09:05:00.000,2025-03-25 09:10:00.000,IX.D.NASDAQ.CASH.IP,M5,20109.4,20107.4,20115.5,20113.5,20098.7,20096.7,20100.5,20098.5,732
IG,2025-03-25 09:10:00.000,2025-03-25 09:15:00.000,IX.D.NASDAQ.CASH.IP,M5,20100.4,20098.4,20106.9,20104.9,20099.5,20097.5,20105,20103,300
IG,2025-03-25 09:15:00.000,2025-03-25 09:20:00.000,IX.D.NASDAQ.CASH.IP,M5,20104.9,20102.9,20110.5,20108.5,20102.8,20100.8,20108.8,20106.8,466
IG,2025-03-25 09:20:00.000,2025-03-25 09:25:00.000,IX.D.NASDAQ.CASH.IP,M5,20108.9,20106.9,20119.7,20117.7,20106.8,20104.8,20113.3,20111.3,722
IG,2025-03-25 09:25:00.000,2025-03-25 09:30:00.000,IX.D.NASDAQ.CASH.IP,M5,20113.4,20111.4,20126.8,20124.8,20108.2,20106.2,20117.8,20115.8,1582
IG,2025-03-25 09:30:00.000,2025-03-25 09:35:00.000,IX.D.NASDAQ.CASH.IP,M5,20117.7,20115.7,20128.9,20126.9,20114.8,20112.8,20128.2,20126.2,2428
IG,2025-03-25 09:35:00.000,2025-03-25 09:40:00.000,IX.D.NASDAQ.CASH.IP,M5,20128.3,20126.3,20132.5,20130.5,20126.2,20124.2,20128.5,20126.5,1419
IG,2025-03-25 09:40:00.000,2025-03-25 09:45:00.000,IX.D.NASDAQ.CASH.IP,M5,20128.7,20126.7,20133.3,20131.3,20125,20123,20132.5,20130.5,403
IG,2025-03-25 09:45:00.000,2025-03-25 09:50:00.000,IX.D.NASDAQ.CASH.IP,M5,20132.4,20130.4,20141.9,20139.9,20130.7,20128.7,20139,20137,838
IG,2025-03-25 09:50:00.000,2025-03-25 09:55:00.000,IX.D.NASDAQ.CASH.IP,M5,20139.7,20137.7,20146.7,20144.7,20134,20132,20144.9,20142.9,803
IG,2025-03-25 09:55:00.000,2025-03-25 10:00:00.000,IX.D.NASDAQ.CASH.IP,M5,20144.8,20142.8,20145.8,20143.8,20140.9,20138.9,20143.7,20141.7,411
IG,2025-03-25 10:00:00.000,2025-03-25 10:05:00.000,IX.D.NASDAQ.CASH.IP,M5,20143.5,20141.5,20149.8,20147.8,20137.5,20135.5,20138.3,20136.3,659
IG,2025-03-25 10:05:00.000,2025-03-25 10:10:00.000,IX.D.NASDAQ.CASH.IP,M5,20138.2,20136.2,20138.8,20136.8,20131.5,20129.5,20133.3,20131.3,745
IG,2025-03-25 10:10:00.000,2025-03-25 10:15:00.000,IX.D.NASDAQ.CASH.IP,M5,20133.2,20131.2,20136.2,20134.2,20122.8,20120.8,20136.2,20134.2,853
IG,2025-03-25 10:15:00.000,2025-03-25 10:20:00.000,IX.D.NASDAQ.CASH.IP,M5,20136,20134,20156.2,20154.2,20136,20134,20155.5,20153.5,960
IG,2025-03-25 10:20:00.000,2025-03-25 10:25:00.000,IX.D.NASDAQ.CASH.IP,M5,20155.3,20153.3,20166.9,20164.9,20150,20148,20157.5,20155.5,958
IG,2025-03-25 10:25:00.000,2025-03-25 10:30:00.000,IX.D.NASDAQ.CASH.IP,M5,20157.4,20155.4,20161.7,20159.7,20156,20154,20160,20158,279
IG,2025-03-25 10:30:00.000,2025-03-25 10:35:00.000,IX.D.NASDAQ.CASH.IP,M5,20159.9,20157.9,20165.7,20163.7,20157,20155,20163,20161,471
IG,2025-03-25 10:35:00.000,2025-03-25 10:40:00.000,IX.D.NASDAQ.CASH.IP,M5,20163.2,20161.2,20168,20166,20157,20155,20165.5,20163.5,528
IG,2025-03-25 10:40:00.000,2025-03-25 10:45:00.000,IX.D.NASDAQ.CASH.IP,M5,20165.7,20163.7,20175.5,20173.5,20162.3,20160.3,20174.7,20172.7,644
IG,2025-03-25 10:45:00.000,2025-03-25 10:50:00.000,IX.D.NASDAQ.CASH.IP,M5,20174.5,20172.5,20184.3,20182.3,20172.3,20170.3,20178.4,20176.4,1220
IG,2025-03-25 10:50:00.000,2025-03-25 10:55:00.000,IX.D.NASDAQ.CASH.IP,M5,20178.2,20176.2,20178.9,20176.9,20171,20169,20173.8,20171.8,454
IG,2025-03-25 10:55:00.000,2025-03-25 10:59:59.000,IX.D.NASDAQ.CASH.IP,M5,20173.7,20171.7,20179.5,20177.5,20169.4,20167.4,20175.9,20173.9,644
IG,2025-03-25 10:59:59.000,2025-03-25 11:05:00.000,IX.D.NASDAQ.CASH.IP,M5,20177,20175,20197.8,20195.8,20175.3,20173.3,20184,20182,1213
IG,2025-03-25 11:05:00.000,2025-03-25 11:10:00.000,IX.D.NASDAQ.CASH.IP,M5,20183.9,20181.9,20187,20185,20166.3,20164.3,20171.4,20169.4,1310
IG,2025-03-25 11:10:00.000,2025-03-25 11:15:00.000,IX.D.NASDAQ.CASH.IP,M5,20171.7,20169.7,20181.8,20179.8,20170.7,20168.7,20176.4,20174.4,1422
IG,2025-03-25 11:15:00.000,2025-03-25 11:20:00.000,IX.D.NASDAQ.CASH.IP,M5,20176.3,20174.3,20185,20183,20169.7,20167.7,20179.4,20177.4,485
IG,2025-03-25 11:20:00.000,2025-03-25 11:25:00.000,IX.D.NASDAQ.CASH.IP,M5,20179.5,20177.5,20183.8,20181.8,20178.4,20176.4,20178.8,20176.8,313
IG,2025-03-25 11:25:00.000,2025-03-25 11:30:00.000,IX.D.NASDAQ.CASH.IP,M5,20178.9,20176.9,20188.3,20186.3,20176.5,20174.5,20187.5,20185.5,442
IG,2025-03-25 11:30:00.000,2025-03-25 11:35:00.000,IX.D.NASDAQ.CASH.IP,M5,20187.7,20185.7,20193.7,20191.7,20181,20179,20192.8,20190.8,612
IG,2025-03-25 11:35:00.000,2025-03-25 11:40:00.000,IX.D.NASDAQ.CASH.IP,M5,20192.9,20190.9,20196.8,20194.8,20189.9,20187.9,20191,20189,721
IG,2025-03-25 11:40:00.000,2025-03-25 11:45:00.000,IX.D.NASDAQ.CASH.IP,M5,20191.3,20189.3,20200.7,20198.7,20191.2,20189.2,20196.8,20194.8,608
IG,2025-03-25 11:45:00.000,2025-03-25 11:50:00.000,IX.D.NASDAQ.CASH.IP,M5,20196.5,20194.5,20205.9,20203.9,20195.8,20193.8,20205.3,20203.3,875
IG,2025-03-25 11:50:01.000,2025-03-25 11:55:00.000,IX.D.NASDAQ.CASH.IP,M5,20205.4,20203.4,20210.3,20208.3,20201.4,20199.4,20207.5,20205.5,893
IG,2025-03-25 11:55:01.000,2025-03-25 12:00:00.000,IX.D.NASDAQ.CASH.IP,M5,20207.7,20205.7,20217.9,20215.9,20207.4,20205.4,20215,20213,1039
IG,2025-03-25 12:00:00.000,2025-03-25 12:05:00.000,IX.D.NASDAQ.CASH.IP,M5,20214.9,20212.9,20220.9,20218.9,20209,20207,20212,20210,1159
IG,2025-03-25 12:05:00.000,2025-03-25 12:10:00.000,IX.D.NASDAQ.CASH.IP,M5,20211.3,20209.3,20216.8,20214.8,20208.9,20206.9,20209.5,20207.5,764
IG,2025-03-25 12:10:00.000,2025-03-25 12:15:00.000,IX.D.NASDAQ.CASH.IP,M5,20210,20208,20215.7,20213.7,20206,20204,20214.7,20212.7,578
IG,2025-03-25 12:20:04.000,2025-03-25 12:30:00.000,IX.D.NASDAQ.CASH.IP,M5,20211.7,20209.7,20224.9,20222.9,20207.2,20205.2,20224.2,20222.2,1516
IG,2025-03-25 12:30:00.000,2025-03-25 12:35:00.000,IX.D.NASDAQ.CASH.IP,M5,20224.5,20222.5,20249.2,20247.2,20221.4,20219.4,20244.8,20242.8,2468
IG,2025-03-25 12:35:00.000,2025-03-25 12:40:00.000,IX.D.NASDAQ.CASH.IP,M5,20245,20243,20246.5,20244.5,20236.4,20234.4,20236.8,20234.8,1091
IG,2025-03-25 12:40:00.000,2025-03-25 12:45:00.000,IX.D.NASDAQ.CASH.IP,M5,20237,20235,20238.4,20236.4,20227.8,20225.8,20229.5,20227.5,970
IG,2025-03-25 12:45:00.000,2025-03-25 12:50:00.000,IX.D.NASDAQ.CASH.IP,M5,20229.4,20227.4,20234.9,20232.9,20226.7,20224.7,20229.9,20227.9,863
IG,2025-03-25 12:50:01.000,2025-03-25 12:55:00.000,IX.D.NASDAQ.CASH.IP,M5,20229.8,20227.8,20230,20228,20212.5,20210.5,20213.3,20211.3,1400
IG,2025-03-25 12:55:00.000,2025-03-25 13:00:00.000,IX.D.NASDAQ.CASH.IP,M5,20213.2,20211.2,20214.7,20212.7,20205.7,20203.7,20208.2,20206.2,1235
IG,2025-03-25 13:00:00.000,2025-03-25 13:05:00.000,IX.D.NASDAQ.CASH.IP,M5,20207.8,20205.8,20221.7,20219.7,20204.4,20202.4,20218.8,20216.8,1727
IG,2025-03-25 13:05:00.000,2025-03-25 13:10:00.000,IX.D.NASDAQ.CASH.IP,M5,20218.9,20216.9,20230.7,20228.7,20215.2,20213.2,20230.4,20228.4,1199
IG,2025-03-25 13:10:00.000,2025-03-25 13:15:00.000,IX.D.NASDAQ.CASH.IP,M5,20230.3,20228.3,20236.3,20234.3,20225.4,20223.4,20227.9,20225.9,1331
IG,2025-03-25 13:15:00.000,2025-03-25 13:20:00.000,IX.D.NASDAQ.CASH.IP,M5,20228,20226,20233.5,20231.5,20222.4,20220.4,20222.4,20220.4,1007
IG,2025-03-25 13:20:00.000,2025-03-25 13:25:00.000,IX.D.NASDAQ.CASH.IP,M5,20222.5,20220.5,20231.4,20229.4,20220.7,20218.7,20228.4,20226.4,1110
IG,2025-03-25 13:25:00.000,2025-03-25 13:30:00.000,IX.D.NASDAQ.CASH.IP,M5,20228.7,20226.7,20230.2,20228.2,20197,20195,20202.3,20201.3,3626
IG,2025-03-25 13:30:00.000,2025-03-25 13:35:00.000,IX.D.NASDAQ.CASH.IP,M5,20200.5,20199.5,20222.4,20221.4,20188.5,20187.5,20197.5,20196.5,11833
IG,2025-03-25 13:35:00.000,2025-03-25 13:40:00.000,IX.D.NASDAQ.CASH.IP,M5,20197.8,20196.8,20207.7,20206.7,20181.4,20180.4,20199,20198,10802
IG,2025-03-25 13:40:00.000,2025-03-25 13:45:00.000,IX.D.NASDAQ.CASH.IP,M5,20198.3,20197.3,20229.8,20228.8,20171.4,20170.4,20197.8,20196.8,11665
IG,2025-03-25 13:45:00.000,2025-03-25 13:50:00.000,IX.D.NASDAQ.CASH.IP,M5,20197.7,20196.7,20209.7,20208.7,20164.4,20163.4,20175.5,20174.5,8419
IG,2025-03-25 13:50:00.000,2025-03-25 13:55:00.000,IX.D.NASDAQ.CASH.IP,M5,20175.3,20174.3,20208.9,20207.9,20165.4,20164.4,20201.8,20200.8,6487
IG,2025-03-25 13:55:00.000,2025-03-25 14:00:00.000,IX.D.NASDAQ.CASH.IP,M5,20201.9,20200.9,20224.2,20223.2,20201.9,20200.9,20220.9,20219.9,5779
IG,2025-03-25 14:00:00.000,2025-03-25 14:05:00.000,IX.D.NASDAQ.CASH.IP,M5,20221.3,20220.3,20240.7,20239.7,20172.7,20171.7,20192,20191,9221
IG,2025-03-25 14:05:00.000,2025-03-25 14:10:00.000,IX.D.NASDAQ.CASH.IP,M5,20191.9,20190.9,20221,20220,20187.2,20186.2,20208,20207,6613
IG,2025-03-25 14:10:00.000,2025-03-25 14:15:00.000,IX.D.NASDAQ.CASH.IP,M5,20208.8,20207.8,20236.9,20235.9,20207.7,20206.7,20223.9,20222.9,6661
IG,2025-03-25 14:15:00.000,2025-03-25 14:20:00.000,IX.D.NASDAQ.CASH.IP,M5,20223.8,20222.8,20243.2,20242.2,20220.9,20219.9,20226.8,20225.8,5482
IG,2025-03-25 14:20:00.000,2025-03-25 14:25:00.000,IX.D.NASDAQ.CASH.IP,M5,20227.5,20226.5,20238.4,20237.4,20217.3,20216.3,20231.9,20230.9,3987
IG,2025-03-25 14:25:00.000,2025-03-25 14:30:00.000,IX.D.NASDAQ.CASH.IP,M5,20232.3,20231.3,20256.9,20255.9,20218.4,20217.4,20256.4,20255.4,6318
IG,2025-03-25 14:30:00.000,2025-03-25 14:35:00.000,IX.D.NASDAQ.CASH.IP,M5,20257,20256,20257,20256,20223.4,20222.4,20234.4,20233.4,5845
IG,2025-03-25 14:35:00.000,2025-03-25 14:40:00.000,IX.D.NASDAQ.CASH.IP,M5,20234.2,20233.2,20266.2,20265.2,20234.2,20233.2,20264.7,20263.7,5207
IG,2025-03-25 14:40:00.000,2025-03-25 14:45:00.000,IX.D.NASDAQ.CASH.IP,M5,20264.5,20263.5,20282.3,20281.3,20261.2,20260.2,20280.9,20279.9,5688
IG,2025-03-25 14:45:00.000,2025-03-25 14:50:00.000,IX.D.NASDAQ.CASH.IP,M5,20280.8,20279.8,20289.8,20288.8,20275.7,20274.7,20276.4,20275.4,5341
IG,2025-03-25 14:50:00.000,2025-03-25 14:55:00.000,IX.D.NASDAQ.CASH.IP,M5,20276.2,20275.2,20292.2,20291.2,20272.4,20271.4,20280.2,20279.2,5343
IG,2025-03-25 14:55:00.000,2025-03-25 15:00:00.000,IX.D.NASDAQ.CASH.IP,M5,20280.3,20279.3,20289.4,20288.4,20263.4,20262.4,20277.9,20276.9,5725
IG,2025-03-25 15:00:00.000,2025-03-25 15:05:00.000,IX.D.NASDAQ.CASH.IP,M5,20277.8,20276.8,20295.4,20294.4,20274.4,20273.4,20278.4,20277.4,4697
IG,2025-03-25 15:05:00.000,2025-03-25 15:10:00.000,IX.D.NASDAQ.CASH.IP,M5,20278.3,20277.3,20295.7,20294.7,20278.3,20277.3,20290.7,20289.7,3326
IG,2025-03-25 15:10:00.000,2025-03-25 15:15:00.000,IX.D.NASDAQ.CASH.IP,M5,20290.8,20289.8,20292.3,20291.3,20276.2,20275.2,20282.2,20281.2,3262
IG,2025-03-25 15:15:00.000,2025-03-25 15:20:00.000,IX.D.NASDAQ.CASH.IP,M5,20282,20281,20286.2,20285.2,20272.2,20271.2,20280.9,20279.9,3639
IG,2025-03-25 15:20:00.000,2025-03-25 15:25:00.000,IX.D.NASDAQ.CASH.IP,M5,20281,20280,20284.7,20283.7,20267.4,20266.4,20280.4,20279.4,3257
IG,2025-03-25 15:25:00.000,2025-03-25 15:29:59.000,IX.D.NASDAQ.CASH.IP,M5,20280.7,20279.7,20287.3,20286.3,20274.8,20273.8,20276.5,20275.5,2333
IG,2025-03-25 15:29:59.000,2025-03-25 15:35:00.000,IX.D.NASDAQ.CASH.IP,M5,20276.4,20275.4,20279.5,20278.5,20258.2,20257.2,20268.9,20267.9,4496
IG,2025-03-25 15:35:00.000,2025-03-25 15:40:00.000,IX.D.NASDAQ.CASH.IP,M5,20269.2,20268.2,20269.2,20268.2,20255,20254,20261.3,20260.3,3939
IG,2025-03-25 15:40:00.000,2025-03-25 15:45:00.000,IX.D.NASDAQ.CASH.IP,M5,20261.2,20260.2,20265.9,20264.9,20251.2,20250.2,20265.8,20264.8,3314
IG,2025-03-25 15:45:00.000,2025-03-25 15:50:00.000,IX.D.NASDAQ.CASH.IP,M5,20265.5,20264.5,20268,20267,20249.4,20248.4,20259.2,20258.2,3575
IG,2025-03-25 15:50:00.000,2025-03-25 15:55:00.000,IX.D.NASDAQ.CASH.IP,M5,20259.3,20258.3,20265.4,20264.4,20241.8,20240.8,20242.3,20241.3,4004
IG,2025-03-25 15:55:00.000,2025-03-25 16:00:00.000,IX.D.NASDAQ.CASH.IP,M5,20242.4,20241.4,20250.5,20249.5,20233.9,20232.9,20244.4,20243.4,4548
IG,2025-03-25 16:00:00.000,2025-03-25 16:05:00.000,IX.D.NASDAQ.CASH.IP,M5,20244.7,20243.7,20255.8,20254.8,20239.7,20238.7,20245.2,20244.2,4699
IG,2025-03-25 16:05:00.000,2025-03-25 16:10:00.000,IX.D.NASDAQ.CASH.IP,M5,20244.5,20243.5,20252.8,20251.8,20236.7,20235.7,20250.9,20249.9,3391
IG,2025-03-25 16:10:00.000,2025-03-25 16:15:00.000,IX.D.NASDAQ.CASH.IP,M5,20251,20250,20260.2,20259.2,20244.2,20243.2,20251.3,20250.3,3611
IG,2025-03-25 16:15:00.000,2025-03-25 16:20:00.000,IX.D.NASDAQ.CASH.IP,M5,20251.9,20250.9,20251.9,20250.9,20229.3,20228.3,20236.4,20235.4,3844
IG,2025-03-25 16:20:00.000,2025-03-25 16:25:00.000,IX.D.NASDAQ.CASH.IP,M5,20236.3,20235.3,20252.3,20251.3,20233.8,20232.8,20247.9,20246.9,3551
IG,2025-03-25 16:25:00.000,2025-03-25 16:30:00.000,IX.D.NASDAQ.CASH.IP,M5,20247.7,20246.7,20250.4,20249.4,20231.7,20230.7,20233.4,20232.4,3057
IG,2025-03-25 16:30:00.000,2025-03-25 16:35:00.000,IX.D.NASDAQ.CASH.IP,M5,20233.9,20232.9,20239.2,20238.2,20218.9,20217.9,20224.9,20223.9,5406
IG,2025-03-25 16:35:00.000,2025-03-25 16:40:00.000,IX.D.NASDAQ.CASH.IP,M5,20225.2,20224.2,20236.4,20235.4,20221.7,20220.7,20232.4,20231.4,3544
IG,2025-03-25 16:40:00.000,2025-03-25 16:45:00.000,IX.D.NASDAQ.CASH.IP,M5,20231.9,20230.9,20245.9,20244.9,20228.7,20227.7,20242.8,20241.8,3027
IG,2025-03-25 16:45:00.000,2025-03-25 16:50:00.000,IX.D.NASDAQ.CASH.IP,M5,20242.7,20241.7,20249.5,20248.5,20234.4,20233.4,20241.8,20240.8,2728
IG,2025-03-25 16:50:00.000,2025-03-25 16:55:00.000,IX.D.NASDAQ.CASH.IP,M5,20241.5,20240.5,20262.4,20261.4,20239.9,20238.9,20260.4,20259.4,3879
IG,2025-03-25 16:55:00.000,2025-03-25 17:00:00.000,IX.D.NASDAQ.CASH.IP,M5,20260.5,20259.5,20262.4,20261.4,20245.7,20244.7,20252.4,20251.4,3345
IG,2025-03-25 17:00:00.000,2025-03-25 17:05:00.000,IX.D.NASDAQ.CASH.IP,M5,20252.5,20251.5,20271.5,20270.5,20251.4,20250.4,20269.7,20268.7,3504
IG,2025-03-25 17:05:00.000,2025-03-25 17:10:00.000,IX.D.NASDAQ.CASH.IP,M5,20269.8,20268.8,20281.2,20280.2,20268.2,20267.2,20278.4,20277.4,2793
IG,2025-03-25 17:10:00.000,2025-03-25 17:15:00.000,IX.D.NASDAQ.CASH.IP,M5,20278.5,20277.5,20279.2,20278.2,20258,20257,20259.7,20258.7,3515
IG,2025-03-25 17:15:00.000,2025-03-25 17:20:00.000,IX.D.NASDAQ.CASH.IP,M5,20259.5,20258.5,20261.3,20260.3,20241.7,20240.7,20244.4,20243.4,3918
IG,2025-03-25 17:20:00.000,2025-03-25 17:25:00.000,IX.D.NASDAQ.CASH.IP,M5,20244.9,20243.9,20248.7,20247.7,20231.4,20230.4,20231.4,20230.4,3975
IG,2025-03-25 17:25:00.000,2025-03-25 17:30:00.000,IX.D.NASDAQ.CASH.IP,M5,20231.5,20230.5,20231.7,20230.7,20203.5,20202.5,20211.2,20210.2,5381
IG,2025-03-25 17:30:00.000,2025-03-25 17:35:00.000,IX.D.NASDAQ.CASH.IP,M5,20211,20210,20223.7,20222.7,20209.7,20208.7,20221,20220,3968
IG,2025-03-25 17:35:00.000,2025-03-25 17:40:00.000,IX.D.NASDAQ.CASH.IP,M5,20220.7,20219.7,20229.2,20228.2,20215.9,20214.9,20217.4,20216.4,3096
IG,2025-03-25 17:40:00.000,2025-03-25 17:45:00.000,IX.D.NASDAQ.CASH.IP,M5,20217.9,20216.9,20229.9,20228.9,20214,20213,20225.9,20224.9,2858
IG,2025-03-25 17:45:00.000,2025-03-25 17:50:00.000,IX.D.NASDAQ.CASH.IP,M5,20226,20225,20229.3,20228.3,20217.7,20216.7,20221,20220,2767
IG,2025-03-25 17:50:00.000,2025-03-25 17:55:00.000,IX.D.NASDAQ.CASH.IP,M5,20220.9,20219.9,20223.4,20222.4,20211.8,20210.8,20222.2,20221.2,2819
IG,2025-03-25 17:55:00.000,2025-03-25 18:00:00.000,IX.D.NASDAQ.CASH.IP,M5,20221.9,20220.9,20229,20228,20212.3,20211.3,20214.2,20213.2,2812
IG,2025-03-25 18:00:00.000,2025-03-25 18:05:00.000,IX.D.NASDAQ.CASH.IP,M5,20214.3,20213.3,20219.3,20218.3,20207.8,20206.8,20216.5,20215.5,3183
IG,2025-03-25 18:05:00.000,2025-03-25 18:10:00.000,IX.D.NASDAQ.CASH.IP,M5,20216.7,20215.7,20228.2,20227.2,20204.3,20203.3,20226.7,20225.7,4422
IG,2025-03-25 18:10:00.000,2025-03-25 18:15:00.000,IX.D.NASDAQ.CASH.IP,M5,20226.2,20225.2,20242.5,20241.5,20225.2,20224.2,20241.8,20240.8,3844
IG,2025-03-25 18:15:00.000,2025-03-25 18:20:00.000,IX.D.NASDAQ.CASH.IP,M5,20240.8,20239.8,20249.9,20248.9,20232.4,20231.4,20247,20246,4032
IG,2025-03-25 18:20:00.000,2025-03-25 18:25:00.000,IX.D.NASDAQ.CASH.IP,M5,20247.2,20246.2,20258.2,20257.2,20246.2,20245.2,20247.9,20246.9,3592
IG,2025-03-25 18:25:00.000,2025-03-25 18:30:00.000,IX.D.NASDAQ.CASH.IP,M5,20247.8,20246.8,20248.8,20247.8,20230.4,20229.4,20238.4,20237.4,3468
IG,2025-03-25 18:30:00.000,2025-03-25 18:35:00.000,IX.D.NASDAQ.CASH.IP,M5,20238.5,20237.5,20241.4,20240.4,20225.9,20224.9,20235.7,20234.7,3918
IG,2025-03-25 18:35:00.000,2025-03-25 18:40:00.000,IX.D.NASDAQ.CASH.IP,M5,20235.5,20234.5,20240.9,20239.9,20227.2,20226.2,20229.7,20228.7,2271
IG,2025-03-25 18:40:00.000,2025-03-25 18:44:59.000,IX.D.NASDAQ.CASH.IP,M5,20229.8,20228.8,20232.9,20231.9,20217.3,20216.3,20227.2,20226.2,3059
IG,2025-03-25 18:44:59.000,2025-03-25 18:50:00.000,IX.D.NASDAQ.CASH.IP,M5,20226.9,20225.9,20234.2,20233.2,20215.9,20214.9,20216,20215,2913
IG,2025-03-25 18:50:00.000,2025-03-25 18:55:00.000,IX.D.NASDAQ.CASH.IP,M5,20216.2,20215.2,20233,20232,20213.4,20212.4,20228.5,20227.5,3780
IG,2025-03-25 18:55:00.000,2025-03-25 19:00:00.000,IX.D.NASDAQ.CASH.IP,M5,20228.7,20227.7,20235.8,20234.8,20224.2,20223.2,20229.8,20228.8,2440
IG,2025-03-25 19:00:00.000,2025-03-25 19:05:00.000,IX.D.NASDAQ.CASH.IP,M5,20229.9,20228.9,20247.5,20246.5,20229.8,20228.8,20243.8,20242.8,3062
IG,2025-03-25 19:05:00.000,2025-03-25 19:10:00.000,IX.D.NASDAQ.CASH.IP,M5,20243.9,20242.9,20250.4,20249.4,20237.9,20236.9,20248,20247,2941
IG,2025-03-25 19:10:00.000,2025-03-25 19:15:00.000,IX.D.NASDAQ.CASH.IP,M5,20247.9,20246.9,20254.8,20253.8,20229.2,20228.2,20234.7,20233.7,4306
IG,2025-03-25 19:15:00.000,2025-03-25 19:20:00.000,IX.D.NASDAQ.CASH.IP,M5,20235,20234,20244.4,20243.4,20227.9,20226.9,20242.9,20241.9,2979
IG,2025-03-25 19:20:00.000,2025-03-25 19:25:00.000,IX.D.NASDAQ.CASH.IP,M5,20242.7,20241.7,20253.3,20252.3,20238.4,20237.4,20252.7,20251.7,2258
IG,2025-03-25 19:25:00.000,2025-03-25 19:30:00.000,IX.D.NASDAQ.CASH.IP,M5,20252.8,20251.8,20253.3,20252.3,20238.7,20237.7,20242.2,20241.2,2438
IG,2025-03-25 19:30:00.000,2025-03-25 19:35:00.000,IX.D.NASDAQ.CASH.IP,M5,20242,20241,20258,20257,20240.4,20239.4,20254.3,20253.3,3611
IG,2025-03-25 19:35:00.000,2025-03-25 19:40:00.000,IX.D.NASDAQ.CASH.IP,M5,20254.2,20253.2,20268.5,20267.5,20251.5,20250.5,20260.8,20259.8,5408
IG,2025-03-25 19:40:00.000,2025-03-25 19:45:00.000,IX.D.NASDAQ.CASH.IP,M5,20260.4,20259.4,20270.7,20269.7,20258.4,20257.4,20267.2,20266.2,3385
IG,2025-03-25 19:45:00.000,2025-03-25 19:50:00.000,IX.D.NASDAQ.CASH.IP,M5,20267.3,20266.3,20288.2,20287.2,20263.4,20262.4,20275.3,20274.3,5703
IG,2025-03-25 19:50:00.000,2025-03-25 19:55:00.000,IX.D.NASDAQ.CASH.IP,M5,20275.2,20274.2,20293.5,20292.5,20264.3,20263.3,20293,20292,8536
IG,2025-03-25 19:55:00.000,2025-03-25 20:00:00.000,IX.D.NASDAQ.CASH.IP,M5,20293.2,20292.2,20293.2,20292.2,20277.4,20276.4,20291.9,20289.9,12947
IG,2025-03-25 20:00:00.000,2025-03-25 20:05:00.000,IX.D.NASDAQ.CASH.IP,M5,20292,20290,20305.3,20303.3,20288.9,20286.9,20302.7,20300.7,5759
IG,2025-03-25 20:05:00.000,2025-03-25 20:10:00.000,IX.D.NASDAQ.CASH.IP,M5,20302.5,20300.5,20310.4,20308.4,20300.7,20298.7,20306.4,20304.4,1843
IG,2025-03-25 20:10:00.000,2025-03-25 20:15:00.000,IX.D.NASDAQ.CASH.IP,M5,20306.7,20304.7,20309.4,20307.4,20302,20300,20304.7,20302.7,1315
IG,2025-03-25 20:15:00.000,2025-03-25 20:20:00.000,IX.D.NASDAQ.CASH.IP,M5,20304.9,20302.9,20313.8,20311.8,20304.5,20302.5,20312.4,20310.4,842
IG,2025-03-25 20:20:00.000,2025-03-25 20:24:57.000,IX.D.NASDAQ.CASH.IP,M5,20312.5,20310.5,20313.9,20311.9,20309.2,20307.2,20313.2,20311.2,647
IG,2025-03-25 20:25:00.000,2025-03-25 20:30:00.000,IX.D.NASDAQ.CASH.IP,M5,20313,20311,20321,20319,20312.5,20310.5,20319.7,20317.7,1065
IG,2025-03-25 20:30:00.000,2025-03-25 20:35:00.000,IX.D.NASDAQ.CASH.IP,M5,20319.5,20317.5,20321.2,20319.2,20317.5,20315.5,20320.4,20318.4,444
IG,2025-03-25 20:35:02.000,2025-03-25 20:40:00.000,IX.D.NASDAQ.CASH.IP,M5,20320.5,20318.5,20326.2,20324.2,20319.7,20317.7,20323.9,20321.9,598
IG,2025-03-25 20:40:00.000,2025-03-25 20:45:00.000,IX.D.NASDAQ.CASH.IP,M5,20323.7,20321.7,20323.9,20321.9,20319.5,20317.5,20320.7,20318.7,482
IG,2025-03-25 20:45:00.000,2025-03-25 20:50:00.000,IX.D.NASDAQ.CASH.IP,M5,20320.5,20318.5,20322.7,20320.7,20317.7,20315.7,20318.5,20316.5,474
IG,2025-03-25 20:50:00.000,2025-03-25 20:55:00.000,IX.D.NASDAQ.CASH.IP,M5,20318.2,20316.2,20319.2,20317.2,20315,20313,20315,20313,357
IG,2025-03-25 20:55:00.000,2025-03-25 21:00:00.000,IX.D.NASDAQ.CASH.IP,M5,20315.2,20313.2,20321.1,20319,20314.2,20312.2,20320.9,20315.9,539
IG,2025-03-25 21:00:03.000,2025-03-25 21:04:34.000,IX.D.NASDAQ.CASH.IP,M5,20321,20316,20321,20316,20318.6,20313.6,20318.6,20313.6,0
IG,2025-03-25 21:05:02.000,2025-03-25 21:09:43.000,IX.D.NASDAQ.CASH.IP,M5,20318.8,20313.8,20318.8,20313.8,20317.1,20312.1,20318,20313,0
IG,2025-03-25 21:10:02.000,2025-03-25 21:14:59.000,IX.D.NASDAQ.CASH.IP,M5,20318.2,20313.2,20319.1,20314.1,20316,20311,20316.7,20311.7,0
IG,2025-03-25 21:15:09.000,2025-03-25 21:19:25.000,IX.D.NASDAQ.CASH.IP,M5,20316.4,20311.4,20317.2,20312.2,20316.4,20311.4,20317.1,20312.1,0
IG,2025-03-25 21:20:17.000,2025-03-25 21:24:50.000,IX.D.NASDAQ.CASH.IP,M5,20316.9,20311.9,20320.9,20315.9,20316.7,20311.7,20318.3,20313.3,0
IG,2025-03-25 21:26:32.000,2025-03-25 21:29:50.000,IX.D.NASDAQ.CASH.IP,M5,20317.6,20312.6,20319.1,20314.1,20317.6,20312.6,20319.1,20314.1,0
IG,2025-03-25 21:30:26.000,2025-03-25 21:34:49.000,IX.D.NASDAQ.CASH.IP,M5,20320.2,20315.2,20320.2,20315.2,20319,20314,20319.5,20314.5,0
IG,2025-03-25 21:36:18.000,2025-03-25 21:39:34.000,IX.D.NASDAQ.CASH.IP,M5,20319.4,20314.4,20320.2,20315.2,20319.4,20314.4,20319.6,20314.6,0
IG,2025-03-25 21:41:01.000,2025-03-25 21:44:04.000,IX.D.NASDAQ.CASH.IP,M5,20319.8,20314.8,20319.9,20314.9,20318.5,20313.5,20318.6,20313.6,0
IG,2025-03-25 21:45:09.000,2025-03-25 21:46:38.000,IX.D.NASDAQ.CASH.IP,M5,20318.9,20313.9,20318.9,20313.9,20317.9,20312.9,20317.9,20312.9,0
IG,2025-03-25 21:51:05.000,2025-03-25 21:54:50.000,IX.D.NASDAQ.CASH.IP,M5,20317.7,20312.7,20317.7,20312.7,20316.8,20311.8,20316.8,20311.8,0
IG,2025-03-25 21:55:02.000,2025-03-25 22:00:00.000,IX.D.NASDAQ.CASH.IP,M5,20316.3,20311.3,20318.2,20316.2,20314.7,20311.3,20318.2,20316.2,23
IG,2025-03-25 22:00:00.000,2025-03-25 22:05:00.000,IX.D.NASDAQ.CASH.IP,M5,20316.2,20314.2,20320,20318,20311.4,20309.4,20316.5,20314.5,539
IG,2025-03-25 22:05:00.000,2025-03-25 22:10:00.000,IX.D.NASDAQ.CASH.IP,M5,20316.7,20314.7,20324.2,20322.2,20313.7,20311.7,20321.7,20319.7,422
IG,2025-03-25 22:10:00.000,2025-03-25 22:15:00.000,IX.D.NASDAQ.CASH.IP,M5,20321.8,20319.8,20330.9,20328.9,20321.7,20319.7,20321.9,20319.9,598
IG,2025-03-25 22:15:00.000,2025-03-25 22:20:00.000,IX.D.NASDAQ.CASH.IP,M5,20322,20320,20323.7,20321.7,20318.3,20316.3,20319.8,20317.8,223
IG,2025-03-25 22:20:02.000,2025-03-25 22:25:00.000,IX.D.NASDAQ.CASH.IP,M5,20320,20318,20320.4,20318.4,20317.2,20315.2,20318.2,20316.2,243
IG,2025-03-25 22:25:00.000,2025-03-25 22:30:00.000,IX.D.NASDAQ.CASH.IP,M5,20318,20316,20318.2,20316.2,20314.7,20312.7,20316,20314,156
IG,2025-03-25 22:30:00.000,2025-03-25 22:35:00.000,IX.D.NASDAQ.CASH.IP,M5,20316.2,20314.2,20317.3,20315.3,20314.7,20312.7,20314.9,20312.9,120
IG,2025-03-25 22:35:00.000,2025-03-25 22:40:00.000,IX.D.NASDAQ.CASH.IP,M5,20315,20313,20317,20315,20312.3,20310.3,20312.8,20310.8,324
IG,2025-03-25 22:40:00.000,2025-03-25 22:45:00.000,IX.D.NASDAQ.CASH.IP,M5,20312.9,20310.9,20314,20312,20308.8,20306.8,20313.2,20311.2,280
IG,2025-03-25 22:45:01.000,2025-03-25 22:50:00.000,IX.D.NASDAQ.CASH.IP,M5,20313.3,20311.3,20315.3,20313.3,20311,20309,20313.8,20311.8,157
IG,2025-03-25 22:50:01.000,2025-03-25 22:55:00.000,IX.D.NASDAQ.CASH.IP,M5,20313.9,20311.9,20318,20316,20313.9,20311.9,20315.8,20313.8,193
IG,2025-03-25 22:55:00.000,2025-03-25 23:00:00.000,IX.D.NASDAQ.CASH.IP,M5,20315.9,20313.9,20317.5,20315.5,20312.8,20310.8,20313.5,20311.5,163
IG,2025-03-25 23:00:00.000,2025-03-25 23:04:58.000,IX.D.NASDAQ.CASH.IP,M5,20313.7,20311.7,20321.2,20319.2,20313.5,20311.5,20317.2,20315.2,304
IG,2025-03-25 23:05:00.000,2025-03-25 23:10:00.000,IX.D.NASDAQ.CASH.IP,M5,20317.3,20315.3,20319.5,20317.5,20315.7,20313.7,20319.4,20317.4,98
IG,2025-03-25 23:10:02.000,2025-03-25 23:15:00.000,IX.D.NASDAQ.CASH.IP,M5,20319.5,20317.5,20320.3,20318.3,20316.8,20314.8,20319.2,20317.2,128
IG,2025-03-25 23:15:03.000,2025-03-25 23:19:59.000,IX.D.NASDAQ.CASH.IP,M5,20319,20317,20320.4,20318.4,20317.3,20315.3,20317.5,20315.5,110
IG,2025-03-25 23:20:00.000,2025-03-25 23:25:00.000,IX.D.NASDAQ.CASH.IP,M5,20317.7,20315.7,20319.4,20317.4,20315.3,20313.3,20318.8,20316.8,108
IG,2025-03-25 23:25:01.000,2025-03-25 23:30:00.000,IX.D.NASDAQ.CASH.IP,M5,20318.5,20316.5,20322,20320,20318.5,20316.5,20319.4,20317.4,108
IG,2025-03-25 23:30:02.000,2025-03-25 23:34:51.000,IX.D.NASDAQ.CASH.IP,M5,20319.5,20317.5,20322.9,20320.9,20316.3,20314.3,20320.8,20318.8,170
IG,2025-03-25 23:35:00.000,2025-03-25 23:40:00.000,IX.D.NASDAQ.CASH.IP,M5,20320.7,20318.7,20324.5,20322.5,20319.3,20317.3,20323.8,20321.8,126
IG,2025-03-25 23:40:00.000,2025-03-25 23:45:00.000,IX.D.NASDAQ.CASH.IP,M5,20323.7,20321.7,20326.8,20324.8,20323,20321,20325.9,20323.9,156
IG,2025-03-25 23:45:00.000,2025-03-25 23:50:00.000,IX.D.NASDAQ.CASH.IP,M5,20325.8,20323.8,20336.5,20334.5,20325.2,20323.2,20332.2,20330.2,573
IG,2025-03-25 23:50:00.000,2025-03-25 23:55:00.000,IX.D.NASDAQ.CASH.IP,M5,20331.9,20329.9,20334,20332,20328.7,20326.7,20330.3,20328.3,202
IG,2025-03-25 23:55:00.000,2025-03-26 00:00:00.000,IX.D.NASDAQ.CASH.IP,M5,20330,20328,20330.2,20328.2,20325.7,20323.7,20325.7,20323.7,244
IG,2025-03-26 00:00:00.000,2025-03-26 00:05:00.000,IX.D.NASDAQ.CASH.IP,M5,20326.3,20324.3,20329.2,20327.2,20316,20314,20317.4,20315.4,494
IG,2025-03-26 00:05:00.000,2025-03-26 00:10:00.000,IX.D.NASDAQ.CASH.IP,M5,20317.5,20315.5,20321.3,20319.3,20316.8,20314.8,20319.9,20317.9,138
IG,2025-03-26 00:10:00.000,2025-03-26 00:15:00.000,IX.D.NASDAQ.CASH.IP,M5,20319.8,20317.8,20325,20323,20318,20316,20325,20323,221
IG,2025-03-26 00:15:00.000,2025-03-26 00:20:00.000,IX.D.NASDAQ.CASH.IP,M5,20325.2,20323.2,20330.3,20328.3,20322.7,20320.7,20324.4,20322.4,330
IG,2025-03-26 00:20:00.000,2025-03-26 00:25:00.000,IX.D.NASDAQ.CASH.IP,M5,20324.5,20322.5,20329.2,20327.2,20323.5,20321.5,20326.3,20324.3,180
IG,2025-03-26 00:25:01.000,2025-03-26 00:30:00.000,IX.D.NASDAQ.CASH.IP,M5,20326.2,20324.2,20326.9,20324.9,20322.7,20320.7,20323.4,20321.4,124
IG,2025-03-26 00:30:00.000,2025-03-26 00:35:00.000,IX.D.NASDAQ.CASH.IP,M5,20323.3,20321.3,20335.5,20333.5,20322.9,20320.9,20335.5,20333.5,403
IG,2025-03-26 00:35:00.000,2025-03-26 00:40:00.000,IX.D.NASDAQ.CASH.IP,M5,20335.7,20333.7,20337.7,20335.7,20333.2,20331.2,20336,20334,418
IG,2025-03-26 00:40:00.000,2025-03-26 00:45:00.000,IX.D.NASDAQ.CASH.IP,M5,20335.9,20333.9,20341.2,20339.2,20335,20333,20337.5,20335.5,346
IG,2025-03-26 00:45:00.000,2025-03-26 00:50:00.000,IX.D.NASDAQ.CASH.IP,M5,20337.4,20335.4,20337.7,20335.7,20332.4,20330.4,20333,20331,205
IG,2025-03-26 00:50:00.000,2025-03-26 00:55:00.000,IX.D.NASDAQ.CASH.IP,M5,20332.9,20330.9,20334.3,20332.3,20331,20329,20333,20331,145
IG,2025-03-26 00:55:00.000,2025-03-26 01:00:00.000,IX.D.NASDAQ.CASH.IP,M5,20332.9,20330.9,20333.4,20331.4,20329.8,20327.8,20330.7,20328.7,145
IG,2025-03-26 01:00:00.000,2025-03-26 01:05:00.000,IX.D.NASDAQ.CASH.IP,M5,20330.8,20328.8,20331,20329,20324.7,20322.7,20324.8,20322.8,263
IG,2025-03-26 01:05:01.000,2025-03-26 01:10:00.000,IX.D.NASDAQ.CASH.IP,M5,20324.7,20322.7,20326,20324,20317.5,20315.5,20322.3,20320.3,386
IG,2025-03-26 01:10:00.000,2025-03-26 01:15:00.000,IX.D.NASDAQ.CASH.IP,M5,20322.2,20320.2,20326,20324,20321.4,20319.4,20324,20322,187
IG,2025-03-26 01:15:00.000,2025-03-26 01:20:00.000,IX.D.NASDAQ.CASH.IP,M5,20323.9,20321.9,20326.8,20324.8,20321.9,20319.9,20324.2,20322.2,148
IG,2025-03-26 01:20:00.000,2025-03-26 01:25:00.000,IX.D.NASDAQ.CASH.IP,M5,20324.3,20322.3,20324.9,20322.9,20317.5,20315.5,20320.2,20318.2,347
IG,2025-03-26 01:25:00.000,2025-03-26 01:30:00.000,IX.D.NASDAQ.CASH.IP,M5,20320.3,20318.3,20322.8,20320.8,20315.4,20313.4,20317.8,20315.8,269
IG,2025-03-26 01:30:00.000,2025-03-26 01:35:00.000,IX.D.NASDAQ.CASH.IP,M5,20317.9,20315.9,20318.4,20316.4,20313,20311,20315.2,20313.2,290
IG,2025-03-26 01:35:00.000,2025-03-26 01:40:00.000,IX.D.NASDAQ.CASH.IP,M5,20315.3,20313.3,20317.2,20315.2,20313.4,20311.4,20314.2,20312.2,123
IG,2025-03-26 01:40:00.000,2025-03-26 01:45:00.000,IX.D.NASDAQ.CASH.IP,M5,20314.3,20312.3,20315.4,20313.4,20311.9,20309.9,20314.4,20312.4,275
IG,2025-03-26 01:45:00.000,2025-03-26 01:50:00.000,IX.D.NASDAQ.CASH.IP,M5,20314.5,20312.5,20318.9,20316.9,20312.8,20310.8,20317.4,20315.4,280
IG,2025-03-26 01:50:00.000,2025-03-26 01:54:59.000,IX.D.NASDAQ.CASH.IP,M5,20317.3,20315.3,20318,20316,20309.8,20307.8,20317,20315,501
IG,2025-03-26 01:55:01.000,2025-03-26 02:00:00.000,IX.D.NASDAQ.CASH.IP,M5,20316.7,20314.7,20316.9,20314.9,20313.5,20311.5,20314.8,20312.8,149
IG,2025-03-26 02:00:01.000,2025-03-26 02:05:00.000,IX.D.NASDAQ.CASH.IP,M5,20314.9,20312.9,20317,20315,20309.9,20307.9,20310.7,20308.7,247
IG,2025-03-26 02:05:00.000,2025-03-26 02:10:00.000,IX.D.NASDAQ.CASH.IP,M5,20310.5,20308.5,20311,20309,20303.9,20301.9,20308.4,20306.4,512
IG,2025-03-26 02:10:00.000,2025-03-26 02:15:00.000,IX.D.NASDAQ.CASH.IP,M5,20308.5,20306.5,20309.3,20307.3,20303.7,20301.7,20304.8,20302.8,294
IG,2025-03-26 02:15:00.000,2025-03-26 02:20:00.000,IX.D.NASDAQ.CASH.IP,M5,20304.9,20302.9,20306.2,20304.2,20300.3,20298.3,20302.7,20300.7,302
IG,2025-03-26 02:20:00.000,2025-03-26 02:25:00.000,IX.D.NASDAQ.CASH.IP,M5,20302.5,20300.5,20304.8,20302.8,20280.9,20278.9,20281,20279,838
IG,2025-03-26 02:25:00.000,2025-03-26 02:29:59.000,IX.D.NASDAQ.CASH.IP,M5,20281.3,20279.3,20285.8,20283.8,20276.5,20274.5,20280.7,20278.7,680
IG,2025-03-26 02:30:01.000,2025-03-26 02:35:00.000,IX.D.NASDAQ.CASH.IP,M5,20280.5,20278.5,20283.5,20281.5,20278.5,20276.5,20283.4,20281.4,361
IG,2025-03-26 02:35:00.000,2025-03-26 02:40:00.000,IX.D.NASDAQ.CASH.IP,M5,20283.3,20281.3,20287,20285,20280.9,20278.9,20282.9,20280.9,486
IG,2025-03-26 02:40:00.000,2025-03-26 02:44:58.000,IX.D.NASDAQ.CASH.IP,M5,20283,20281,20288.5,20286.5,20282.7,20280.7,20287.9,20285.9,313
IG,2025-03-26 02:45:00.000,2025-03-26 02:49:59.000,IX.D.NASDAQ.CASH.IP,M5,20288,20286,20293.9,20291.9,20286.5,20284.5,20293.7,20291.7,369
IG,2025-03-26 02:50:00.000,2025-03-26 02:54:59.000,IX.D.NASDAQ.CASH.IP,M5,20293.5,20291.5,20297.8,20295.8,20291.8,20289.8,20295.9,20293.9,323
IG,2025-03-26 02:55:03.000,2025-03-26 03:00:00.000,IX.D.NASDAQ.CASH.IP,M5,20296,20294,20299.9,20297.9,20293.7,20291.7,20296.5,20294.5,257
IG,2025-03-26 03:00:00.000,2025-03-26 03:05:00.000,IX.D.NASDAQ.CASH.IP,M5,20296.7,20294.7,20298,20296,20294.5,20292.5,20296.9,20294.9,131
IG,2025-03-26 03:05:00.000,2025-03-26 03:10:00.000,IX.D.NASDAQ.CASH.IP,M5,20296.8,20294.8,20298.7,20296.7,20295.4,20293.4,20296,20294,114
IG,2025-03-26 03:10:03.000,2025-03-26 03:15:00.000,IX.D.NASDAQ.CASH.IP,M5,20296.5,20294.5,20296.8,20294.8,20289.7,20287.7,20291,20289,295
IG,2025-03-26 03:15:00.000,2025-03-26 03:20:00.000,IX.D.NASDAQ.CASH.IP,M5,20290.9,20288.9,20294,20292,20288.5,20286.5,20289.5,20287.5,231
IG,2025-03-26 03:20:00.000,2025-03-26 03:25:00.000,IX.D.NASDAQ.CASH.IP,M5,20289.7,20287.7,20292.3,20290.3,20289.5,20287.5,20289.8,20287.8,128
IG,2025-03-26 03:25:00.000,2025-03-26 03:30:00.000,IX.D.NASDAQ.CASH.IP,M5,20289.9,20287.9,20292.3,20290.3,20288.7,20286.7,20289.2,20287.2,130
IG,2025-03-26 03:30:00.000,2025-03-26 03:35:00.000,IX.D.NASDAQ.CASH.IP,M5,20289,20287,20289,20287,20283.7,20281.7,20285.8,20283.8,215
IG,2025-03-26 03:35:02.000,2025-03-26 03:39:58.000,IX.D.NASDAQ.CASH.IP,M5,20285.7,20283.7,20285.8,20283.8,20276.8,20274.8,20280,20278,313
IG,2025-03-26 03:40:00.000,2025-03-26 03:45:00.000,IX.D.NASDAQ.CASH.IP,M5,20280.2,20278.2,20282.4,20280.4,20279,20277,20280.5,20278.5,146
IG,2025-03-26 03:45:00.000,2025-03-26 03:49:59.000,IX.D.NASDAQ.CASH.IP,M5,20280.7,20278.7,20281.9,20279.9,20274.2,20272.2,20281.3,20279.3,378
IG,2025-03-26 03:50:00.000,2025-03-26 03:55:00.000,IX.D.NASDAQ.CASH.IP,M5,20281.5,20279.5,20284,20282,20280,20278,20280.8,20278.8,227
IG,2025-03-26 03:55:00.000,2025-03-26 04:00:00.000,IX.D.NASDAQ.CASH.IP,M5,20280.7,20278.7,20284.7,20282.7,20280.3,20278.3,20284.2,20282.2,117
IG,2025-03-26 04:00:00.000,2025-03-26 04:05:00.000,IX.D.NASDAQ.CASH.IP,M5,20284.3,20282.3,20285,20283,20280.4,20278.4,20281,20279,149
IG,2025-03-26 04:05:00.000,2025-03-26 04:10:00.000,IX.D.NASDAQ.CASH.IP,M5,20281.2,20279.2,20284.2,20282.2,20279.7,20277.7,20284,20282,94
IG,2025-03-26 04:10:03.000,2025-03-26 04:15:00.000,IX.D.NASDAQ.CASH.IP,M5,20283.9,20281.9,20284.5,20282.5,20280.3,20278.3,20281.3,20279.3,163
IG,2025-03-26 04:15:00.000,2025-03-26 04:20:00.000,IX.D.NASDAQ.CASH.IP,M5,20281,20279,20282.3,20280.3,20279.2,20277.2,20281,20279,130
IG,2025-03-26 04:20:00.000,2025-03-26 04:25:00.000,IX.D.NASDAQ.CASH.IP,M5,20281.2,20279.2,20281.7,20279.7,20277.7,20275.7,20278.2,20276.2,75
IG,2025-03-26 04:25:02.000,2025-03-26 04:30:00.000,IX.D.NASDAQ.CASH.IP,M5,20278,20276,20280,20278,20277.7,20275.7,20278,20276,69
IG,2025-03-26 04:30:03.000,2025-03-26 04:34:51.000,IX.D.NASDAQ.CASH.IP,M5,20278.2,20276.2,20282,20280,20277.3,20275.3,20281.3,20279.3,97
IG,2025-03-26 04:35:03.000,2025-03-26 04:39:56.000,IX.D.NASDAQ.CASH.IP,M5,20281.4,20279.4,20285.3,20283.3,20281.3,20279.3,20285.3,20283.3,86
IG,2025-03-26 04:40:00.000,2025-03-26 04:45:00.000,IX.D.NASDAQ.CASH.IP,M5,20285.2,20283.2,20286.5,20284.5,20282.2,20280.2,20284.9,20282.9,135
IG,2025-03-26 04:45:00.000,2025-03-26 04:50:00.000,IX.D.NASDAQ.CASH.IP,M5,20285,20283,20285.8,20283.8,20280.8,20278.8,20282.4,20280.4,107
IG,2025-03-26 04:50:01.000,2025-03-26 04:55:00.000,IX.D.NASDAQ.CASH.IP,M5,20282.5,20280.5,20286.9,20284.9,20281.8,20279.8,20286.5,20284.5,71
IG,2025-03-26 04:55:00.000,2025-03-26 05:00:00.000,IX.D.NASDAQ.CASH.IP,M5,20286.7,20284.7,20288.5,20286.5,20285.7,20283.7,20288.2,20286.2,89
IG,2025-03-26 05:00:00.000,2025-03-26 05:05:00.000,IX.D.NASDAQ.CASH.IP,M5,20288,20286,20292,20290,20286.5,20284.5,20291.3,20289.3,130
IG,2025-03-26 05:05:00.000,2025-03-26 05:10:00.000,IX.D.NASDAQ.CASH.IP,M5,20291.4,20289.4,20294.2,20292.2,20290.8,20288.8,20293,20291,99
IG,2025-03-26 05:10:01.000,2025-03-26 05:15:00.000,IX.D.NASDAQ.CASH.IP,M5,20292.9,20290.9,20294,20292,20291.4,20289.4,20292.9,20290.9,119
IG,2025-03-26 05:15:00.000,2025-03-26 05:20:00.000,IX.D.NASDAQ.CASH.IP,M5,20293,20291,20295.4,20293.4,20292.5,20290.5,20294.8,20292.8,109
IG,2025-03-26 05:20:00.000,2025-03-26 05:25:00.000,IX.D.NASDAQ.CASH.IP,M5,20294.9,20292.9,20298.9,20296.9,20292.5,20290.5,20293.3,20291.3,187
IG,2025-03-26 05:25:00.000,2025-03-26 05:30:00.000,IX.D.NASDAQ.CASH.IP,M5,20293.2,20291.2,20293.3,20291.3,20286,20284,20286.3,20284.3,165
IG,2025-03-26 05:30:00.000,2025-03-26 05:34:59.000,IX.D.NASDAQ.CASH.IP,M5,20285.8,20283.8,20286.5,20284.5,20284,20282,20284,20282,123
IG,2025-03-26 05:35:00.000,2025-03-26 05:39:59.000,IX.D.NASDAQ.CASH.IP,M5,20284.2,20282.2,20284.7,20282.7,20280.9,20278.9,20280.9,20278.9,81
IG,2025-03-26 05:40:02.000,2025-03-26 05:45:00.000,IX.D.NASDAQ.CASH.IP,M5,20281,20279,20282.5,20280.5,20274.2,20272.2,20277.9,20275.9,259
IG,2025-03-26 05:45:00.000,2025-03-26 05:50:00.000,IX.D.NASDAQ.CASH.IP,M5,20278,20276,20279,20277,20267.3,20265.3,20269.5,20267.5,317
IG,2025-03-26 05:50:00.000,2025-03-26 05:55:00.000,IX.D.NASDAQ.CASH.IP,M5,20269.4,20267.4,20271.4,20269.4,20265.3,20263.3,20270.2,20268.2,296
IG,2025-03-26 05:55:00.000,2025-03-26 06:00:00.000,IX.D.NASDAQ.CASH.IP,M5,20270.3,20268.3,20270.4,20268.4,20263,20261,20264.3,20262.3,270
IG,2025-03-26 06:00:00.000,2025-03-26 06:05:00.000,IX.D.NASDAQ.CASH.IP,M5,20264.2,20262.2,20265.9,20263.9,20260.5,20258.5,20263.8,20261.8,309
IG,2025-03-26 06:05:00.000,2025-03-26 06:10:00.000,IX.D.NASDAQ.CASH.IP,M5,20264.9,20262.9,20267.4,20265.4,20263,20261,20263.8,20261.8,163
IG,2025-03-26 06:10:00.000,2025-03-26 06:15:00.000,IX.D.NASDAQ.CASH.IP,M5,20263.5,20261.5,20265.4,20263.4,20262,20260,20262.8,20260.8,136
IG,2025-03-26 06:15:00.000,2025-03-26 06:19:58.000,IX.D.NASDAQ.CASH.IP,M5,20262.5,20260.5,20264.7,20262.7,20261.2,20259.2,20263.4,20261.4,145
IG,2025-03-26 06:20:03.000,2025-03-26 06:25:00.000,IX.D.NASDAQ.CASH.IP,M5,20263.5,20261.5,20268.8,20266.8,20261.8,20259.8,20266.3,20264.3,186
IG,2025-03-26 06:25:01.000,2025-03-26 06:30:00.000,IX.D.NASDAQ.CASH.IP,M5,20266.4,20264.4,20269.3,20267.3,20258,20256,20258.7,20256.7,272
IG,2025-03-26 06:30:00.000,2025-03-26 06:35:00.000,IX.D.NASDAQ.CASH.IP,M5,20258.8,20256.8,20264.2,20262.2,20258,20256,20258.4,20256.4,192
IG,2025-03-26 06:35:00.000,2025-03-26 06:40:00.000,IX.D.NASDAQ.CASH.IP,M5,20258.3,20256.3,20265.7,20263.7,20257.7,20255.7,20264.7,20262.7,116
IG,2025-03-26 06:40:00.000,2025-03-26 06:45:00.000,IX.D.NASDAQ.CASH.IP,M5,20264.5,20262.5,20270.8,20268.8,20264.3,20262.3,20268.2,20266.2,306
IG,2025-03-26 06:45:00.000,2025-03-26 06:50:00.000,IX.D.NASDAQ.CASH.IP,M5,20268.3,20266.3,20271.4,20269.4,20267.8,20265.8,20270.3,20268.3,114
IG,2025-03-26 06:50:00.000,2025-03-26 06:55:00.000,IX.D.NASDAQ.CASH.IP,M5,20270.4,20268.4,20276.8,20274.8,20269.5,20267.5,20275.5,20273.5,207
IG,2025-03-26 06:55:00.000,2025-03-26 07:00:00.000,IX.D.NASDAQ.CASH.IP,M5,20275.7,20273.7,20279,20277,20274.3,20272.3,20278.7,20276.7,204
IG,2025-03-26 07:00:00.000,2025-03-26 07:05:00.000,IX.D.NASDAQ.CASH.IP,M5,20278.4,20276.4,20285,20283,20274.2,20272.2,20282,20280,480
IG,2025-03-26 07:05:00.000,2025-03-26 07:10:00.000,IX.D.NASDAQ.CASH.IP,M5,20281.9,20279.9,20287.8,20285.8,20279.9,20277.9,20281.3,20279.3,328
IG,2025-03-26 07:10:00.000,2025-03-26 07:14:57.000,IX.D.NASDAQ.CASH.IP,M5,20281.2,20279.2,20281.4,20279.4,20275.7,20273.7,20276.2,20274.2,189
IG,2025-03-26 07:15:00.000,2025-03-26 07:19:58.000,IX.D.NASDAQ.CASH.IP,M5,20276.7,20274.7,20290.7,20288.7,20276.4,20274.4,20289.5,20287.5,298
IG,2025-03-26 07:20:00.000,2025-03-26 07:25:00.000,IX.D.NASDAQ.CASH.IP,M5,20289.7,20287.7,20292.9,20290.9,20287.8,20285.8,20292.5,20290.5,340
IG,2025-03-26 07:25:00.000,2025-03-26 07:30:00.000,IX.D.NASDAQ.CASH.IP,M5,20292.7,20290.7,20295.8,20293.8,20290.9,20288.9,20294.5,20292.5,196
IG,2025-03-26 07:30:00.000,2025-03-26 07:35:00.000,IX.D.NASDAQ.CASH.IP,M5,20294.4,20292.4,20296.3,20294.3,20292.3,20290.3,20294.9,20292.9,171
IG,2025-03-26 07:35:01.000,2025-03-26 07:40:00.000,IX.D.NASDAQ.CASH.IP,M5,20295.2,20293.2,20302,20300,20293.2,20291.2,20302,20300,408
IG,2025-03-26 07:40:01.000,2025-03-26 07:45:00.000,IX.D.NASDAQ.CASH.IP,M5,20302.2,20300.2,20302.5,20300.5,20296.3,20294.3,20298,20296,178
IG,2025-03-26 07:45:00.000,2025-03-26 07:50:00.000,IX.D.NASDAQ.CASH.IP,M5,20298.2,20296.2,20299.8,20297.8,20290.9,20288.9,20294.2,20292.2,270
IG,2025-03-26 07:54:32.000,2025-03-26 08:05:01.000,IX.D.NASDAQ.CASH.IP,M5,20293.9,20291.9,20296.4,20294.4,20272.9,20270.9,20277.5,20275.5,1417
IG,2025-03-26 08:05:01.000,2025-03-26 08:10:01.000,IX.D.NASDAQ.CASH.IP,M5,20277.7,20275.7,20278.5,20276.5,20262.3,20260.3,20268.8,20266.8,952
IG,2025-03-26 08:10:01.000,2025-03-26 08:15:01.000,IX.D.NASDAQ.CASH.IP,M5,20268.5,20266.5,20274.2,20272.2,20245.4,20243.4,20262.9,20260.9,1326
IG,2025-03-26 08:15:01.000,2025-03-26 08:20:01.000,IX.D.NASDAQ.CASH.IP,M5,20263,20261,20268.3,20266.3,20247.3,20245.3,20251,20249,763
IG,2025-03-26 08:20:01.000,2025-03-26 08:25:01.000,IX.D.NASDAQ.CASH.IP,M5,20250.9,20248.9,20260.2,20258.2,20249,20247,20260,20258,672
IG,2025-03-26 08:25:01.000,2025-03-26 08:29:59.000,IX.D.NASDAQ.CASH.IP,M5,20260.2,20258.2,20269,20267,20259.5,20257.5,20266.5,20264.5,487
IG,2025-03-26 08:29:59.000,2025-03-26 08:35:01.000,IX.D.NASDAQ.CASH.IP,M5,20266.7,20264.7,20277.3,20275.3,20265.3,20263.3,20274.8,20272.8,490
IG,2025-03-26 08:35:01.000,2025-03-26 08:40:01.000,IX.D.NASDAQ.CASH.IP,M5,20274.4,20272.4,20275.2,20273.2,20265.4,20263.4,20265.7,20263.7,318
IG,2025-03-26 08:40:01.000,2025-03-26 08:45:01.000,IX.D.NASDAQ.CASH.IP,M5,20265.5,20263.5,20277.3,20275.3,20265.3,20263.3,20272.3,20270.3,482
IG,2025-03-26 08:45:01.000,2025-03-26 08:50:01.000,IX.D.NASDAQ.CASH.IP,M5,20272.2,20270.2,20272.9,20270.9,20255.3,20253.3,20257.7,20255.7,554
IG,2025-03-26 08:50:01.000,2025-03-26 08:55:01.000,IX.D.NASDAQ.CASH.IP,M5,20257.5,20255.5,20264.4,20262.4,20255,20253,20256,20254,459
IG,2025-03-26 08:55:01.000,2025-03-26 09:00:01.000,IX.D.NASDAQ.CASH.IP,M5,20255.8,20253.8,20262.5,20260.5,20255.2,20253.2,20258.8,20256.8,307
IG,2025-03-26 09:00:01.000,2025-03-26 09:05:01.000,IX.D.NASDAQ.CASH.IP,M5,20258.9,20256.9,20267.2,20265.2,20254.3,20252.3,20255,20253,452
IG,2025-03-26 09:05:01.000,2025-03-26 09:10:01.000,IX.D.NASDAQ.CASH.IP,M5,20255.3,20253.3,20269.5,20267.5,20249.8,20247.8,20265.4,20263.4,643
IG,2025-03-26 09:10:01.000,2025-03-26 09:15:01.000,IX.D.NASDAQ.CASH.IP,M5,20265.3,20263.3,20272.4,20270.4,20264,20262,20265.3,20263.3,248
IG,2025-03-26 09:15:01.000,2025-03-26 09:20:01.000,IX.D.NASDAQ.CASH.IP,M5,20265.2,20263.2,20269.3,20267.3,20252.8,20250.8,20253,20251,392
IG,2025-03-26 09:20:01.000,2025-03-26 09:25:01.000,IX.D.NASDAQ.CASH.IP,M5,20253.2,20251.2,20257.3,20255.3,20250.4,20248.4,20253.7,20251.7,539
IG,2025-03-26 09:25:01.000,2025-03-26 09:30:01.000,IX.D.NASDAQ.CASH.IP,M5,20253.5,20251.5,20261.2,20259.2,20251.3,20249.3,20257.5,20255.5,470
IG,2025-03-26 09:30:01.000,2025-03-26 09:35:01.000,IX.D.NASDAQ.CASH.IP,M5,20257.7,20255.7,20266.4,20264.4,20257.3,20255.3,20264.8,20262.8,347
IG,2025-03-26 09:35:02.000,2025-03-26 09:40:00.000,IX.D.NASDAQ.CASH.IP,M5,20264.9,20262.9,20267.3,20265.3,20262.4,20260.4,20264.8,20262.8,306
IG,2025-03-26 09:40:00.000,2025-03-26 09:45:01.000,IX.D.NASDAQ.CASH.IP,M5,20265,20263,20266.5,20264.5,20255.2,20253.2,20258.9,20256.9,464
IG,2025-03-26 09:45:01.000,2025-03-26 09:50:01.000,IX.D.NASDAQ.CASH.IP,M5,20258.8,20256.8,20259,20257,20249.8,20247.8,20258.3,20256.3,493
IG,2025-03-26 09:50:01.000,2025-03-26 09:55:01.000,IX.D.NASDAQ.CASH.IP,M5,20258.4,20256.4,20264.5,20262.5,20238.7,20236.7,20241.4,20239.4,1092
IG,2025-03-26 09:55:01.000,2025-03-26 10:00:01.000,IX.D.NASDAQ.CASH.IP,M5,20241,20239,20244.8,20242.8,20234.3,20232.3,20234.3,20232.3,738
IG,2025-03-26 10:00:01.000,2025-03-26 10:05:01.000,IX.D.NASDAQ.CASH.IP,M5,20234.5,20232.5,20244.7,20242.7,20234,20232,20243.5,20241.5,915
IG,2025-03-26 10:05:01.000,2025-03-26 10:10:01.000,IX.D.NASDAQ.CASH.IP,M5,20243.7,20241.7,20250.8,20248.8,20239.8,20237.8,20245.3,20243.3,703
IG,2025-03-26 10:10:01.000,2025-03-26 10:15:00.000,IX.D.NASDAQ.CASH.IP,M5,20245.2,20243.2,20252.2,20250.2,20243.7,20241.7,20249.3,20247.3,538
IG,2025-03-26 10:15:01.000,2025-03-26 10:20:01.000,IX.D.NASDAQ.CASH.IP,M5,20249.2,20247.2,20260.2,20258.2,20248.9,20246.9,20256.8,20254.8,500
IG,2025-03-26 10:20:01.000,2025-03-26 10:25:01.000,IX.D.NASDAQ.CASH.IP,M5,20256.9,20254.9,20259.4,20257.4,20254.2,20252.2,20256.7,20254.7,345
IG,2025-03-26 10:25:02.000,2025-03-26 10:30:00.000,IX.D.NASDAQ.CASH.IP,M5,20256.5,20254.5,20257.7,20255.7,20248,20246,20251.7,20249.7,462
IG,2025-03-26 10:30:00.000,2025-03-26 10:35:01.000,IX.D.NASDAQ.CASH.IP,M5,20251.5,20249.5,20261.7,20259.7,20249.8,20247.8,20258.5,20256.5,401
IG,2025-03-26 10:35:01.000,2025-03-26 10:40:01.000,IX.D.NASDAQ.CASH.IP,M5,20258.8,20256.8,20270.5,20268.5,20254.3,20252.3,20267.5,20265.5,790
IG,2025-03-26 10:40:01.000,2025-03-26 10:45:01.000,IX.D.NASDAQ.CASH.IP,M5,20267.4,20265.4,20267.4,20265.4,20260.4,20258.4,20260.5,20258.5,651
IG,2025-03-26 10:45:01.000,2025-03-26 10:50:01.000,IX.D.NASDAQ.CASH.IP,M5,20260.7,20258.7,20269.5,20267.5,20260.5,20258.5,20265.3,20263.3,234
IG,2025-03-26 10:50:01.000,2025-03-26 10:55:01.000,IX.D.NASDAQ.CASH.IP,M5,20265,20263,20266.5,20264.5,20261.4,20259.4,20266.3,20264.3,762
IG,2025-03-26 10:55:01.000,2025-03-26 11:00:01.000,IX.D.NASDAQ.CASH.IP,M5,20266.2,20264.2,20279.7,20277.7,20265.8,20263.8,20279.4,20277.4,719
IG,2025-03-26 11:00:01.000,2025-03-26 11:05:01.000,IX.D.NASDAQ.CASH.IP,M5,20279.7,20277.7,20282.8,20280.8,20270.7,20268.7,20270.8,20268.8,663
IG,2025-03-26 11:05:01.000,2025-03-26 11:10:01.000,IX.D.NASDAQ.CASH.IP,M5,20270.9,20268.9,20273.9,20271.9,20263.8,20261.8,20266,20264,558
IG,2025-03-26 11:10:01.000,2025-03-26 11:15:01.000,IX.D.NASDAQ.CASH.IP,M5,20266.2,20264.2,20273.5,20271.5,20263.2,20261.2,20272.5,20270.5,326
IG,2025-03-26 11:15:01.000,2025-03-26 11:20:01.000,IX.D.NASDAQ.CASH.IP,M5,20272.4,20270.4,20275.4,20273.4,20266.2,20264.2,20266.5,20264.5,362
IG,2025-03-26 11:20:01.000,2025-03-26 11:25:01.000,IX.D.NASDAQ.CASH.IP,M5,20266.4,20264.4,20278.4,20276.4,20265.5,20263.5,20276.4,20274.4,286
IG,2025-03-26 11:25:01.000,2025-03-26 11:30:01.000,IX.D.NASDAQ.CASH.IP,M5,20276.3,20274.3,20283.4,20281.4,20275,20273,20279,20277,427
IG,2025-03-26 11:30:01.000,2025-03-26 11:35:01.000,IX.D.NASDAQ.CASH.IP,M5,20278.9,20276.9,20283.7,20281.7,20275,20273,20283,20281,437
IG,2025-03-26 11:35:01.000,2025-03-26 11:40:01.000,IX.D.NASDAQ.CASH.IP,M5,20283.2,20281.2,20294,20292,20281.4,20279.4,20290.8,20288.8,814
IG,2025-03-26 11:40:01.000,2025-03-26 11:45:01.000,IX.D.NASDAQ.CASH.IP,M5,20290.7,20288.7,20295.3,20293.3,20286.3,20284.3,20291.3,20289.3,434
IG,2025-03-26 11:45:02.000,2025-03-26 11:50:01.000,IX.D.NASDAQ.CASH.IP,M5,20291.5,20289.5,20295.4,20293.4,20290.9,20288.9,20293.3,20291.3,321
IG,2025-03-26 11:50:01.000,2025-03-26 11:55:01.000,IX.D.NASDAQ.CASH.IP,M5,20293.4,20291.4,20297.2,20295.2,20288.8,20286.8,20290.8,20288.8,406
IG,2025-03-26 11:55:03.000,2025-03-26 12:00:01.000,IX.D.NASDAQ.CASH.IP,M5,20290.7,20288.7,20291.4,20289.4,20280.8,20278.8,20280.8,20278.8,472
IG,2025-03-26 12:00:01.000,2025-03-26 12:05:01.000,IX.D.NASDAQ.CASH.IP,M5,20280.3,20278.3,20284.8,20282.8,20276.2,20274.2,20276.3,20274.3,761
IG,2025-03-26 12:05:01.000,2025-03-26 12:10:01.000,IX.D.NASDAQ.CASH.IP,M5,20277.4,20275.4,20282.2,20280.2,20276.5,20274.5,20281.9,20279.9,404
IG,2025-03-26 12:10:01.000,2025-03-26 12:15:01.000,IX.D.NASDAQ.CASH.IP,M5,20279.5,20277.5,20286.5,20284.5,20276.7,20274.7,20279.9,20277.9,493
IG,2025-03-26 12:15:01.000,2025-03-26 12:20:01.000,IX.D.NASDAQ.CASH.IP,M5,20280,20278,20281,20279,20270.7,20268.7,20271.5,20269.5,711
IG,2025-03-26 12:20:01.000,2025-03-26 12:25:00.000,IX.D.NASDAQ.CASH.IP,M5,20271.7,20269.7,20273.3,20271.3,20264.8,20262.8,20265.7,20263.7,790
IG,2025-03-26 12:25:00.000,2025-03-26 12:30:01.000,IX.D.NASDAQ.CASH.IP,M5,20265.5,20263.5,20272,20270,20262.5,20260.5,20270.5,20268.5,947
IG,2025-03-26 12:30:01.000,2025-03-26 12:35:01.000,IX.D.NASDAQ.CASH.IP,M5,20270.7,20268.7,20276.8,20274.8,20255.9,20253.9,20262.9,20260.9,2231
IG,2025-03-26 12:35:01.000,2025-03-26 12:40:01.000,IX.D.NASDAQ.CASH.IP,M5,20263,20261,20266.4,20264.4,20254.8,20252.8,20262.3,20260.3,1157
IG,2025-03-26 12:40:01.000,2025-03-26 12:45:01.000,IX.D.NASDAQ.CASH.IP,M5,20262.2,20260.2,20271,20269,20254.7,20252.7,20270.3,20268.3,1717
IG,2025-03-26 12:45:01.000,2025-03-26 12:50:01.000,IX.D.NASDAQ.CASH.IP,M5,20270.4,20268.4,20286,20284,20270.3,20268.3,20285.4,20283.4,1297
IG,2025-03-26 12:50:01.000,2025-03-26 12:55:01.000,IX.D.NASDAQ.CASH.IP,M5,20285.5,20283.5,20289,20287,20276,20274,20282.5,20280.5,1266
IG,2025-03-26 12:55:01.000,2025-03-26 13:00:01.000,IX.D.NASDAQ.CASH.IP,M5,20282.4,20280.4,20284.9,20282.9,20279.7,20277.7,20282.8,20280.8,606
IG,2025-03-26 13:00:01.000,2025-03-26 13:05:01.000,IX.D.NASDAQ.CASH.IP,M5,20282.9,20280.9,20287.7,20285.7,20275.4,20273.4,20281.5,20279.5,910
IG,2025-03-26 13:05:01.000,2025-03-26 13:10:01.000,IX.D.NASDAQ.CASH.IP,M5,20281.4,20279.4,20290.8,20288.8,20272.5,20270.5,20284.5,20282.5,1177
IG,2025-03-26 13:10:01.000,2025-03-26 13:15:01.000,IX.D.NASDAQ.CASH.IP,M5,20284.7,20282.7,20284.9,20282.9,20274.4,20272.4,20277.4,20275.4,728
IG,2025-03-26 13:15:01.000,2025-03-26 13:20:01.000,IX.D.NASDAQ.CASH.IP,M5,20277.5,20275.5,20278.3,20276.3,20260.8,20258.8,20262.3,20260.3,1516
IG,2025-03-26 13:20:01.000,2025-03-26 13:25:00.000,IX.D.NASDAQ.CASH.IP,M5,20262.2,20260.2,20264.9,20262.9,20251.7,20249.7,20256.9,20254.9,1776
IG,2025-03-26 13:25:00.000,2025-03-26 13:30:00.000,IX.D.NASDAQ.CASH.IP,M5,20257,20255,20260.9,20258.9,20241.4,20239.4,20249.9,20248.9,3319
IG,2025-03-26 13:30:00.000,2025-03-26 13:35:01.000,IX.D.NASDAQ.CASH.IP,M5,20249.5,20248.5,20263.9,20262.9,20216.9,20215.9,20236.9,20235.9,13111
IG,2025-03-26 13:35:01.000,2025-03-26 13:40:01.000,IX.D.NASDAQ.CASH.IP,M5,20236.8,20235.8,20278.3,20277.3,20234.7,20233.7,20262.3,20261.3,12449
IG,2025-03-26 13:40:01.000,2025-03-26 13:45:01.000,IX.D.NASDAQ.CASH.IP,M5,20262,20261,20276.3,20275.3,20229.9,20228.9,20248.8,20247.8,9055
IG,2025-03-26 13:45:01.000,2025-03-26 13:50:01.000,IX.D.NASDAQ.CASH.IP,M5,20249.5,20248.5,20257.9,20256.9,20194.9,20193.9,20199.7,20198.7,10728
IG,2025-03-26 13:50:01.000,2025-03-26 13:55:01.000,IX.D.NASDAQ.CASH.IP,M5,20199.9,20198.9,20210.8,20209.8,20163.2,20162.2,20175.5,20174.5,12016
IG,2025-03-26 13:55:01.000,2025-03-26 14:00:01.000,IX.D.NASDAQ.CASH.IP,M5,20175.3,20174.3,20177.3,20176.3,20110.5,20109.5,20117,20116,14015
IG,2025-03-26 14:00:01.000,2025-03-26 14:05:01.000,IX.D.NASDAQ.CASH.IP,M5,20116.8,20115.8,20157.9,20156.9,20115.2,20114.2,20127,20126,12254
IG,2025-03-26 14:05:01.000,2025-03-26 14:10:01.000,IX.D.NASDAQ.CASH.IP,M5,20127.3,20126.3,20144,20143,20103.3,20102.3,20121.3,20120.3,8756
IG,2025-03-26 14:10:01.000,2025-03-26 14:15:01.000,IX.D.NASDAQ.CASH.IP,M5,20121.5,20120.5,20130.8,20129.8,20098.3,20097.3,20127.3,20126.3,8684
IG,2025-03-26 14:15:01.000,2025-03-26 14:20:01.000,IX.D.NASDAQ.CASH.IP,M5,20126.7,20125.7,20128.7,20127.7,20081.2,20080.2,20085,20084,9639
IG,2025-03-26 14:20:01.000,2025-03-26 14:25:00.000,IX.D.NASDAQ.CASH.IP,M5,20084.8,20083.8,20084.9,20083.9,20030.9,20029.9,20057,20056,15245
IG,2025-03-26 14:25:00.000,2025-03-26 14:30:01.000,IX.D.NASDAQ.CASH.IP,M5,20056.7,20055.7,20090.3,20089.3,20054.3,20053.3,20086.4,20085.4,8827
IG,2025-03-26 14:30:01.000,2025-03-26 14:35:01.000,IX.D.NASDAQ.CASH.IP,M5,20085.8,20084.8,20096.7,20095.7,20074.7,20073.7,20089.4,20088.4,6932
IG,2025-03-26 14:35:01.000,2025-03-26 14:40:01.000,IX.D.NASDAQ.CASH.IP,M5,20089.2,20088.2,20099.9,20098.9,20081.9,20080.9,20086.4,20085.4,5955
IG,2025-03-26 14:40:01.000,2025-03-26 14:45:01.000,IX.D.NASDAQ.CASH.IP,M5,20086.9,20085.9,20096.5,20095.5,20078.7,20077.7,20085.9,20084.9,4422
IG,2025-03-26 14:45:01.000,2025-03-26 14:50:01.000,IX.D.NASDAQ.CASH.IP,M5,20085.8,20084.8,20087.4,20086.4,20061.9,20060.9,20065.9,20064.9,5825
IG,2025-03-26 14:50:01.000,2025-03-26 14:55:01.000,IX.D.NASDAQ.CASH.IP,M5,20065.7,20064.7,20116.7,20115.7,20064.7,20063.7,20110,20109,8887
IG,2025-03-26 14:55:01.000,2025-03-26 15:00:01.000,IX.D.NASDAQ.CASH.IP,M5,20110.3,20109.3,20112.4,20111.4,20088.4,20087.4,20099,20098,5865
IG,2025-03-26 15:00:01.000,2025-03-26 15:05:01.000,IX.D.NASDAQ.CASH.IP,M5,20100.5,20099.5,20115.8,20114.8,20092.8,20091.8,20105.4,20104.4,5089
IG,2025-03-26 15:05:01.000,2025-03-26 15:10:01.000,IX.D.NASDAQ.CASH.IP,M5,20105.3,20104.3,20117.8,20116.8,20103,20102,20112.4,20111.4,3632
IG,2025-03-26 15:10:01.000,2025-03-26 15:15:01.000,IX.D.NASDAQ.CASH.IP,M5,20112.5,20111.5,20121.2,20120.2,20105.3,20104.3,20114.8,20113.8,4958
IG,2025-03-26 15:15:01.000,2025-03-26 15:20:01.000,IX.D.NASDAQ.CASH.IP,M5,20114.5,20113.5,20121.8,20120.8,20105.8,20104.8,20117.5,20116.5,3304
IG,2025-03-26 15:20:01.000,2025-03-26 15:25:01.000,IX.D.NASDAQ.CASH.IP,M5,20117.6,20116.6,20123.7,20122.7,20090.6,20089.6,20092.1,20091.1,5736
IG,2025-03-26 15:25:01.000,2025-03-26 15:30:01.000,IX.D.NASDAQ.CASH.IP,M5,20092,20091,20093.3,20092.3,20060.6,20059.6,20077,20076,7662
IG,2025-03-26 15:30:01.000,2025-03-26 15:35:01.000,IX.D.NASDAQ.CASH.IP,M5,20077.1,20076.1,20100.1,20099.1,20077,20076,20086.3,20085.3,4889
IG,2025-03-26 15:35:01.000,2025-03-26 15:40:01.000,IX.D.NASDAQ.CASH.IP,M5,20086.5,20085.5,20090,20089,20072.2,20071.2,20078.1,20077.1,3506
IG,2025-03-26 15:40:01.000,2025-03-26 15:45:01.000,IX.D.NASDAQ.CASH.IP,M5,20078.8,20077.8,20087.2,20086.2,20051.2,20050.2,20056.5,20055.5,5728
IG,2025-03-26 15:45:01.000,2025-03-26 15:50:01.000,IX.D.NASDAQ.CASH.IP,M5,20056.3,20055.3,20065.3,20064.3,20041.6,20040.6,20046.2,20045.2,5683
IG,2025-03-26 15:50:01.000,2025-03-26 15:55:01.000,IX.D.NASDAQ.CASH.IP,M5,20046.1,20045.1,20050.1,20049.1,19997.1,19996.1,20010.5,20009.5,10032
IG,2025-03-26 15:55:01.000,2025-03-26 16:00:01.000,IX.D.NASDAQ.CASH.IP,M5,20010,20009,20012.7,20011.7,19974,19973,19995.7,19994.7,10584
IG,2025-03-26 16:00:01.000,2025-03-26 16:05:01.000,IX.D.NASDAQ.CASH.IP,M5,19995.6,19994.6,19998.3,19997.3,19969.3,19968.3,19982,19981,8123
IG,2025-03-26 16:05:01.000,2025-03-26 16:10:01.000,IX.D.NASDAQ.CASH.IP,M5,19982.3,19981.3,20007.5,20006.5,19979.1,19978.1,19990,19989,5378
IG,2025-03-26 16:10:01.000,2025-03-26 16:15:01.000,IX.D.NASDAQ.CASH.IP,M5,19989.8,19988.8,20004.7,20003.7,19977.8,19976.8,19989.3,19988.3,4697
IG,2025-03-26 16:15:01.000,2025-03-26 16:20:01.000,IX.D.NASDAQ.CASH.IP,M5,19989.6,19988.6,19991.3,19990.3,19972.1,19971.1,19976.6,19975.6,4549
IG,2025-03-26 16:20:01.000,2025-03-26 16:25:01.000,IX.D.NASDAQ.CASH.IP,M5,19976.7,19975.7,19995.8,19994.8,19970.1,19969.1,19985,19984,4538
IG,2025-03-26 16:25:01.000,2025-03-26 16:30:01.000,IX.D.NASDAQ.CASH.IP,M5,19984.5,19983.5,20011.3,20010.3,19983.6,19982.6,20007.8,20006.8,4597
IG,2025-03-26 16:30:01.000,2025-03-26 16:35:01.000,IX.D.NASDAQ.CASH.IP,M5,20008.5,20007.5,20021.3,20020.3,19988.3,19987.3,19998.1,19997.1,5863
IG,2025-03-26 16:35:01.000,2025-03-26 16:40:01.000,IX.D.NASDAQ.CASH.IP,M5,19999,19998,20013.6,20012.6,19986.3,19985.3,19990.8,19989.8,3377
IG,2025-03-26 16:40:01.000,2025-03-26 16:45:01.000,IX.D.NASDAQ.CASH.IP,M5,19991.3,19990.3,20002,20001,19977.5,19976.5,19980.5,19979.5,3613
IG,2025-03-26 16:45:01.000,2025-03-26 16:50:01.000,IX.D.NASDAQ.CASH.IP,M5,19980.4,19979.4,20000.5,19999.5,19975,19974,19999.8,19998.8,4323
IG,2025-03-26 16:50:01.000,2025-03-26 16:55:01.000,IX.D.NASDAQ.CASH.IP,M5,19999.5,19998.5,20002,20001,19956.4,19955.4,19957,19956,5840
IG,2025-03-26 16:55:01.000,2025-03-26 17:00:01.000,IX.D.NASDAQ.CASH.IP,M5,19957.3,19956.3,19957.3,19956.3,19929.5,19928.5,19940.5,19939.5,9221
IG,2025-03-26 17:00:01.000,2025-03-26 17:05:01.000,IX.D.NASDAQ.CASH.IP,M5,19941,19940,19957.8,19956.8,19936.9,19935.9,19940,19939,5490
IG,2025-03-26 17:05:01.000,2025-03-26 17:10:01.000,IX.D.NASDAQ.CASH.IP,M5,19939.9,19938.9,19951.7,19950.7,19936.3,19935.3,19942.8,19941.8,3582
IG,2025-03-26 17:10:01.000,2025-03-26 17:15:01.000,IX.D.NASDAQ.CASH.IP,M5,19942.9,19941.9,19962,19961,19939.4,19938.4,19947.9,19946.9,4644
IG,2025-03-26 17:15:01.000,2025-03-26 17:20:01.000,IX.D.NASDAQ.CASH.IP,M5,19948,19947,19951.4,19950.4,19921,19920,19925.8,19924.8,7882
IG,2025-03-26 17:20:01.000,2025-03-26 17:25:01.000,IX.D.NASDAQ.CASH.IP,M5,19925.7,19924.7,19939.3,19938.3,19918.8,19917.8,19938.2,19937.2,4665
IG,2025-03-26 17:25:01.000,2025-03-26 17:30:01.000,IX.D.NASDAQ.CASH.IP,M5,19938.3,19937.3,19939.8,19938.8,19917.7,19916.7,19922.5,19921.5,4694
IG,2025-03-26 17:30:01.000,2025-03-26 17:35:01.000,IX.D.NASDAQ.CASH.IP,M5,19922.7,19921.7,19928.4,19927.4,19896.2,19895.2,19897.9,19896.9,7620
IG,2025-03-26 17:35:01.000,2025-03-26 17:40:01.000,IX.D.NASDAQ.CASH.IP,M5,19897.5,19896.5,19905,19904,19881.9,19880.9,19901.8,19900.8,6664
IG,2025-03-26 17:40:01.000,2025-03-26 17:45:01.000,IX.D.NASDAQ.CASH.IP,M5,19901.7,19900.7,19933.7,19932.7,19899.5,19898.5,19906.9,19905.9,9177
IG,2025-03-26 17:45:01.000,2025-03-26 17:50:01.000,IX.D.NASDAQ.CASH.IP,M5,19906.8,19905.8,19925.4,19924.4,19892.8,19891.8,19902,19901,4483
IG,2025-03-26 17:50:01.000,2025-03-26 17:55:01.000,IX.D.NASDAQ.CASH.IP,M5,19902.2,19901.2,19911,19910,19895.3,19894.3,19900.7,19899.7,3469
IG,2025-03-26 17:55:01.000,2025-03-26 18:00:01.000,IX.D.NASDAQ.CASH.IP,M5,19900.9,19899.9,19905.9,19904.9,19885.5,19884.5,19886.7,19885.7,3483
IG,2025-03-26 18:00:01.000,2025-03-26 18:05:01.000,IX.D.NASDAQ.CASH.IP,M5,19887,19886,19906.8,19905.8,19880.3,19879.3,19894.4,19893.4,5003
IG,2025-03-26 18:05:01.000,2025-03-26 18:10:01.000,IX.D.NASDAQ.CASH.IP,M5,19894.3,19893.3,19906.5,19905.5,19880.5,19879.5,19903.8,19902.8,3633
IG,2025-03-26 18:10:01.000,2025-03-26 18:15:01.000,IX.D.NASDAQ.CASH.IP,M5,19903.9,19902.9,19937.3,19936.3,19903.5,19902.5,19926.3,19925.3,6384
IG,2025-03-26 18:15:01.000,2025-03-26 18:20:01.000,IX.D.NASDAQ.CASH.IP,M5,19926.2,19925.2,19939,19938,19919,19918,19925,19924,4921
IG,2025-03-26 18:20:01.000,2025-03-26 18:25:01.000,IX.D.NASDAQ.CASH.IP,M5,19924.9,19923.9,19941.9,19940.9,19923.5,19922.5,19935.8,19934.8,3621
IG,2025-03-26 18:25:01.000,2025-03-26 18:30:01.000,IX.D.NASDAQ.CASH.IP,M5,19935.9,19934.9,19948.5,19947.5,19928,19927,19938.5,19937.5,4904
IG,2025-03-26 18:30:01.000,2025-03-26 18:35:01.000,IX.D.NASDAQ.CASH.IP,M5,19938.4,19937.4,19950.2,19949.2,19918.2,19917.2,19919,19918,4285
IG,2025-03-26 18:35:01.000,2025-03-26 18:40:01.000,IX.D.NASDAQ.CASH.IP,M5,19918.9,19917.9,19925.3,19924.3,19909.2,19908.2,19911.8,19910.8,3604
IG,2025-03-26 18:40:01.000,2025-03-26 18:45:01.000,IX.D.NASDAQ.CASH.IP,M5,19911.7,19910.7,19917.7,19916.7,19883.2,19882.2,19890.9,19889.9,4917
IG,2025-03-26 18:45:01.000,2025-03-26 18:50:01.000,IX.D.NASDAQ.CASH.IP,M5,19890.8,19889.8,19895,19894,19855,19854,19868.4,19867.4,8592
IG,2025-03-26 18:50:01.000,2025-03-26 18:55:01.000,IX.D.NASDAQ.CASH.IP,M5,19868.5,19867.5,19874.5,19873.5,19860.2,19859.2,19867.2,19866.2,4535
IG,2025-03-26 18:55:01.000,2025-03-26 19:00:01.000,IX.D.NASDAQ.CASH.IP,M5,19867.5,19866.5,19868,19867,19855.2,19854.2,19864.8,19863.8,3710
IG,2025-03-26 19:00:01.000,2025-03-26 19:05:01.000,IX.D.NASDAQ.CASH.IP,M5,19865,19864,19887.5,19886.5,19861,19860,19873,19872,5421
IG,2025-03-26 19:05:01.000,2025-03-26 19:10:01.000,IX.D.NASDAQ.CASH.IP,M5,19873.5,19872.5,19874.7,19873.7,19849.9,19848.9,19861.8,19860.8,5061
IG,2025-03-26 19:10:01.000,2025-03-26 19:15:01.000,IX.D.NASDAQ.CASH.IP,M5,19861.7,19860.7,19868.5,19867.5,19852.3,19851.3,19865,19864,3265
IG,2025-03-26 19:15:01.000,2025-03-26 19:20:01.000,IX.D.NASDAQ.CASH.IP,M5,19864.5,19863.5,19896.5,19895.5,19861.3,19860.3,19896.5,19895.5,5439
IG,2025-03-26 19:20:01.000,2025-03-26 19:25:01.000,IX.D.NASDAQ.CASH.IP,M5,19896.3,19895.3,19905.9,19904.9,19879.8,19878.8,19882,19881,5894
IG,2025-03-26 19:25:01.000,2025-03-26 19:30:01.000,IX.D.NASDAQ.CASH.IP,M5,19881.9,19880.9,19894,19893,19867.7,19866.7,19873.3,19872.3,5152
IG,2025-03-26 19:30:01.000,2025-03-26 19:35:01.000,IX.D.NASDAQ.CASH.IP,M5,19873.5,19872.5,19887.5,19886.5,19866.8,19865.8,19885,19884,4716
IG,2025-03-26 19:35:01.000,2025-03-26 19:40:01.000,IX.D.NASDAQ.CASH.IP,M5,19885.8,19884.8,19888.8,19887.8,19872.8,19871.8,19882.5,19881.5,3933
IG,2025-03-26 19:40:01.000,2025-03-26 19:45:01.000,IX.D.NASDAQ.CASH.IP,M5,19882.7,19881.7,19908.5,19907.5,19880.9,19879.9,19902.4,19901.4,6932
IG,2025-03-26 19:45:01.000,2025-03-26 19:50:01.000,IX.D.NASDAQ.CASH.IP,M5,19902.3,19901.3,19929.8,19928.8,19889,19888,19918.8,19917.8,7225
IG,2025-03-26 19:50:01.000,2025-03-26 19:55:01.000,IX.D.NASDAQ.CASH.IP,M5,19918.7,19917.7,19939.2,19938.2,19913.7,19912.7,19920.2,19919.2,12232
IG,2025-03-26 19:55:01.000,2025-03-26 20:00:01.000,IX.D.NASDAQ.CASH.IP,M5,19921,19920,19935.4,19934.4,19906.8,19904.8,19908.7,19906.7,20385
IG,2025-03-26 20:00:01.000,2025-03-26 20:05:01.000,IX.D.NASDAQ.CASH.IP,M5,19908.4,19906.4,19925,19923,19902.9,19900.9,19911.4,19909.4,6299
IG,2025-03-26 20:05:01.000,2025-03-26 20:10:01.000,IX.D.NASDAQ.CASH.IP,M5,19911.3,19909.3,19916,19914,19907.5,19905.5,19913.4,19911.4,1874
IG,2025-03-26 20:10:01.000,2025-03-26 20:15:00.000,IX.D.NASDAQ.CASH.IP,M5,19912.9,19910.9,19922.5,19920.5,19911,19909,19916.3,19914.3,1490
IG,2025-03-26 20:15:00.000,2025-03-26 20:20:01.000,IX.D.NASDAQ.CASH.IP,M5,19916.2,19914.2,19916.3,19914.3,19908.8,19906.8,19914.9,19912.9,912
IG,2025-03-26 20:20:01.000,2025-03-26 20:25:01.000,IX.D.NASDAQ.CASH.IP,M5,19915,19913,19916.3,19914.3,19902.7,19900.7,19905.3,19903.3,861
IG,2025-03-26 20:25:01.000,2025-03-26 20:30:01.000,IX.D.NASDAQ.CASH.IP,M5,19905.4,19903.4,19905.5,19903.5,19898.8,19896.8,19901.5,19899.5,719
IG,2025-03-26 20:30:01.000,2025-03-26 20:35:00.000,IX.D.NASDAQ.CASH.IP,M5,19901.7,19899.7,19902.3,19900.3,19897.4,19895.4,19900,19898,457
IG,2025-03-26 20:35:01.000,2025-03-26 20:40:01.000,IX.D.NASDAQ.CASH.IP,M5,19899.9,19897.9,19901.3,19899.3,19890.9,19888.9,19898.8,19896.8,629
IG,2025-03-26 20:40:01.000,2025-03-26 20:45:01.000,IX.D.NASDAQ.CASH.IP,M5,19898.7,19896.7,19901.8,19899.8,19896.8,19894.8,19899.8,19897.8,445
IG,2025-03-26 20:45:01.000,2025-03-26 20:50:01.000,IX.D.NASDAQ.CASH.IP,M5,19899.4,19897.4,19906.5,19904.5,19897.7,19895.7,19904.4,19902.4,596
IG,2025-03-26 20:50:01.000,2025-03-26 20:55:01.000,IX.D.NASDAQ.CASH.IP,M5,19904.5,19902.5,19905.3,19903.3,19889.4,19887.4,19891.5,19889.5,609
IG,2025-03-26 20:55:01.000,2025-03-26 21:00:00.000,IX.D.NASDAQ.CASH.IP,M5,19891.7,19889.7,19897.4,19894.7,19886.5,19884.5,19897.4,19892.4,722
IG,2025-03-26 21:00:01.000,2025-03-26 21:04:51.000,IX.D.NASDAQ.CASH.IP,M5,19897.2,19892.2,19898.6,19893.6,19895.1,19890.1,19898.4,19893.4,0
IG,2025-03-26 21:05:02.000,2025-03-26 21:10:01.000,IX.D.NASDAQ.CASH.IP,M5,19898.6,19893.6,19900,19895,19896.7,19891.7,19897.2,19892.2,0
IG,2025-03-26 21:10:02.000,2025-03-26 21:14:47.000,IX.D.NASDAQ.CASH.IP,M5,19898.6,19893.6,19900.8,19895.8,19895.4,19890.4,19899.2,19894.2,0
IG,2025-03-26 21:15:02.000,2025-03-26 21:20:01.000,IX.D.NASDAQ.CASH.IP,M5,19899.3,19894.3,19899.3,19894.3,19885.5,19880.5,19885.6,19880.6,0
IG,2025-03-26 21:20:03.000,2025-03-26 21:25:00.000,IX.D.NASDAQ.CASH.IP,M5,19885.2,19880.2,19891.7,19886.7,19881.6,19876.6,19890.4,19885.4,0
IG,2025-03-26 21:25:01.000,2025-03-26 21:30:01.000,IX.D.NASDAQ.CASH.IP,M5,19890.7,19885.7,19892.6,19887.6,19886.6,19881.6,19888,19883,0
IG,2025-03-26 21:30:01.000,2025-03-26 21:34:57.000,IX.D.NASDAQ.CASH.IP,M5,19887.9,19882.9,19888.5,19883.5,19886,19881,19886.6,19881.6,0
IG,2025-03-26 21:35:09.000,2025-03-26 21:40:00.000,IX.D.NASDAQ.CASH.IP,M5,19886.9,19881.9,19887.7,19882.7,19883.8,19878.8,19885.3,19880.3,0
IG,2025-03-26 21:40:00.000,2025-03-26 21:45:00.000,IX.D.NASDAQ.CASH.IP,M5,19885.4,19880.4,19885.4,19880.4,19879.9,19874.9,19880.7,19875.7,0
IG,2025-03-26 21:45:03.000,2025-03-26 21:50:00.000,IX.D.NASDAQ.CASH.IP,M5,19880.3,19875.3,19881.8,19876.8,19872.7,19867.7,19872.7,19867.7,0
IG,2025-03-26 21:50:01.000,2025-03-26 21:54:50.000,IX.D.NASDAQ.CASH.IP,M5,19872.9,19867.9,19872.9,19867.9,19864.3,19859.3,19864.3,19859.3,0
IG,2025-03-26 21:55:02.000,2025-03-26 22:00:01.000,IX.D.NASDAQ.CASH.IP,M5,19864.8,19859.8,19865.4,19860.4,19818.8,19816.8,19842.3,19840.3,362
IG,2025-03-26 22:00:01.000,2025-03-26 22:05:01.000,IX.D.NASDAQ.CASH.IP,M5,19844.8,19842.8,19877.2,19875.2,19833.3,19831.3,19875.3,19873.3,2312
IG,2025-03-26 22:05:01.000,2025-03-26 22:09:59.000,IX.D.NASDAQ.CASH.IP,M5,19875.7,19873.7,19900.8,19898.8,19871.7,19869.7,19877.9,19875.9,1548
IG,2025-03-26 22:09:59.000,2025-03-26 22:15:01.000,IX.D.NASDAQ.CASH.IP,M5,19877.5,19875.5,19879.3,19877.3,19847.4,19845.4,19847.4,19845.4,1057
IG,2025-03-26 22:15:01.000,2025-03-26 22:20:01.000,IX.D.NASDAQ.CASH.IP,M5,19847,19845,19852.7,19850.7,19816.5,19814.5,19824,19822,1450
IG,2025-03-26 22:20:01.000,2025-03-26 22:25:01.000,IX.D.NASDAQ.CASH.IP,M5,19823.9,19821.9,19841.2,19839.2,19810.5,19808.5,19831,19829,1209
IG,2025-03-26 22:25:01.000,2025-03-26 22:30:01.000,IX.D.NASDAQ.CASH.IP,M5,19830.8,19828.8,19833.8,19831.8,19811.3,19809.3,19828.1,19826.1,1151
IG,2025-03-26 22:30:01.000,2025-03-26 22:35:01.000,IX.D.NASDAQ.CASH.IP,M5,19828.3,19826.3,19847.1,19845.1,19827.6,19825.6,19845.6,19843.6,1016
IG,2025-03-26 22:35:01.000,2025-03-26 22:40:01.000,IX.D.NASDAQ.CASH.IP,M5,19845.8,19843.8,19850.1,19848.1,19833.5,19831.5,19849,19847,616
IG,2025-03-26 22:40:01.000,2025-03-26 22:45:01.000,IX.D.NASDAQ.CASH.IP,M5,19848.9,19846.9,19850.6,19848.6,19828.8,19826.8,19840.5,19838.5,1080
IG,2025-03-26 22:45:01.000,2025-03-26 22:50:01.000,IX.D.NASDAQ.CASH.IP,M5,19840.6,19838.6,19846.4,19844.4,19834.4,19832.4,19837.5,19835.5,496
IG,2025-03-26 22:50:01.000,2025-03-26 22:55:01.000,IX.D.NASDAQ.CASH.IP,M5,19836.6,19834.6,19844.1,19842.1,19832.1,19830.1,19837.8,19835.8,342
IG,2025-03-26 22:55:01.000,2025-03-26 23:00:01.000,IX.D.NASDAQ.CASH.IP,M5,19837.6,19835.6,19837.8,19835.8,19823.1,19821.1,19827.6,19825.6,489
IG,2025-03-26 23:00:01.000,2025-03-26 23:05:01.000,IX.D.NASDAQ.CASH.IP,M5,19828,19826,19841.1,19839.1,19822.9,19820.9,19833.4,19831.4,721
IG,2025-03-26 23:05:01.000,2025-03-26 23:10:01.000,IX.D.NASDAQ.CASH.IP,M5,19833.1,19831.1,19834.5,19832.5,19820.3,19818.3,19829.5,19827.5,537
IG,2025-03-26 23:10:01.000,2025-03-26 23:15:01.000,IX.D.NASDAQ.CASH.IP,M5,19829.6,19827.6,19834.3,19832.3,19828.8,19826.8,19829.9,19827.9,256
IG,2025-03-26 23:15:02.000,2025-03-26 23:20:01.000,IX.D.NASDAQ.CASH.IP,M5,19830.4,19828.4,19833,19831,19828.1,19826.1,19830.9,19828.9,380
IG,2025-03-26 23:20:01.000,2025-03-26 23:25:01.000,IX.D.NASDAQ.CASH.IP,M5,19830.8,19828.8,19838.9,19836.9,19830.1,19828.1,19836.9,19834.9,520
IG,2025-03-26 23:25:01.000,2025-03-26 23:30:01.000,IX.D.NASDAQ.CASH.IP,M5,19836.8,19834.8,19841.3,19839.3,19835.9,19833.9,19840.1,19838.1,277
IG,2025-03-26 23:30:01.000,2025-03-26 23:35:01.000,IX.D.NASDAQ.CASH.IP,M5,19840,19838,19852.5,19850.5,19839.9,19837.9,19850.4,19848.4,490
IG,2025-03-26 23:35:01.000,2025-03-26 23:40:01.000,IX.D.NASDAQ.CASH.IP,M5,19850.3,19848.3,19851.5,19849.5,19846.8,19844.8,19850.3,19848.3,206
IG,2025-03-26 23:40:01.000,2025-03-26 23:45:01.000,IX.D.NASDAQ.CASH.IP,M5,19850,19848,19858,19856,19845.8,19843.8,19857.9,19855.9,413
IG,2025-03-26 23:45:01.000,2025-03-26 23:50:01.000,IX.D.NASDAQ.CASH.IP,M5,19857.8,19855.8,19869.6,19867.6,19855.1,19853.1,19866.1,19864.1,745
IG,2025-03-26 23:50:01.000,2025-03-26 23:55:01.000,IX.D.NASDAQ.CASH.IP,M5,19866,19864,19878,19876,19862.9,19860.9,19874,19872,518
IG,2025-03-26 23:55:01.000,2025-03-27 00:00:01.000,IX.D.NASDAQ.CASH.IP,M5,19874.1,19872.1,19874.5,19872.5,19863.3,19861.3,19866.1,19864.1,645
IG,2025-03-27 00:00:01.000,2025-03-27 00:05:01.000,IX.D.NASDAQ.CASH.IP,M5,19867,19865,19869.5,19867.5,19858.4,19856.4,19863.8,19861.8,530
IG,2025-03-27 00:05:01.000,2025-03-27 00:10:01.000,IX.D.NASDAQ.CASH.IP,M5,19863.6,19861.6,19876.8,19874.8,19856.9,19854.9,19875.8,19873.8,556
IG,2025-03-27 00:10:01.000,2025-03-27 00:15:01.000,IX.D.NASDAQ.CASH.IP,M5,19875.9,19873.9,19885.4,19883.4,19865.8,19863.8,19868.5,19866.5,1115
IG,2025-03-27 00:15:01.000,2025-03-27 00:20:01.000,IX.D.NASDAQ.CASH.IP,M5,19867.5,19865.5,19872,19870,19857.4,19855.4,19862.4,19860.4,617
IG,2025-03-27 00:20:01.000,2025-03-27 00:25:01.000,IX.D.NASDAQ.CASH.IP,M5,19862.3,19860.3,19870.3,19868.3,19859.4,19857.4,19868.6,19866.6,368
IG,2025-03-27 00:25:01.000,2025-03-27 00:30:01.000,IX.D.NASDAQ.CASH.IP,M5,19868.8,19866.8,19895.3,19893.3,19868.1,19866.1,19881.3,19879.3,928
IG,2025-03-27 00:30:01.000,2025-03-27 00:35:01.000,IX.D.NASDAQ.CASH.IP,M5,19880,19878,19884.3,19882.3,19875.9,19873.9,19881.3,19879.3,322
IG,2025-03-27 00:35:01.000,2025-03-27 00:40:00.000,IX.D.NASDAQ.CASH.IP,M5,19881.1,19879.1,19898.6,19896.6,19879.9,19877.9,19889.8,19887.8,666
IG,2025-03-27 00:40:00.000,2025-03-27 00:45:01.000,IX.D.NASDAQ.CASH.IP,M5,19889.9,19887.9,19895.3,19893.3,19885.6,19883.6,19895.1,19893.1,380
IG,2025-03-27 00:45:01.000,2025-03-27 00:50:00.000,IX.D.NASDAQ.CASH.IP,M5,19895.3,19893.3,19900.6,19898.6,19887.8,19885.8,19887.9,19885.9,619
IG,2025-03-27 00:50:00.000,2025-03-27 00:55:01.000,IX.D.NASDAQ.CASH.IP,M5,19887.8,19885.8,19888.9,19886.9,19879.3,19877.3,19880.9,19878.9,722
IG,2025-03-27 00:55:01.000,2025-03-27 01:00:01.000,IX.D.NASDAQ.CASH.IP,M5,19881,19879,19884.6,19882.6,19877.6,19875.6,19882.4,19880.4,572
IG,2025-03-27 01:00:01.000,2025-03-27 01:05:01.000,IX.D.NASDAQ.CASH.IP,M5,19881.9,19879.9,19888.5,19886.5,19878.1,19876.1,19881.8,19879.8,547
IG,2025-03-27 01:05:01.000,2025-03-27 01:10:01.000,IX.D.NASDAQ.CASH.IP,M5,19881.6,19879.6,19889.5,19887.5,19880.4,19878.4,19883.4,19881.4,332
IG,2025-03-27 01:10:01.000,2025-03-27 01:15:01.000,IX.D.NASDAQ.CASH.IP,M5,19883.3,19881.3,19898,19896,19882.9,19880.9,19889,19887,595
IG,2025-03-27 01:15:01.000,2025-03-27 01:20:01.000,IX.D.NASDAQ.CASH.IP,M5,19888.9,19886.9,19893.3,19891.3,19883.9,19881.9,19889.6,19887.6,546
IG,2025-03-27 01:20:01.000,2025-03-27 01:25:00.000,IX.D.NASDAQ.CASH.IP,M5,19889.5,19887.5,19893.3,19891.3,19883.6,19881.6,19885,19883,331
IG,2025-03-27 01:25:00.000,2025-03-27 01:30:01.000,IX.D.NASDAQ.CASH.IP,M5,19885.8,19883.8,19892.1,19890.1,19883,19881,19890.5,19888.5,335
IG,2025-03-27 01:30:01.000,2025-03-27 01:35:01.000,IX.D.NASDAQ.CASH.IP,M5,19890.4,19888.4,19890.5,19888.5,19879.4,19877.4,19881.3,19879.3,511
IG,2025-03-27 01:35:01.000,2025-03-27 01:40:01.000,IX.D.NASDAQ.CASH.IP,M5,19881.4,19879.4,19886.3,19884.3,19879.1,19877.1,19885.9,19883.9,481
IG,2025-03-27 01:40:01.000,2025-03-27 01:45:01.000,IX.D.NASDAQ.CASH.IP,M5,19886,19884,19893.8,19891.8,19884.9,19882.9,19891.1,19889.1,421
IG,2025-03-27 01:45:01.000,2025-03-27 01:50:01.000,IX.D.NASDAQ.CASH.IP,M5,19891,19889,19899.9,19897.9,19889.5,19887.5,19899,19897,309
IG,2025-03-27 01:50:01.000,2025-03-27 01:55:00.000,IX.D.NASDAQ.CASH.IP,M5,19899.1,19897.1,19908.6,19906.6,19897.6,19895.6,19900.6,19898.6,490
IG,2025-03-27 01:55:01.000,2025-03-27 02:00:01.000,IX.D.NASDAQ.CASH.IP,M5,19900.8,19898.8,19902.4,19900.4,19894.8,19892.8,19896.8,19894.8,272
IG,2025-03-27 02:00:01.000,2025-03-27 02:05:01.000,IX.D.NASDAQ.CASH.IP,M5,19896.9,19894.9,19915.3,19913.3,19895.8,19893.8,19914,19912,632
IG,2025-03-27 02:05:01.000,2025-03-27 02:10:00.000,IX.D.NASDAQ.CASH.IP,M5,19914.4,19912.4,19917.3,19915.3,19913.8,19911.8,19916.4,19914.4,259
IG,2025-03-27 02:10:01.000,2025-03-27 02:15:00.000,IX.D.NASDAQ.CASH.IP,M5,19916.5,19914.5,19920.3,19918.3,19915,19913,19917.3,19915.3,314
IG,2025-03-27 02:15:01.000,2025-03-27 02:20:00.000,IX.D.NASDAQ.CASH.IP,M5,19917.1,19915.1,19923.9,19921.9,19915,19913,19921.1,19919.1,400
IG,2025-03-27 02:20:00.000,2025-03-27 02:25:01.000,IX.D.NASDAQ.CASH.IP,M5,19921.3,19919.3,19923.3,19921.3,19916.3,19914.3,19922.4,19920.4,303
IG,2025-03-27 02:25:01.000,2025-03-27 02:30:01.000,IX.D.NASDAQ.CASH.IP,M5,19922.5,19920.5,19927,19925,19920.5,19918.5,19920.5,19918.5,378
IG,2025-03-27 02:30:01.000,2025-03-27 02:35:01.000,IX.D.NASDAQ.CASH.IP,M5,19920.6,19918.6,19928,19926,19915.9,19913.9,19927.4,19925.4,345
IG,2025-03-27 02:35:01.000,2025-03-27 02:40:01.000,IX.D.NASDAQ.CASH.IP,M5,19927.5,19925.5,19930.6,19928.6,19922.8,19920.8,19925.9,19923.9,356
IG,2025-03-27 02:40:01.000,2025-03-27 02:45:01.000,IX.D.NASDAQ.CASH.IP,M5,19925.8,19923.8,19930.5,19928.5,19924.1,19922.1,19929.4,19927.4,321
IG,2025-03-27 02:45:01.000,2025-03-27 02:50:01.000,IX.D.NASDAQ.CASH.IP,M5,19929.1,19927.1,19929.4,19927.4,19921.6,19919.6,19923,19921,310
IG,2025-03-27 02:50:01.000,2025-03-27 02:55:01.000,IX.D.NASDAQ.CASH.IP,M5,19922.9,19920.9,19927.4,19925.4,19921.5,19919.5,19922.6,19920.6,353
IG,2025-03-27 02:55:01.000,2025-03-27 03:00:01.000,IX.D.NASDAQ.CASH.IP,M5,19922.5,19920.5,19927.3,19925.3,19921.4,19919.4,19926.4,19924.4,288
IG,2025-03-27 03:00:01.000,2025-03-27 03:05:01.000,IX.D.NASDAQ.CASH.IP,M5,19926.5,19924.5,19935.3,19933.3,19924,19922,19924.8,19922.8,699
IG,2025-03-27 03:05:01.000,2025-03-27 03:10:01.000,IX.D.NASDAQ.CASH.IP,M5,19924.9,19922.9,19928,19926,19923,19921,19926.5,19924.5,315
IG,2025-03-27 03:10:02.000,2025-03-27 03:15:00.000,IX.D.NASDAQ.CASH.IP,M5,19926.4,19924.4,19927.1,19925.1,19923.8,19921.8,19926.4,19924.4,138
IG,2025-03-27 03:15:04.000,2025-03-27 03:20:00.000,IX.D.NASDAQ.CASH.IP,M5,19926.3,19924.3,19931.3,19929.3,19923.4,19921.4,19931,19929,246
IG,2025-03-27 03:20:00.000,2025-03-27 03:25:01.000,IX.D.NASDAQ.CASH.IP,M5,19931.1,19929.1,19932,19930,19925.4,19923.4,19926.8,19924.8,211
IG,2025-03-27 03:25:01.000,2025-03-27 03:30:01.000,IX.D.NASDAQ.CASH.IP,M5,19926.9,19924.9,19928.1,19926.1,19925.5,19923.5,19926.9,19924.9,123
IG,2025-03-27 03:30:01.000,2025-03-27 03:35:01.000,IX.D.NASDAQ.CASH.IP,M5,19927,19925,19937.3,19935.3,19926.8,19924.8,19932.9,19930.9,280
IG,2025-03-27 03:35:01.000,2025-03-27 03:40:01.000,IX.D.NASDAQ.CASH.IP,M5,19933.5,19931.5,19954.9,19952.9,19933.4,19931.4,19948.6,19946.6,1061
IG,2025-03-27 03:40:01.000,2025-03-27 03:45:01.000,IX.D.NASDAQ.CASH.IP,M5,19948.8,19946.8,19949.8,19947.8,19944.5,19942.5,19946.5,19944.5,324
IG,2025-03-27 03:45:01.000,2025-03-27 03:50:01.000,IX.D.NASDAQ.CASH.IP,M5,19946.4,19944.4,19948.9,19946.9,19944.9,19942.9,19944.9,19942.9,164
IG,2025-03-27 03:50:02.000,2025-03-27 03:55:01.000,IX.D.NASDAQ.CASH.IP,M5,19944.4,19942.4,19944.4,19942.4,19938.9,19936.9,19942.4,19940.4,402
IG,2025-03-27 03:55:03.000,2025-03-27 04:00:01.000,IX.D.NASDAQ.CASH.IP,M5,19942.3,19940.3,19943.8,19941.8,19941,19939,19941.9,19939.9,130
IG,2025-03-27 04:00:01.000,2025-03-27 04:05:01.000,IX.D.NASDAQ.CASH.IP,M5,19941.8,19939.8,19946.9,19944.9,19940.3,19938.3,19946.4,19944.4,150
IG,2025-03-27 04:05:01.000,2025-03-27 04:10:01.000,IX.D.NASDAQ.CASH.IP,M5,19946.6,19944.6,19954,19952,19946.4,19944.4,19951.6,19949.6,344
IG,2025-03-27 04:10:01.000,2025-03-27 04:15:01.000,IX.D.NASDAQ.CASH.IP,M5,19951.8,19949.8,19954.9,19952.9,19935.9,19933.9,19936.6,19934.6,472
IG,2025-03-27 04:15:01.000,2025-03-27 04:20:01.000,IX.D.NASDAQ.CASH.IP,M5,19936.9,19934.9,19939,19937,19935.9,19933.9,19936,19934,129
IG,2025-03-27 04:20:01.000,2025-03-27 04:24:58.000,IX.D.NASDAQ.CASH.IP,M5,19936.1,19934.1,19939,19937,19933.4,19931.4,19938.1,19936.1,217
IG,2025-03-27 04:25:02.000,2025-03-27 04:30:01.000,IX.D.NASDAQ.CASH.IP,M5,19938.3,19936.3,19942.9,19940.9,19937.4,19935.4,19940.4,19938.4,131
IG,2025-03-27 04:30:01.000,2025-03-27 04:35:01.000,IX.D.NASDAQ.CASH.IP,M5,19940.5,19938.5,19940.6,19938.6,19935.4,19933.4,19938.6,19936.6,193
IG,2025-03-27 04:35:03.000,2025-03-27 04:40:01.000,IX.D.NASDAQ.CASH.IP,M5,19938.8,19936.8,19945.1,19943.1,19936.4,19934.4,19937.1,19935.1,260
IG,2025-03-27 04:40:01.000,2025-03-27 04:45:01.000,IX.D.NASDAQ.CASH.IP,M5,19937.3,19935.3,19942.8,19940.8,19936.8,19934.8,19940,19938,140
IG,2025-03-27 04:45:01.000,2025-03-27 04:50:01.000,IX.D.NASDAQ.CASH.IP,M5,19939.9,19937.9,19942.3,19940.3,19937.8,19935.8,19941.4,19939.4,106
IG,2025-03-27 04:50:01.000,2025-03-27 04:55:00.000,IX.D.NASDAQ.CASH.IP,M5,19941.3,19939.3,19943.3,19941.3,19937.9,19935.9,19940.4,19938.4,128
IG,2025-03-27 04:55:01.000,2025-03-27 05:00:01.000,IX.D.NASDAQ.CASH.IP,M5,19940.5,19938.5,19943.6,19941.6,19938.6,19936.6,19940.8,19938.8,184
IG,2025-03-27 05:00:01.000,2025-03-27 05:05:01.000,IX.D.NASDAQ.CASH.IP,M5,19940.1,19938.1,19941.8,19939.8,19938.5,19936.5,19939.4,19937.4,96
IG,2025-03-27 05:05:01.000,2025-03-27 05:10:01.000,IX.D.NASDAQ.CASH.IP,M5,19939.3,19937.3,19941.9,19939.9,19927.1,19925.1,19931.3,19929.3,410
IG,2025-03-27 05:10:01.000,2025-03-27 05:15:01.000,IX.D.NASDAQ.CASH.IP,M5,19931.4,19929.4,19936.4,19934.4,19930.1,19928.1,19930.3,19928.3,228
IG,2025-03-27 05:15:01.000,2025-03-27 05:20:01.000,IX.D.NASDAQ.CASH.IP,M5,19930.4,19928.4,19933.3,19931.3,19928.9,19926.9,19932.4,19930.4,140
IG,2025-03-27 05:20:01.000,2025-03-27 05:25:01.000,IX.D.NASDAQ.CASH.IP,M5,19932.3,19930.3,19938.9,19936.9,19931,19929,19936.9,19934.9,236
IG,2025-03-27 05:25:01.000,2025-03-27 05:30:01.000,IX.D.NASDAQ.CASH.IP,M5,19936.8,19934.8,19937.6,19935.6,19935,19933,19936.4,19934.4,73
IG,2025-03-27 05:30:01.000,2025-03-27 05:35:01.000,IX.D.NASDAQ.CASH.IP,M5,19936.3,19934.3,19941.1,19939.1,19934.3,19932.3,19939.9,19937.9,280
IG,2025-03-27 05:35:01.000,2025-03-27 05:40:00.000,IX.D.NASDAQ.CASH.IP,M5,19938.1,19936.1,19950.8,19948.8,19937.8,19935.8,19948.1,19946.1,297
IG,2025-03-27 05:40:01.000,2025-03-27 05:45:01.000,IX.D.NASDAQ.CASH.IP,M5,19948.3,19946.3,19951.4,19949.4,19945.8,19943.8,19948.4,19946.4,170
IG,2025-03-27 05:45:01.000,2025-03-27 05:50:01.000,IX.D.NASDAQ.CASH.IP,M5,19948.5,19946.5,19948.6,19946.6,19935.1,19933.1,19935.6,19933.6,350
IG,2025-03-27 05:50:01.000,2025-03-27 05:55:01.000,IX.D.NASDAQ.CASH.IP,M5,19935.5,19933.5,19935.5,19933.5,19926.6,19924.6,19927.9,19925.9,471
IG,2025-03-27 05:55:01.000,2025-03-27 06:00:01.000,IX.D.NASDAQ.CASH.IP,M5,19928,19926,19928.8,19926.8,19920,19918,19921.5,19919.5,532
IG,2025-03-27 06:00:01.000,2025-03-27 06:05:01.000,IX.D.NASDAQ.CASH.IP,M5,19921.6,19919.6,19923.8,19921.8,19914.8,19912.8,19916.6,19914.6,634
IG,2025-03-27 06:05:01.000,2025-03-27 06:10:01.000,IX.D.NASDAQ.CASH.IP,M5,19916.8,19914.8,19929.8,19927.8,19914.9,19912.9,19928.8,19926.8,664
IG,2025-03-27 06:10:01.000,2025-03-27 06:15:01.000,IX.D.NASDAQ.CASH.IP,M5,19929,19927,19935.6,19933.6,19926.3,19924.3,19935.5,19933.5,387
IG,2025-03-27 06:15:01.000,2025-03-27 06:20:01.000,IX.D.NASDAQ.CASH.IP,M5,19935.8,19933.8,19940.6,19938.6,19935.3,19933.3,19940.4,19938.4,510
IG,2025-03-27 06:20:01.000,2025-03-27 06:25:00.000,IX.D.NASDAQ.CASH.IP,M5,19940.5,19938.5,19946.3,19944.3,19927.3,19925.3,19943.3,19941.3,827
IG,2025-03-27 06:25:01.000,2025-03-27 06:30:01.000,IX.D.NASDAQ.CASH.IP,M5,19943.1,19941.1,19945.9,19943.9,19935.4,19933.4,19943.4,19941.4,477
IG,2025-03-27 06:30:01.000,2025-03-27 06:35:01.000,IX.D.NASDAQ.CASH.IP,M5,19943.5,19941.5,19947.4,19945.4,19932.5,19930.5,19933.1,19931.1,325
IG,2025-03-27 06:35:01.000,2025-03-27 06:40:01.000,IX.D.NASDAQ.CASH.IP,M5,19933.3,19931.3,19942.6,19940.6,19933,19931,19942.5,19940.5,165
IG,2025-03-27 06:40:01.000,2025-03-27 06:45:01.000,IX.D.NASDAQ.CASH.IP,M5,19942.6,19940.6,19942.8,19940.8,19934.4,19932.4,19934.9,19932.9,223
IG,2025-03-27 06:45:01.000,2025-03-27 06:50:01.000,IX.D.NASDAQ.CASH.IP,M5,19934.8,19932.8,19936,19934,19920.5,19918.5,19921.6,19919.6,346
IG,2025-03-27 06:50:01.000,2025-03-27 06:55:01.000,IX.D.NASDAQ.CASH.IP,M5,19921.8,19919.8,19925.4,19923.4,19911,19909,19918.5,19916.5,493
IG,2025-03-27 06:55:01.000,2025-03-27 07:00:01.000,IX.D.NASDAQ.CASH.IP,M5,19918.4,19916.4,19922.8,19920.8,19911.4,19909.4,19919.6,19917.6,411
IG,2025-03-27 07:00:01.000,2025-03-27 07:05:01.000,IX.D.NASDAQ.CASH.IP,M5,19919.5,19917.5,19926.5,19924.5,19903.1,19901.1,19906.6,19904.6,987
IG,2025-03-27 07:05:01.000,2025-03-27 07:10:01.000,IX.D.NASDAQ.CASH.IP,M5,19906.8,19904.8,19920,19918,19891.5,19889.5,19919,19917,1088
IG,2025-03-27 07:10:02.000,2025-03-27 07:15:01.000,IX.D.NASDAQ.CASH.IP,M5,19918.9,19916.9,19927.5,19925.5,19918.3,19916.3,19921.9,19919.9,438
IG,2025-03-27 07:15:01.000,2025-03-27 07:20:01.000,IX.D.NASDAQ.CASH.IP,M5,19921.8,19919.8,19926.9,19924.9,19909.3,19907.3,19909.5,19907.5,572
IG,2025-03-27 07:20:01.000,2025-03-27 07:25:01.000,IX.D.NASDAQ.CASH.IP,M5,19909.6,19907.6,19916.5,19914.5,19908.6,19906.6,19913,19911,389
IG,2025-03-27 07:25:02.000,2025-03-27 07:30:01.000,IX.D.NASDAQ.CASH.IP,M5,19913.1,19911.1,19918.6,19916.6,19906.5,19904.5,19911.9,19909.9,363
IG,2025-03-27 07:30:01.000,2025-03-27 07:35:01.000,IX.D.NASDAQ.CASH.IP,M5,19911.6,19909.6,19916.4,19914.4,19901.4,19899.4,19903.5,19901.5,712
IG,2025-03-27 07:35:01.000,2025-03-27 07:40:01.000,IX.D.NASDAQ.CASH.IP,M5,19903.4,19901.4,19906.3,19904.3,19889.8,19887.8,19896.9,19894.9,659
IG,2025-03-27 07:40:01.000,2025-03-27 07:45:01.000,IX.D.NASDAQ.CASH.IP,M5,19896.8,19894.8,19916.5,19914.5,19889.3,19887.3,19890.8,19888.8,1089
IG,2025-03-27 07:45:01.000,2025-03-27 07:50:01.000,IX.D.NASDAQ.CASH.IP,M5,19890.6,19888.6,19902.5,19900.5,19889,19887,19894,19892,580
IG,2025-03-27 07:50:01.000,2025-03-27 07:55:01.000,IX.D.NASDAQ.CASH.IP,M5,19894.1,19892.1,19894.4,19892.4,19879.6,19877.6,19882,19880,879
IG,2025-03-27 07:55:01.000,2025-03-27 08:00:01.000,IX.D.NASDAQ.CASH.IP,M5,19882.1,19880.1,19887.1,19885.1,19876.3,19874.3,19883.3,19881.3,866
IG,2025-03-27 08:00:01.000,2025-03-27 08:05:01.000,IX.D.NASDAQ.CASH.IP,M5,19882.1,19880.1,19899.6,19897.6,19864.5,19862.5,19869.1,19867.1,1531
IG,2025-03-27 08:05:01.000,2025-03-27 08:10:01.000,IX.D.NASDAQ.CASH.IP,M5,19869.3,19867.3,19870.3,19868.3,19832.9,19830.9,19833.8,19831.8,2080
IG,2025-03-27 08:10:01.000,2025-03-27 08:15:01.000,IX.D.NASDAQ.CASH.IP,M5,19832,19830,19847.1,19845.1,19828.1,19826.1,19846.3,19844.3,2010
IG,2025-03-27 08:15:01.000,2025-03-27 08:20:01.000,IX.D.NASDAQ.CASH.IP,M5,19846.1,19844.1,19875,19873,19843.6,19841.6,19874.4,19872.4,1336
IG,2025-03-27 08:20:01.000,2025-03-27 08:25:01.000,IX.D.NASDAQ.CASH.IP,M5,19874.1,19872.1,19881.8,19879.8,19866.3,19864.3,19877.5,19875.5,836
IG,2025-03-27 08:25:01.000,2025-03-27 08:30:01.000,IX.D.NASDAQ.CASH.IP,M5,19877.4,19875.4,19881.8,19879.8,19861.1,19859.1,19878.1,19876.1,1020
IG,2025-03-27 08:30:01.000,2025-03-27 08:35:01.000,IX.D.NASDAQ.CASH.IP,M5,19878.3,19876.3,19889.9,19887.9,19878.3,19876.3,19885.1,19883.1,761
IG,2025-03-27 08:35:01.000,2025-03-27 08:40:01.000,IX.D.NASDAQ.CASH.IP,M5,19885.3,19883.3,19900.8,19898.8,19881.5,19879.5,19895,19893,702
IG,2025-03-27 08:40:01.000,2025-03-27 08:45:01.000,IX.D.NASDAQ.CASH.IP,M5,19895.4,19893.4,19899.3,19897.3,19891.4,19889.4,19892.9,19890.9,477
IG,2025-03-27 08:45:02.000,2025-03-27 08:50:01.000,IX.D.NASDAQ.CASH.IP,M5,19892.8,19890.8,19893.8,19891.8,19880.1,19878.1,19892.5,19890.5,785
IG,2025-03-27 08:50:01.000,2025-03-27 08:55:01.000,IX.D.NASDAQ.CASH.IP,M5,19892.6,19890.6,19893.3,19891.3,19874.3,19872.3,19888.3,19886.3,582
IG,2025-03-27 08:55:01.000,2025-03-27 09:00:01.000,IX.D.NASDAQ.CASH.IP,M5,19889.4,19887.4,19922.1,19920.1,19888.1,19886.1,19920.6,19918.6,1564
IG,2025-03-27 09:00:01.000,2025-03-27 09:05:01.000,IX.D.NASDAQ.CASH.IP,M5,19920.8,19918.8,19924.1,19922.1,19905.5,19903.5,19919.4,19917.4,806
IG,2025-03-27 09:05:01.000,2025-03-27 09:10:01.000,IX.D.NASDAQ.CASH.IP,M5,19919.5,19917.5,19920.9,19918.9,19902.6,19900.6,19906.6,19904.6,570
IG,2025-03-27 09:10:01.000,2025-03-27 09:15:01.000,IX.D.NASDAQ.CASH.IP,M5,19906.5,19904.5,19918.4,19916.4,19906,19904,19917.6,19915.6,432
IG,2025-03-27 09:15:01.000,2025-03-27 09:20:01.000,IX.D.NASDAQ.CASH.IP,M5,19917.9,19915.9,19922.4,19920.4,19915.8,19913.8,19920.3,19918.3,559
IG,2025-03-27 09:20:01.000,2025-03-27 09:25:01.000,IX.D.NASDAQ.CASH.IP,M5,19920.4,19918.4,19922,19920,19901.8,19899.8,19912.8,19910.8,530
IG,2025-03-27 09:25:01.000,2025-03-27 09:30:01.000,IX.D.NASDAQ.CASH.IP,M5,19912.9,19910.9,19930.4,19928.4,19909.4,19907.4,19928.6,19926.6,765
IG,2025-03-27 09:30:01.000,2025-03-27 09:35:01.000,IX.D.NASDAQ.CASH.IP,M5,19928.8,19926.8,19930.8,19928.8,19918.8,19916.8,19920.8,19918.8,437
IG,2025-03-27 09:35:01.000,2025-03-27 09:40:01.000,IX.D.NASDAQ.CASH.IP,M5,19921.4,19919.4,19923,19921,19907.1,19905.1,19910.1,19908.1,422
IG,2025-03-27 09:40:01.000,2025-03-27 09:45:01.000,IX.D.NASDAQ.CASH.IP,M5,19910,19908,19915.5,19913.5,19904.8,19902.8,19913.6,19911.6,432
IG,2025-03-27 09:45:01.000,2025-03-27 09:50:01.000,IX.D.NASDAQ.CASH.IP,M5,19913.5,19911.5,19929.6,19927.6,19913.4,19911.4,19926.9,19924.9,533
IG,2025-03-27 09:50:01.000,2025-03-27 09:55:01.000,IX.D.NASDAQ.CASH.IP,M5,19927,19925,19936.5,19934.5,19921.3,19919.3,19922.8,19920.8,659
IG,2025-03-27 09:55:01.000,2025-03-27 10:00:01.000,IX.D.NASDAQ.CASH.IP,M5,19922.6,19920.6,19926.6,19924.6,19919.5,19917.5,19924.5,19922.5,321
IG,2025-03-27 10:00:01.000,2025-03-27 10:05:01.000,IX.D.NASDAQ.CASH.IP,M5,19924.6,19922.6,19943.6,19941.6,19918.4,19916.4,19942.8,19940.8,753
IG,2025-03-27 10:05:01.000,2025-03-27 10:10:01.000,IX.D.NASDAQ.CASH.IP,M5,19942.6,19940.6,19945.5,19943.5,19934.3,19932.3,19937.1,19935.1,539
IG,2025-03-27 10:10:01.000,2025-03-27 10:15:01.000,IX.D.NASDAQ.CASH.IP,M5,19937.3,19935.3,19941.1,19939.1,19929.4,19927.4,19933,19931,387
IG,2025-03-27 10:15:01.000,2025-03-27 10:20:01.000,IX.D.NASDAQ.CASH.IP,M5,19932.9,19930.9,19935.3,19933.3,19922,19920,19923.1,19921.1,578
IG,2025-03-27 10:20:01.000,2025-03-27 10:25:01.000,IX.D.NASDAQ.CASH.IP,M5,19923,19921,19929.4,19927.4,19912,19910,19922.6,19920.6,577
IG,2025-03-27 10:25:01.000,2025-03-27 10:30:01.000,IX.D.NASDAQ.CASH.IP,M5,19922.8,19920.8,19926.6,19924.6,19916.6,19914.6,19921.4,19919.4,298
IG,2025-03-27 10:30:01.000,2025-03-27 10:35:01.000,IX.D.NASDAQ.CASH.IP,M5,19921.5,19919.5,19926.5,19924.5,19916.4,19914.4,19926.1,19924.1,485
IG,2025-03-27 10:35:01.000,2025-03-27 10:40:01.000,IX.D.NASDAQ.CASH.IP,M5,19926.3,19924.3,19927.8,19925.8,19911,19909,19911.5,19909.5,382
IG,2025-03-27 10:40:01.000,2025-03-27 10:45:01.000,IX.D.NASDAQ.CASH.IP,M5,19910.6,19908.6,19918,19916,19908.3,19906.3,19912,19910,347
IG,2025-03-27 10:45:01.000,2025-03-27 10:50:01.000,IX.D.NASDAQ.CASH.IP,M5,19912.1,19910.1,19917.1,19915.1,19900.1,19898.1,19905.5,19903.5,602
IG,2025-03-27 10:50:01.000,2025-03-27 10:55:01.000,IX.D.NASDAQ.CASH.IP,M5,19905.1,19903.1,19907.9,19905.9,19893.5,19891.5,19894.1,19892.1,739
IG,2025-03-27 10:55:01.000,2025-03-27 11:00:01.000,IX.D.NASDAQ.CASH.IP,M5,19894.3,19892.3,19894.6,19892.6,19881.1,19879.1,19883.1,19881.1,1413
IG,2025-03-27 11:00:01.000,2025-03-27 11:05:01.000,IX.D.NASDAQ.CASH.IP,M5,19882,19880,19896,19894,19869.4,19867.4,19891,19889,1072
IG,2025-03-27 11:05:01.000,2025-03-27 11:10:01.000,IX.D.NASDAQ.CASH.IP,M5,19891.1,19889.1,19904.6,19902.6,19890.4,19888.4,19903.5,19901.5,649
IG,2025-03-27 11:10:01.000,2025-03-27 11:15:01.000,IX.D.NASDAQ.CASH.IP,M5,19903.6,19901.6,19903.9,19901.9,19866.1,19864.1,19875.3,19873.3,1117
IG,2025-03-27 11:15:01.000,2025-03-27 11:20:01.000,IX.D.NASDAQ.CASH.IP,M5,19875.1,19873.1,19883,19881,19865.1,19863.1,19874,19872,640
IG,2025-03-27 11:20:01.000,2025-03-27 11:25:01.000,IX.D.NASDAQ.CASH.IP,M5,19874.1,19872.1,19875.8,19873.8,19854.8,19852.8,19861.3,19859.3,1066
IG,2025-03-27 11:25:01.000,2025-03-27 11:30:01.000,IX.D.NASDAQ.CASH.IP,M5,19861.1,19859.1,19862.1,19860.1,19838.6,19836.6,19843.9,19841.9,1190
IG,2025-03-27 11:30:01.000,2025-03-27 11:35:01.000,IX.D.NASDAQ.CASH.IP,M5,19843.8,19841.8,19857.9,19855.9,19843.6,19841.6,19852.4,19850.4,770
IG,2025-03-27 11:35:01.000,2025-03-27 11:40:00.000,IX.D.NASDAQ.CASH.IP,M5,19852.5,19850.5,19879.1,19877.1,19852.3,19850.3,19878.9,19876.9,1113
IG,2025-03-27 11:40:00.000,2025-03-27 11:45:01.000,IX.D.NASDAQ.CASH.IP,M5,19879,19877,19880,19878,19862.1,19860.1,19878.6,19876.6,1127
IG,2025-03-27 11:45:01.000,2025-03-27 11:50:01.000,IX.D.NASDAQ.CASH.IP,M5,19878.5,19876.5,19888.8,19886.8,19875.1,19873.1,19888.3,19886.3,682
IG,2025-03-27 11:50:01.000,2025-03-27 11:55:01.000,IX.D.NASDAQ.CASH.IP,M5,19888.4,19886.4,19889.5,19887.5,19878,19876,19881.4,19879.4,646
IG,2025-03-27 11:55:01.000,2025-03-27 12:00:01.000,IX.D.NASDAQ.CASH.IP,M5,19881.3,19879.3,19901.8,19899.8,19881.3,19879.3,19896.9,19894.9,887
IG,2025-03-27 12:00:01.000,2025-03-27 12:05:01.000,IX.D.NASDAQ.CASH.IP,M5,19896.8,19894.8,19897.1,19895.1,19876.3,19874.3,19876.3,19874.3,1012
IG,2025-03-27 12:05:01.000,2025-03-27 12:10:01.000,IX.D.NASDAQ.CASH.IP,M5,19876.6,19874.6,19881.8,19879.8,19862.5,19860.5,19874.9,19872.9,1148
IG,2025-03-27 12:10:01.000,2025-03-27 12:15:00.000,IX.D.NASDAQ.CASH.IP,M5,19875.1,19873.1,19882.8,19880.8,19868.1,19866.1,19874.1,19872.1,793
IG,2025-03-27 12:15:01.000,2025-03-27 12:20:01.000,IX.D.NASDAQ.CASH.IP,M5,19874,19872,19879.9,19877.9,19867.9,19865.9,19872.9,19870.9,817
IG,2025-03-27 12:20:01.000,2025-03-27 12:25:01.000,IX.D.NASDAQ.CASH.IP,M5,19872.8,19870.8,19873.3,19871.3,19857.9,19855.9,19871.6,19869.6,1000
IG,2025-03-27 12:25:01.000,2025-03-27 12:30:01.000,IX.D.NASDAQ.CASH.IP,M5,19871.4,19869.4,19874.1,19872.1,19857.3,19855.3,19863.9,19861.9,847
IG,2025-03-27 12:30:01.000,2025-03-27 12:35:00.000,IX.D.NASDAQ.CASH.IP,M5,19864,19862,19906.4,19904.4,19859.9,19857.9,19887.9,19885.9,3331
IG,2025-03-27 12:35:00.000,2025-03-27 12:40:01.000,IX.D.NASDAQ.CASH.IP,M5,19887.6,19885.6,19912.3,19910.3,19884.4,19882.4,19899.4,19897.4,1951
IG,2025-03-27 12:40:01.000,2025-03-27 12:45:01.000,IX.D.NASDAQ.CASH.IP,M5,19899.5,19897.5,19901.1,19899.1,19880.4,19878.4,19883.9,19881.9,1952
IG,2025-03-27 12:45:01.000,2025-03-27 12:50:01.000,IX.D.NASDAQ.CASH.IP,M5,19883.8,19881.8,19892.9,19890.9,19869.6,19867.6,19873.9,19871.9,2062
IG,2025-03-27 12:50:01.000,2025-03-27 12:55:01.000,IX.D.NASDAQ.CASH.IP,M5,19874,19872,19877.5,19875.5,19865.1,19863.1,19875.8,19873.8,1718
IG,2025-03-27 12:55:01.000,2025-03-27 13:00:01.000,IX.D.NASDAQ.CASH.IP,M5,19875.6,19873.6,19880.6,19878.6,19869.6,19867.6,19875.8,19873.8,1233
IG,2025-03-27 13:00:01.000,2025-03-27 13:05:01.000,IX.D.NASDAQ.CASH.IP,M5,19874.6,19872.6,19883.3,19881.3,19864.1,19862.1,19875.9,19873.9,2152
IG,2025-03-27 13:05:01.000,2025-03-27 13:10:01.000,IX.D.NASDAQ.CASH.IP,M5,19876,19874,19888.8,19886.8,19869.1,19867.1,19876.3,19874.3,1642
IG,2025-03-27 13:10:01.000,2025-03-27 13:15:01.000,IX.D.NASDAQ.CASH.IP,M5,19876.1,19874.1,19879.9,19877.9,19860.9,19858.9,19861.4,19859.4,1273
IG,2025-03-27 13:15:01.000,2025-03-27 13:20:01.000,IX.D.NASDAQ.CASH.IP,M5,19861.5,19859.5,19866.4,19864.4,19850.6,19848.6,19857,19855,1596
IG,2025-03-27 13:20:01.000,2025-03-27 13:25:01.000,IX.D.NASDAQ.CASH.IP,M5,19857.1,19855.1,19857.3,19855.3,19836.4,19834.4,19837.4,19835.4,2162
IG,2025-03-27 13:25:01.000,2025-03-27 13:30:01.000,IX.D.NASDAQ.CASH.IP,M5,19837.1,19835.1,19843,19841,19819.1,19817.1,19826.6,19825.6,5083
IG,2025-03-27 13:30:01.000,2025-03-27 13:35:01.000,IX.D.NASDAQ.CASH.IP,M5,19827.4,19826.4,19875,19874,19783.9,19782.9,19808.9,19807.9,19667
IG,2025-03-27 13:35:01.000,2025-03-27 13:40:01.000,IX.D.NASDAQ.CASH.IP,M5,19808.6,19807.6,19811,19810,19751.6,19750.6,19754.5,19753.5,15067
IG,2025-03-27 13:40:01.000,2025-03-27 13:45:01.000,IX.D.NASDAQ.CASH.IP,M5,19754.4,19753.4,19789.9,19788.9,19745.9,19744.9,19787,19786,12435
IG,2025-03-27 13:45:01.000,2025-03-27 13:50:01.000,IX.D.NASDAQ.CASH.IP,M5,19787.4,19786.4,19830.8,19829.8,19768.4,19767.4,19824.6,19823.6,13224
IG,2025-03-27 13:50:01.000,2025-03-27 13:55:01.000,IX.D.NASDAQ.CASH.IP,M5,19825.1,19824.1,19883.3,19882.3,19807.6,19806.6,19872.6,19871.6,14860
IG,2025-03-27 13:55:01.000,2025-03-27 14:00:01.000,IX.D.NASDAQ.CASH.IP,M5,19872.3,19871.3,19897.1,19896.1,19870.4,19869.4,19886.5,19885.5,10917
IG,2025-03-27 14:00:01.000,2025-03-27 14:05:01.000,IX.D.NASDAQ.CASH.IP,M5,19886.9,19885.9,19908.8,19907.8,19879.4,19878.4,19891.4,19890.4,9605
IG,2025-03-27 14:05:01.000,2025-03-27 14:10:01.000,IX.D.NASDAQ.CASH.IP,M5,19891.6,19890.6,19900.5,19899.5,19846,19845,19862.6,19861.6,10170
IG,2025-03-27 14:10:01.000,2025-03-27 14:15:01.000,IX.D.NASDAQ.CASH.IP,M5,19864,19863,19903.6,19902.6,19835.1,19834.1,19897.9,19896.9,9513
IG,2025-03-27 14:15:01.000,2025-03-27 14:20:00.000,IX.D.NASDAQ.CASH.IP,M5,19898.1,19897.1,19902.6,19901.6,19867.4,19866.4,19900.4,19899.4,7756
IG,2025-03-27 14:20:00.000,2025-03-27 14:25:01.000,IX.D.NASDAQ.CASH.IP,M5,19900.9,19899.9,19902.8,19901.8,19855.4,19854.4,19875.4,19874.4,6278
IG,2025-03-27 14:25:01.000,2025-03-27 14:30:01.000,IX.D.NASDAQ.CASH.IP,M5,19874.4,19873.4,19931.9,19930.9,19867.9,19866.9,19930.9,19929.9,8664
IG,2025-03-27 14:30:01.000,2025-03-27 14:35:01.000,IX.D.NASDAQ.CASH.IP,M5,19931.1,19930.1,19938.6,19937.6,19914.5,19913.5,19936.9,19935.9,7969
IG,2025-03-27 14:35:01.000,2025-03-27 14:40:01.000,IX.D.NASDAQ.CASH.IP,M5,19937.1,19936.1,19974.8,19973.8,19931.8,19930.8,19960.3,19959.3,9175
IG,2025-03-27 14:40:01.000,2025-03-27 14:45:01.000,IX.D.NASDAQ.CASH.IP,M5,19959.9,19958.9,19978.3,19977.3,19947.3,19946.3,19964.1,19963.1,6090
IG,2025-03-27 14:45:01.000,2025-03-27 14:50:01.000,IX.D.NASDAQ.CASH.IP,M5,19964.6,19963.6,19974.5,19973.5,19947.5,19946.5,19953,19952,5111
IG,2025-03-27 14:50:01.000,2025-03-27 14:55:01.000,IX.D.NASDAQ.CASH.IP,M5,19952.9,19951.9,19992.9,19991.9,19937.2,19936.2,19990,19989,6688
IG,2025-03-27 14:55:01.000,2025-03-27 15:00:01.000,IX.D.NASDAQ.CASH.IP,M5,19989,19988,20005.9,20004.9,19977.6,19976.6,19993.2,19992.2,5921
IG,2025-03-27 15:00:01.000,2025-03-27 15:05:01.000,IX.D.NASDAQ.CASH.IP,M5,19994.6,19993.6,20000.7,19999.7,19971.7,19970.7,19980.1,19979.1,4395
IG,2025-03-27 15:05:01.000,2025-03-27 15:10:01.000,IX.D.NASDAQ.CASH.IP,M5,19980.4,19979.4,19990.9,19989.9,19955.4,19954.4,19956.2,19955.2,4909
IG,2025-03-27 15:10:01.000,2025-03-27 15:15:01.000,IX.D.NASDAQ.CASH.IP,M5,19956.7,19955.7,19981.4,19980.4,19952.1,19951.1,19968.5,19967.5,4993
IG,2025-03-27 15:15:01.000,2025-03-27 15:20:01.000,IX.D.NASDAQ.CASH.IP,M5,19968.2,19967.2,19976.4,19975.4,19947.4,19946.4,19969.7,19968.7,4376
IG,2025-03-27 15:20:01.000,2025-03-27 15:25:01.000,IX.D.NASDAQ.CASH.IP,M5,19969.6,19968.6,19974.1,19973.1,19946.5,19945.5,19965.1,19964.1,4272
IG,2025-03-27 15:25:01.000,2025-03-27 15:30:01.000,IX.D.NASDAQ.CASH.IP,M5,19965.2,19964.2,19973.6,19972.6,19935.6,19934.6,19935.6,19934.6,4449
IG,2025-03-27 15:30:01.000,2025-03-27 15:35:01.000,IX.D.NASDAQ.CASH.IP,M5,19934.6,19933.6,19935.1,19934.1,19898.6,19897.6,19905.5,19904.5,8788
IG,2025-03-27 15:35:01.000,2025-03-27 15:40:01.000,IX.D.NASDAQ.CASH.IP,M5,19905.2,19904.2,19915.9,19914.9,19880.6,19879.6,19894.9,19893.9,6432
IG,2025-03-27 15:40:01.000,2025-03-27 15:45:01.000,IX.D.NASDAQ.CASH.IP,M5,19894.2,19893.2,19895.9,19894.9,19867.9,19866.9,19884.5,19883.5,6489
IG,2025-03-27 15:45:01.000,2025-03-27 15:50:01.000,IX.D.NASDAQ.CASH.IP,M5,19884.1,19883.1,19886.1,19885.1,19856,19855,19861.6,19860.6,5917
IG,2025-03-27 15:50:01.000,2025-03-27 15:55:01.000,IX.D.NASDAQ.CASH.IP,M5,19862.5,19861.5,19890.1,19889.1,19862.1,19861.1,19883.2,19882.2,5687
IG,2025-03-27 15:55:01.000,2025-03-27 16:00:01.000,IX.D.NASDAQ.CASH.IP,M5,19883.5,19882.5,19886.5,19885.5,19849.4,19848.4,19857.5,19856.5,4527
IG,2025-03-27 16:00:01.000,2025-03-27 16:05:01.000,IX.D.NASDAQ.CASH.IP,M5,19857.6,19856.6,19882.2,19881.2,19846.9,19845.9,19876.9,19875.9,5527
IG,2025-03-27 16:05:01.000,2025-03-27 16:10:01.000,IX.D.NASDAQ.CASH.IP,M5,19878.1,19877.1,19910.2,19909.2,19870,19869,19909.2,19908.2,6209
IG,2025-03-27 16:10:01.000,2025-03-27 16:15:01.000,IX.D.NASDAQ.CASH.IP,M5,19908.4,19907.4,19909.9,19908.9,19886.5,19885.5,19907.4,19906.4,3401
IG,2025-03-27 16:15:01.000,2025-03-27 16:20:01.000,IX.D.NASDAQ.CASH.IP,M5,19906.7,19905.7,19952.4,19951.4,19903.9,19902.9,19945.7,19944.7,6148
IG,2025-03-27 16:20:01.000,2025-03-27 16:25:01.000,IX.D.NASDAQ.CASH.IP,M5,19946.1,19945.1,19962.4,19961.4,19917.5,19916.5,19918.6,19917.6,6490
IG,2025-03-27 16:25:01.000,2025-03-27 16:30:01.000,IX.D.NASDAQ.CASH.IP,M5,19918.9,19917.9,19919,19918,19881.4,19880.4,19889.2,19888.2,5713
IG,2025-03-27 16:30:01.000,2025-03-27 16:35:01.000,IX.D.NASDAQ.CASH.IP,M5,19888.1,19887.1,19917.6,19916.6,19886.2,19885.2,19896.1,19895.1,4828
IG,2025-03-27 16:35:01.000,2025-03-27 16:40:00.000,IX.D.NASDAQ.CASH.IP,M5,19896.2,19895.2,19899.1,19898.1,19877,19876,19891.9,19890.9,4672
IG,2025-03-27 16:40:00.000,2025-03-27 16:45:01.000,IX.D.NASDAQ.CASH.IP,M5,19892.1,19891.1,19913.4,19912.4,19885,19884,19896.9,19895.9,3719
IG,2025-03-27 16:45:01.000,2025-03-27 16:50:01.000,IX.D.NASDAQ.CASH.IP,M5,19896.7,19895.7,19908.4,19907.4,19850.9,19849.9,19856,19855,5185
IG,2025-03-27 16:50:01.000,2025-03-27 16:55:01.000,IX.D.NASDAQ.CASH.IP,M5,19855.1,19854.1,19859.6,19858.6,19832.7,19831.7,19844.4,19843.4,5775
IG,2025-03-27 16:55:01.000,2025-03-27 17:00:01.000,IX.D.NASDAQ.CASH.IP,M5,19845.5,19844.5,19849.6,19848.6,19813.6,19812.6,19819.1,19818.1,4523
IG,2025-03-27 17:00:01.000,2025-03-27 17:05:01.000,IX.D.NASDAQ.CASH.IP,M5,19818.7,19817.7,19843.4,19842.4,19809.2,19808.2,19834.6,19833.6,5484
IG,2025-03-27 17:05:01.000,2025-03-27 17:10:01.000,IX.D.NASDAQ.CASH.IP,M5,19834.2,19833.2,19857.1,19856.1,19822.1,19821.1,19846.7,19845.7,4062
IG,2025-03-27 17:10:01.000,2025-03-27 17:15:01.000,IX.D.NASDAQ.CASH.IP,M5,19847.1,19846.1,19871.2,19870.2,19841.5,19840.5,19868.4,19867.4,3089
IG,2025-03-27 17:15:01.000,2025-03-27 17:20:01.000,IX.D.NASDAQ.CASH.IP,M5,19868.7,19867.7,19877.6,19876.6,19856,19855,19857,19856,3339
IG,2025-03-27 17:20:01.000,2025-03-27 17:25:01.000,IX.D.NASDAQ.CASH.IP,M5,19857.1,19856.1,19868.5,19867.5,19839.6,19838.6,19851.9,19850.9,3780
IG,2025-03-27 17:25:01.000,2025-03-27 17:30:01.000,IX.D.NASDAQ.CASH.IP,M5,19854.2,19853.2,19856.7,19855.7,19813.6,19812.6,19816.6,19815.6,3855
IG,2025-03-27 17:30:01.000,2025-03-27 17:35:01.000,IX.D.NASDAQ.CASH.IP,M5,19817.2,19816.2,19850,19849,19816.6,19815.6,19832.7,19831.7,4286
IG,2025-03-27 17:35:01.000,2025-03-27 17:40:01.000,IX.D.NASDAQ.CASH.IP,M5,19832.9,19831.9,19839.5,19838.5,19812.2,19811.2,19830.4,19829.4,3957
IG,2025-03-27 17:40:01.000,2025-03-27 17:45:00.000,IX.D.NASDAQ.CASH.IP,M5,19830.6,19829.6,19841.9,19840.9,19822.2,19821.2,19830.6,19829.6,2851
IG,2025-03-27 17:45:00.000,2025-03-27 17:50:01.000,IX.D.NASDAQ.CASH.IP,M5,19830.1,19829.1,19864.2,19863.2,19829.9,19828.9,19861.5,19860.5,4773
IG,2025-03-27 17:50:01.000,2025-03-27 17:55:01.000,IX.D.NASDAQ.CASH.IP,M5,19861.6,19860.6,19871.5,19870.5,19814.4,19813.4,19817.5,19816.5,4913
IG,2025-03-27 17:55:01.000,2025-03-27 18:00:00.000,IX.D.NASDAQ.CASH.IP,M5,19818.1,19817.1,19831.6,19830.6,19816,19815,19819,19818,2749
IG,2025-03-27 18:00:00.000,2025-03-27 18:05:01.000,IX.D.NASDAQ.CASH.IP,M5,19818.3,19817.3,19852.3,19851.3,19818.3,19817.3,19852.3,19851.3,3641
IG,2025-03-27 18:05:01.000,2025-03-27 18:10:01.000,IX.D.NASDAQ.CASH.IP,M5,19851.6,19850.6,19879.1,19878.1,19850.9,19849.9,19863.3,19862.3,4964
IG,2025-03-27 18:10:01.000,2025-03-27 18:15:01.000,IX.D.NASDAQ.CASH.IP,M5,19863.9,19862.9,19887.9,19886.9,19859,19858,19886.4,19885.4,3960
IG,2025-03-27 18:15:01.000,2025-03-27 18:20:01.000,IX.D.NASDAQ.CASH.IP,M5,19885.5,19884.5,19893.9,19892.9,19863.3,19862.3,19870.8,19869.8,4256
IG,2025-03-27 18:20:01.000,2025-03-27 18:25:01.000,IX.D.NASDAQ.CASH.IP,M5,19870.6,19869.6,19889.4,19888.4,19858.4,19857.4,19860,19859,3175
IG,2025-03-27 18:25:01.000,2025-03-27 18:30:01.000,IX.D.NASDAQ.CASH.IP,M5,19859,19858,19878.9,19877.9,19850.5,19849.5,19861.8,19860.8,4122
IG,2025-03-27 18:30:01.000,2025-03-27 18:35:01.000,IX.D.NASDAQ.CASH.IP,M5,19861.5,19860.5,19875,19874,19847.8,19846.8,19868.3,19867.3,3875
IG,2025-03-27 18:35:01.000,2025-03-27 18:40:01.000,IX.D.NASDAQ.CASH.IP,M5,19869.1,19868.1,19886.8,19885.8,19865.5,19864.5,19883.5,19882.5,3960
IG,2025-03-27 18:40:01.000,2025-03-27 18:45:01.000,IX.D.NASDAQ.CASH.IP,M5,19883.3,19882.3,19907.5,19906.5,19876.9,19875.9,19886.3,19885.3,4534
IG,2025-03-27 18:45:01.000,2025-03-27 18:50:01.000,IX.D.NASDAQ.CASH.IP,M5,19886.6,19885.6,19903.6,19902.6,19886,19885,19900.5,19899.5,3216
IG,2025-03-27 18:50:01.000,2025-03-27 18:55:01.000,IX.D.NASDAQ.CASH.IP,M5,19900.1,19899.1,19915.3,19914.3,19890.1,19889.1,19901.1,19900.1,5318
IG,2025-03-27 18:55:01.000,2025-03-27 19:00:01.000,IX.D.NASDAQ.CASH.IP,M5,19901.3,19900.3,19902.4,19901.4,19846.4,19845.4,19846.8,19845.8,5436
IG,2025-03-27 19:00:01.000,2025-03-27 19:05:01.000,IX.D.NASDAQ.CASH.IP,M5,19847,19846,19877.6,19876.6,19843.4,19842.4,19866.6,19865.6,4464
IG,2025-03-27 19:05:01.000,2025-03-27 19:10:01.000,IX.D.NASDAQ.CASH.IP,M5,19866.9,19865.9,19872.6,19871.6,19850.8,19849.8,19864.3,19863.3,4258
IG,2025-03-27 19:10:01.000,2025-03-27 19:15:01.000,IX.D.NASDAQ.CASH.IP,M5,19864.1,19863.1,19903.9,19902.9,19858.1,19857.1,19899.9,19898.9,4487
IG,2025-03-27 19:15:01.000,2025-03-27 19:20:01.000,IX.D.NASDAQ.CASH.IP,M5,19899.4,19898.4,19912.4,19911.4,19890.1,19889.1,19904.6,19903.6,4502
IG,2025-03-27 19:20:01.000,2025-03-27 19:25:00.000,IX.D.NASDAQ.CASH.IP,M5,19904.1,19903.1,19935.8,19934.8,19900.9,19899.9,19920.6,19919.6,5110
IG,2025-03-27 19:25:00.000,2025-03-27 19:30:01.000,IX.D.NASDAQ.CASH.IP,M5,19920.9,19919.9,19923.1,19922.1,19905.6,19904.6,19912.6,19911.6,3481
IG,2025-03-27 19:30:01.000,2025-03-27 19:35:01.000,IX.D.NASDAQ.CASH.IP,M5,19913.4,19912.4,19914.1,19913.1,19873.9,19872.9,19888.1,19887.1,6378
IG,2025-03-27 19:35:01.000,2025-03-27 19:40:01.000,IX.D.NASDAQ.CASH.IP,M5,19888.9,19887.9,19894.4,19893.4,19866.4,19865.4,19871.9,19870.9,3825
IG,2025-03-27 19:40:01.000,2025-03-27 19:45:01.000,IX.D.NASDAQ.CASH.IP,M5,19872.4,19871.4,19887.1,19886.1,19859.4,19858.4,19872.8,19871.8,4975
IG,2025-03-27 19:45:01.000,2025-03-27 19:50:01.000,IX.D.NASDAQ.CASH.IP,M5,19871.8,19870.8,19878.4,19877.4,19858.5,19857.5,19860,19859,4029
IG,2025-03-27 19:50:01.000,2025-03-27 19:55:01.000,IX.D.NASDAQ.CASH.IP,M5,19860.5,19859.5,19864.3,19863.3,19781.4,19780.4,19825.8,19824.8,14119
IG,2025-03-27 19:55:01.000,2025-03-27 20:00:01.000,IX.D.NASDAQ.CASH.IP,M5,19826,19825,19829.9,19828.9,19790.9,19789.9,19798,19796,16725
IG,2025-03-27 20:00:01.000,2025-03-27 20:05:01.000,IX.D.NASDAQ.CASH.IP,M5,19799.2,19797.2,19819,19817,19797.2,19795.2,19813.7,19811.7,5550
IG,2025-03-27 20:05:01.000,2025-03-27 20:10:01.000,IX.D.NASDAQ.CASH.IP,M5,19813.6,19811.6,19820,19818,19808.1,19806.1,19809.7,19807.7,1998
IG,2025-03-27 20:10:01.000,2025-03-27 20:15:01.000,IX.D.NASDAQ.CASH.IP,M5,19808.7,19806.7,19818.3,19816.3,19805.8,19803.8,19811.6,19809.6,1387
IG,2025-03-27 20:15:01.000,2025-03-27 20:20:01.000,IX.D.NASDAQ.CASH.IP,M5,19811.3,19809.3,19811.3,19809.3,19800.1,19798.1,19803.7,19801.7,962
IG,2025-03-27 20:20:01.000,2025-03-27 20:25:01.000,IX.D.NASDAQ.CASH.IP,M5,19804.2,19802.2,19805.8,19803.8,19794.2,19792.2,19803.2,19801.2,683
IG,2025-03-27 20:25:01.000,2025-03-27 20:30:01.000,IX.D.NASDAQ.CASH.IP,M5,19803.1,19801.1,19810.6,19808.6,19802.1,19800.1,19808.5,19806.5,657
IG,2025-03-27 20:30:01.000,2025-03-27 20:35:01.000,IX.D.NASDAQ.CASH.IP,M5,19808.3,19806.3,19811.7,19809.7,19806.2,19804.2,19810.5,19808.5,352
IG,2025-03-27 20:35:01.000,2025-03-27 20:40:00.000,IX.D.NASDAQ.CASH.IP,M5,19811,19809,19817.5,19815.5,19809.7,19807.7,19816,19814,368
IG,2025-03-27 20:40:02.000,2025-03-27 20:45:01.000,IX.D.NASDAQ.CASH.IP,M5,19816.1,19814.1,19821.3,19819.3,19815.1,19813.1,19820.7,19818.7,627
IG,2025-03-27 20:45:01.000,2025-03-27 20:50:01.000,IX.D.NASDAQ.CASH.IP,M5,19820.6,19818.6,19825.1,19823.1,19819.5,19817.5,19821.1,19819.1,518
IG,2025-03-27 20:50:01.000,2025-03-27 20:55:01.000,IX.D.NASDAQ.CASH.IP,M5,19821.2,19819.2,19823.6,19821.6,19815.5,19813.5,19816.3,19814.3,375
IG,2025-03-27 20:55:01.000,2025-03-27 21:00:01.000,IX.D.NASDAQ.CASH.IP,M5,19816.2,19814.2,19817.2,19815.2,19802.7,19799.1,19807.2,19802.2,446
IG,2025-03-27 21:00:06.000,2025-03-27 21:04:55.000,IX.D.NASDAQ.CASH.IP,M5,19804.7,19799.7,19808.2,19803.2,19803.6,19798.6,19804,19799,0
IG,2025-03-27 21:05:05.000,2025-03-27 21:09:59.000,IX.D.NASDAQ.CASH.IP,M5,19804.1,19799.1,19804.6,19799.6,19801.8,19796.8,19803.7,19798.7,0
IG,2025-03-27 21:10:18.000,2025-03-27 21:13:18.000,IX.D.NASDAQ.CASH.IP,M5,19803.4,19798.4,19803.8,19798.8,19803.3,19798.3,19803.4,19798.4,0
IG,2025-03-27 21:15:07.000,2025-03-27 21:18:17.000,IX.D.NASDAQ.CASH.IP,M5,19803.6,19798.6,19804.8,19799.8,19803.2,19798.2,19804.2,19799.2,0
IG,2025-03-27 21:20:11.000,2025-03-27 21:24:55.000,IX.D.NASDAQ.CASH.IP,M5,19804.5,19799.5,19806.2,19801.2,19804,19799,19805.6,19800.6,0
IG,2025-03-27 21:25:28.000,2025-03-27 21:29:49.000,IX.D.NASDAQ.CASH.IP,M5,19806.3,19801.3,19808.2,19803.2,19805.1,19800.1,19807.6,19802.6,0
IG,2025-03-27 21:30:09.000,2025-03-27 21:34:53.000,IX.D.NASDAQ.CASH.IP,M5,19807.9,19802.9,19808.6,19803.6,19806.2,19801.2,19807.8,19802.8,0
IG,2025-03-27 21:35:24.000,2025-03-27 21:39:20.000,IX.D.NASDAQ.CASH.IP,M5,19808.2,19803.2,19808.2,19803.2,19807,19802,19808,19803,0
IG,2025-03-27 21:40:46.000,2025-03-27 21:44:55.000,IX.D.NASDAQ.CASH.IP,M5,19807.2,19802.2,19807.2,19802.2,19805.1,19800.1,19806.3,19801.3,0
IG,2025-03-27 21:46:01.000,2025-03-27 21:49:51.000,IX.D.NASDAQ.CASH.IP,M5,19806.1,19801.1,19807.1,19802.1,19805.8,19800.8,19806.3,19801.3,0
IG,2025-03-27 21:50:02.000,2025-03-27 21:54:16.000,IX.D.NASDAQ.CASH.IP,M5,19805.6,19800.6,19806.2,19801.2,19805.6,19800.6,19806.1,19801.1,0
IG,2025-03-27 21:55:46.000,2025-03-27 22:00:01.000,IX.D.NASDAQ.CASH.IP,M5,19805.9,19800.9,19806.3,19801.3,19797,19795,19799,19797,27
IG,2025-03-27 22:00:01.000,2025-03-27 22:05:01.000,IX.D.NASDAQ.CASH.IP,M5,19800.2,19798.2,19817,19815,19798.1,19796.1,19803.8,19801.8,711
IG,2025-03-27 22:05:01.000,2025-03-27 22:10:01.000,IX.D.NASDAQ.CASH.IP,M5,19806,19804,19811.1,19809.1,19799.6,19797.6,19800.2,19798.2,446
IG,2025-03-27 22:10:01.000,2025-03-27 22:15:01.000,IX.D.NASDAQ.CASH.IP,M5,19800.1,19798.1,19806.8,19804.8,19797.1,19795.1,19800.7,19798.7,264
IG,2025-03-27 22:15:01.000,2025-03-27 22:20:01.000,IX.D.NASDAQ.CASH.IP,M5,19800.6,19798.6,19811,19809,19797.3,19795.3,19807.8,19805.8,333
IG,2025-03-27 22:20:01.000,2025-03-27 22:25:01.000,IX.D.NASDAQ.CASH.IP,M5,19808,19806,19814.2,19812.2,19807.7,19805.7,19810.3,19808.3,214
IG,2025-03-27 22:25:01.000,2025-03-27 22:30:01.000,IX.D.NASDAQ.CASH.IP,M5,19809.6,19807.6,19813.3,19811.3,19806.3,19804.3,19806.7,19804.7,184
IG,2025-03-27 22:30:01.000,2025-03-27 22:35:01.000,IX.D.NASDAQ.CASH.IP,M5,19806.8,19804.8,19815,19813,19806.5,19804.5,19806.7,19804.7,233
IG,2025-03-27 22:35:02.000,2025-03-27 22:40:01.000,IX.D.NASDAQ.CASH.IP,M5,19806.6,19804.6,19820.8,19818.8,19806.3,19804.3,19819.6,19817.6,216
IG,2025-03-27 22:40:01.000,2025-03-27 22:45:01.000,IX.D.NASDAQ.CASH.IP,M5,19819.7,19817.7,19820,19818,19814.8,19812.8,19816.6,19814.6,126
IG,2025-03-27 22:45:01.000,2025-03-27 22:50:01.000,IX.D.NASDAQ.CASH.IP,M5,19816.5,19814.5,19817.3,19815.3,19809.1,19807.1,19810.7,19808.7,161
IG,2025-03-27 22:50:01.000,2025-03-27 22:55:01.000,IX.D.NASDAQ.CASH.IP,M5,19810.8,19808.8,19812.1,19810.1,19803.3,19801.3,19803.6,19801.6,177
IG,2025-03-27 22:55:05.000,2025-03-27 23:00:01.000,IX.D.NASDAQ.CASH.IP,M5,19803.5,19801.5,19809.5,19807.5,19803.1,19801.1,19808.8,19806.8,136
IG,2025-03-27 23:00:01.000,2025-03-27 23:05:01.000,IX.D.NASDAQ.CASH.IP,M5,19808.3,19806.3,19809.6,19807.6,19782.3,19780.3,19784.5,19782.5,698
IG,2025-03-27 23:05:01.000,2025-03-27 23:10:01.000,IX.D.NASDAQ.CASH.IP,M5,19784.3,19782.3,19784.6,19782.6,19769.5,19767.5,19774.1,19772.1,598
IG,2025-03-27 23:10:01.000,2025-03-27 23:15:01.000,IX.D.NASDAQ.CASH.IP,M5,19774,19772,19781.7,19779.7,19769.5,19767.5,19776.8,19774.8,380
IG,2025-03-27 23:15:01.000,2025-03-27 23:20:01.000,IX.D.NASDAQ.CASH.IP,M5,19776.7,19774.7,19786.1,19784.1,19770.6,19768.6,19781.6,19779.6,347
IG,2025-03-27 23:20:01.000,2025-03-27 23:25:01.000,IX.D.NASDAQ.CASH.IP,M5,19780.7,19778.7,19785.6,19783.6,19778.5,19776.5,19780.7,19778.7,317
IG,2025-03-27 23:25:01.000,2025-03-27 23:30:01.000,IX.D.NASDAQ.CASH.IP,M5,19780.8,19778.8,19786.3,19784.3,19778.5,19776.5,19785.8,19783.8,248
IG,2025-03-27 23:30:01.000,2025-03-27 23:35:00.000,IX.D.NASDAQ.CASH.IP,M5,19786.2,19784.2,19786.2,19784.2,19771.5,19769.5,19773,19771,317
IG,2025-03-27 23:35:01.000,2025-03-27 23:40:01.000,IX.D.NASDAQ.CASH.IP,M5,19772.8,19770.8,19778,19776,19767.6,19765.6,19769.6,19767.6,460
IG,2025-03-27 23:40:03.000,2025-03-27 23:45:01.000,IX.D.NASDAQ.CASH.IP,M5,19769.5,19767.5,19777.6,19775.6,19768,19766,19776.8,19774.8,258
IG,2025-03-27 23:45:01.000,2025-03-27 23:50:01.000,IX.D.NASDAQ.CASH.IP,M5,19776.5,19774.5,19784.3,19782.3,19772.3,19770.3,19784.3,19782.3,227
IG,2025-03-27 23:50:01.000,2025-03-27 23:55:01.000,IX.D.NASDAQ.CASH.IP,M5,19783.7,19781.7,19786.2,19784.2,19781,19779,19784.1,19782.1,233
IG,2025-03-27 23:55:01.000,2025-03-28 00:00:01.000,IX.D.NASDAQ.CASH.IP,M5,19784.3,19782.3,19789.6,19787.6,19777.1,19775.1,19780.8,19778.8,285
IG,2025-03-28 00:00:01.000,2025-03-28 00:05:01.000,IX.D.NASDAQ.CASH.IP,M5,19780.7,19778.7,19784.5,19782.5,19746.3,19744.3,19757.8,19755.8,1071
IG,2025-03-28 00:05:01.000,2025-03-28 00:10:01.000,IX.D.NASDAQ.CASH.IP,M5,19757.7,19755.7,19766.2,19764.2,19749.8,19747.8,19760.8,19758.8,438
IG,2025-03-28 00:10:01.000,2025-03-28 00:15:01.000,IX.D.NASDAQ.CASH.IP,M5,19761,19759,19768.5,19766.5,19748.1,19746.1,19757.5,19755.5,576
IG,2025-03-28 00:15:01.000,2025-03-28 00:20:01.000,IX.D.NASDAQ.CASH.IP,M5,19757.6,19755.6,19772.1,19770.1,19754.8,19752.8,19772,19770,423
IG,2025-03-28 00:20:01.000,2025-03-28 00:25:01.000,IX.D.NASDAQ.CASH.IP,M5,19772.1,19770.1,19775.6,19773.6,19766,19764,19775.5,19773.5,264
IG,2025-03-28 00:25:01.000,2025-03-28 00:30:01.000,IX.D.NASDAQ.CASH.IP,M5,19775.6,19773.6,19778.1,19776.1,19773.3,19771.3,19775.5,19773.5,185
IG,2025-03-28 00:30:01.000,2025-03-28 00:35:00.000,IX.D.NASDAQ.CASH.IP,M5,19775.6,19773.6,19781.1,19779.1,19774.6,19772.6,19778.1,19776.1,278
IG,2025-03-28 00:35:01.000,2025-03-28 00:40:01.000,IX.D.NASDAQ.CASH.IP,M5,19778.2,19776.2,19792.5,19790.5,19776.5,19774.5,19787.3,19785.3,379
IG,2025-03-28 00:40:01.000,2025-03-28 00:45:01.000,IX.D.NASDAQ.CASH.IP,M5,19787.5,19785.5,19787.8,19785.8,19780.6,19778.6,19782.8,19780.8,232
IG,2025-03-28 00:45:01.000,2025-03-28 00:50:00.000,IX.D.NASDAQ.CASH.IP,M5,19783,19781,19788,19786,19780,19778,19787.8,19785.8,211
IG,2025-03-28 00:50:00.000,2025-03-28 00:55:01.000,IX.D.NASDAQ.CASH.IP,M5,19787.7,19785.7,19800.1,19798.1,19787.1,19785.1,19795.8,19793.8,446
IG,2025-03-28 00:55:01.000,2025-03-28 01:00:01.000,IX.D.NASDAQ.CASH.IP,M5,19795.6,19793.6,19799.7,19797.7,19794.1,19792.1,19799.7,19797.7,281
IG,2025-03-28 01:00:01.000,2025-03-28 01:05:01.000,IX.D.NASDAQ.CASH.IP,M5,19799.6,19797.6,19802.3,19800.3,19794,19792,19796.3,19794.3,267
IG,2025-03-28 01:05:01.000,2025-03-28 01:10:01.000,IX.D.NASDAQ.CASH.IP,M5,19796.2,19794.2,19797.3,19795.3,19792.3,19790.3,19794.6,19792.6,163
IG,2025-03-28 01:10:01.000,2025-03-28 01:15:01.000,IX.D.NASDAQ.CASH.IP,M5,19794.5,19792.5,19795.8,19793.8,19789.6,19787.6,19792.1,19790.1,348
IG,2025-03-28 01:15:01.000,2025-03-28 01:20:01.000,IX.D.NASDAQ.CASH.IP,M5,19792.2,19790.2,19804.1,19802.1,19792.1,19790.1,19803,19801,406
IG,2025-03-28 01:20:01.000,2025-03-28 01:25:01.000,IX.D.NASDAQ.CASH.IP,M5,19802.8,19800.8,19805.5,19803.5,19799.1,19797.1,19804.3,19802.3,254
IG,2025-03-28 01:25:01.000,2025-03-28 01:30:01.000,IX.D.NASDAQ.CASH.IP,M5,19804.5,19802.5,19804.7,19802.7,19797.7,19795.7,19802.8,19800.8,218
IG,2025-03-28 01:30:01.000,2025-03-28 01:35:01.000,IX.D.NASDAQ.CASH.IP,M5,19802.6,19800.6,19804.1,19802.1,19797.3,19795.3,19802.1,19800.1,184
IG,2025-03-28 01:35:01.000,2025-03-28 01:40:01.000,IX.D.NASDAQ.CASH.IP,M5,19802,19800,19803.8,19801.8,19799.5,19797.5,19800.1,19798.1,140
IG,2025-03-28 01:40:01.000,2025-03-28 01:45:01.000,IX.D.NASDAQ.CASH.IP,M5,19800.2,19798.2,19802.7,19800.7,19795.2,19793.2,19797.7,19795.7,208
IG,2025-03-28 01:45:01.000,2025-03-28 01:50:01.000,IX.D.NASDAQ.CASH.IP,M5,19797.6,19795.6,19797.7,19795.7,19787.8,19785.8,19792.5,19790.5,340
IG,2025-03-28 01:50:01.000,2025-03-28 01:55:01.000,IX.D.NASDAQ.CASH.IP,M5,19792.3,19790.3,19792.3,19790.3,19785.7,19783.7,19789.1,19787.1,227
IG,2025-03-28 01:55:01.000,2025-03-28 02:00:00.000,IX.D.NASDAQ.CASH.IP,M5,19789.2,19787.2,19789.3,19787.3,19776.6,19774.6,19777.7,19775.7,439
IG,2025-03-28 02:00:00.000,2025-03-28 02:05:01.000,IX.D.NASDAQ.CASH.IP,M5,19777.8,19775.8,19793.5,19791.5,19776.8,19774.8,19792.1,19790.1,375
IG,2025-03-28 02:05:01.000,2025-03-28 02:10:00.000,IX.D.NASDAQ.CASH.IP,M5,19792,19790,19798.6,19796.6,19788.1,19786.1,19797.6,19795.6,219
IG,2025-03-28 02:10:01.000,2025-03-28 02:14:57.000,IX.D.NASDAQ.CASH.IP,M5,19797.5,19795.5,19799.5,19797.5,19792.3,19790.3,19795,19793,165
IG,2025-03-28 02:15:05.000,2025-03-28 02:20:01.000,IX.D.NASDAQ.CASH.IP,M5,19795.1,19793.1,19801.1,19799.1,19793.6,19791.6,19800.6,19798.6,156
IG,2025-03-28 02:20:02.000,2025-03-28 02:25:01.000,IX.D.NASDAQ.CASH.IP,M5,19800.5,19798.5,19802.1,19800.1,19798.7,19796.7,19801.1,19799.1,127
IG,2025-03-28 02:25:02.000,2025-03-28 02:30:01.000,IX.D.NASDAQ.CASH.IP,M5,19801.2,19799.2,19802.8,19800.8,19800.1,19798.1,19802.7,19800.7,82
IG,2025-03-28 02:30:01.000,2025-03-28 02:35:01.000,IX.D.NASDAQ.CASH.IP,M5,19802.1,19800.1,19809.2,19807.2,19799.8,19797.8,19806.6,19804.6,454
IG,2025-03-28 02:35:01.000,2025-03-28 02:40:01.000,IX.D.NASDAQ.CASH.IP,M5,19806.5,19804.5,19811.2,19809.2,19804.3,19802.3,19809.1,19807.1,216
IG,2025-03-28 02:40:02.000,2025-03-28 02:45:01.000,IX.D.NASDAQ.CASH.IP,M5,19809,19807,19809.6,19807.6,19805.2,19803.2,19807.3,19805.3,88
IG,2025-03-28 02:45:02.000,2025-03-28 02:50:01.000,IX.D.NASDAQ.CASH.IP,M5,19807.2,19805.2,19808.7,19806.7,19804.3,19802.3,19806.1,19804.1,101
IG,2025-03-28 02:50:01.000,2025-03-28 02:55:00.000,IX.D.NASDAQ.CASH.IP,M5,19806,19804,19806.5,19804.5,19798.6,19796.6,19799.8,19797.8,224
IG,2025-03-28 02:55:01.000,2025-03-28 03:00:01.000,IX.D.NASDAQ.CASH.IP,M5,19800,19798,19803.2,19801.2,19796.3,19794.3,19798.3,19796.3,240
IG,2025-03-28 03:00:01.000,2025-03-28 03:05:01.000,IX.D.NASDAQ.CASH.IP,M5,19798.2,19796.2,19798.5,19796.5,19792.7,19790.7,19793.8,19791.8,197
IG,2025-03-28 03:05:01.000,2025-03-28 03:10:01.000,IX.D.NASDAQ.CASH.IP,M5,19793.7,19791.7,19797.1,19795.1,19793.3,19791.3,19794,19792,91
IG,2025-03-28 03:10:01.000,2025-03-28 03:15:01.000,IX.D.NASDAQ.CASH.IP,M5,19794.1,19792.1,19799.6,19797.6,19793.5,19791.5,19798.7,19796.7,118
IG,2025-03-28 03:15:01.000,2025-03-28 03:20:01.000,IX.D.NASDAQ.CASH.IP,M5,19798.6,19796.6,19799.5,19797.5,19795.1,19793.1,19798.2,19796.2,100
IG,2025-03-28 03:20:01.000,2025-03-28 03:25:01.000,IX.D.NASDAQ.CASH.IP,M5,19798.3,19796.3,19799.7,19797.7,19795.8,19793.8,19796.3,19794.3,65
IG,2025-03-28 03:25:01.000,2025-03-28 03:30:01.000,IX.D.NASDAQ.CASH.IP,M5,19796.5,19794.5,19799.5,19797.5,19795.8,19793.8,19799.3,19797.3,56
IG,2025-03-28 03:30:01.000,2025-03-28 03:35:01.000,IX.D.NASDAQ.CASH.IP,M5,19799.2,19797.2,19806.3,19804.3,19797.2,19795.2,19799.5,19797.5,280
IG,2025-03-28 03:35:01.000,2025-03-28 03:40:01.000,IX.D.NASDAQ.CASH.IP,M5,19799.6,19797.6,19801.1,19799.1,19782.2,19780.2,19787.6,19785.6,449
IG,2025-03-28 03:40:01.000,2025-03-28 03:45:01.000,IX.D.NASDAQ.CASH.IP,M5,19787.7,19785.7,19792.3,19790.3,19785.1,19783.1,19788.6,19786.6,203
IG,2025-03-28 03:45:01.000,2025-03-28 03:50:01.000,IX.D.NASDAQ.CASH.IP,M5,19788.7,19786.7,19794.5,19792.5,19787,19785,19794.1,19792.1,270
IG,2025-03-28 03:50:03.000,2025-03-28 03:55:00.000,IX.D.NASDAQ.CASH.IP,M5,19794.2,19792.2,19795.2,19793.2,19790.5,19788.5,19794.8,19792.8,68
IG,2025-03-28 03:55:01.000,2025-03-28 04:00:01.000,IX.D.NASDAQ.CASH.IP,M5,19795,19793,19804.8,19802.8,19795,19793,19803.6,19801.6,238
IG,2025-03-28 04:00:01.000,2025-03-28 04:05:00.000,IX.D.NASDAQ.CASH.IP,M5,19803.8,19801.8,19804.8,19802.8,19794.6,19792.6,19795,19793,192
IG,2025-03-28 04:05:02.000,2025-03-28 04:10:01.000,IX.D.NASDAQ.CASH.IP,M5,19795.1,19793.1,19796.7,19794.7,19786.7,19784.7,19787.7,19785.7,206
IG,2025-03-28 04:10:02.000,2025-03-28 04:15:01.000,IX.D.NASDAQ.CASH.IP,M5,19787.5,19785.5,19789.7,19787.7,19782.5,19780.5,19783.3,19781.3,217
IG,2025-03-28 04:15:01.000,2025-03-28 04:19:31.000,IX.D.NASDAQ.CASH.IP,M5,19783.5,19781.5,19785,19783,19780.1,19778.1,19784.1,19782.1,169
IG,2025-03-28 04:20:00.000,2025-03-28 04:25:00.000,IX.D.NASDAQ.CASH.IP,M5,19785.2,19783.2,19787.1,19785.1,19781.7,19779.7,19785.5,19783.5,219
IG,2025-03-28 04:25:00.000,2025-03-28 04:30:00.000,IX.D.NASDAQ.CASH.IP,M5,19785.6,19783.6,19787.6,19785.6,19783.3,19781.3,19786.3,19784.3,150
IG,2025-03-28 04:30:00.000,2025-03-28 04:35:00.000,IX.D.NASDAQ.CASH.IP,M5,19786.2,19784.2,19793.6,19791.6,19784.6,19782.6,19793.6,19791.6,292
IG,2025-03-28 04:35:00.000,2025-03-28 04:40:00.000,IX.D.NASDAQ.CASH.IP,M5,19793.5,19791.5,19794.6,19792.6,19792.1,19790.1,19793.6,19791.6,129
IG,2025-03-28 04:40:00.000,2025-03-28 04:45:00.000,IX.D.NASDAQ.CASH.IP,M5,19793.5,19791.5,19796.7,19794.7,19791.7,19789.7,19795.2,19793.2,135
IG,2025-03-28 04:45:00.000,2025-03-28 04:50:00.000,IX.D.NASDAQ.CASH.IP,M5,19794.8,19792.8,19796.7,19794.7,19793.6,19791.6,19794.1,19792.1,69
IG,2025-03-28 04:50:00.000,2025-03-28 04:55:00.000,IX.D.NASDAQ.CASH.IP,M5,19794,19792,19795.6,19793.6,19791.8,19789.8,19792.1,19790.1,69
IG,2025-03-28 04:55:00.000,2025-03-28 05:00:00.000,IX.D.NASDAQ.CASH.IP,M5,19792.2,19790.2,19795.6,19793.6,19788.8,19786.8,19795.3,19793.3,199
IG,2025-03-28 05:00:00.000,2025-03-28 05:05:00.000,IX.D.NASDAQ.CASH.IP,M5,19795.6,19793.6,19801.7,19799.7,19792.3,19790.3,19801.1,19799.1,219
IG,2025-03-28 05:05:00.000,2025-03-28 05:10:00.000,IX.D.NASDAQ.CASH.IP,M5,19801,19799,19802.1,19800.1,19796.5,19794.5,19800.3,19798.3,126
IG,2025-03-28 05:10:00.000,2025-03-28 05:15:00.000,IX.D.NASDAQ.CASH.IP,M5,19800.2,19798.2,19802,19800,19795.5,19793.5,19797.1,19795.1,125
IG,2025-03-28 05:15:00.000,2025-03-28 05:20:00.000,IX.D.NASDAQ.CASH.IP,M5,19797,19795,19800.6,19798.6,19794.5,19792.5,19794.6,19792.6,94
IG,2025-03-28 05:20:00.000,2025-03-28 05:25:00.000,IX.D.NASDAQ.CASH.IP,M5,19794.7,19792.7,19798.3,19796.3,19791.5,19789.5,19792.1,19790.1,169
IG,2025-03-28 05:25:00.000,2025-03-28 05:30:00.000,IX.D.NASDAQ.CASH.IP,M5,19792.2,19790.2,19792.7,19790.7,19789.1,19787.1,19789.1,19787.1,158
IG,2025-03-28 05:30:00.000,2025-03-28 05:35:00.000,IX.D.NASDAQ.CASH.IP,M5,19789.2,19787.2,19790,19788,19781.2,19779.2,19782.6,19780.6,339
IG,2025-03-28 05:35:00.000,2025-03-28 05:40:00.000,IX.D.NASDAQ.CASH.IP,M5,19782.7,19780.7,19789.1,19787.1,19780.5,19778.5,19786.5,19784.5,181
IG,2025-03-28 05:40:00.000,2025-03-28 05:45:00.000,IX.D.NASDAQ.CASH.IP,M5,19786.6,19784.6,19787.7,19785.7,19782.8,19780.8,19785.8,19783.8,106
IG,2025-03-28 05:45:00.000,2025-03-28 05:50:00.000,IX.D.NASDAQ.CASH.IP,M5,19785.7,19783.7,19786.2,19784.2,19777.6,19775.6,19783.8,19781.8,238
IG,2025-03-28 05:50:00.000,2025-03-28 05:55:00.000,IX.D.NASDAQ.CASH.IP,M5,19783.7,19781.7,19787.2,19785.2,19781,19779,19786.6,19784.6,101
IG,2025-03-28 05:55:00.000,2025-03-28 06:00:00.000,IX.D.NASDAQ.CASH.IP,M5,19786.5,19784.5,19790.5,19788.5,19784.8,19782.8,19789.1,19787.1,84
IG,2025-03-28 06:00:00.000,2025-03-28 06:05:00.000,IX.D.NASDAQ.CASH.IP,M5,19787.8,19785.8,19801.2,19799.2,19783.1,19781.1,19801.2,19799.2,319
IG,2025-03-28 06:05:00.000,2025-03-28 06:10:00.000,IX.D.NASDAQ.CASH.IP,M5,19801.5,19799.5,19807,19805,19801.1,19799.1,19806.8,19804.8,210
IG,2025-03-28 06:10:00.000,2025-03-28 06:15:00.000,IX.D.NASDAQ.CASH.IP,M5,19806.7,19804.7,19815.5,19813.5,19806,19804,19812.1,19810.1,421
IG,2025-03-28 06:15:00.000,2025-03-28 06:20:00.000,IX.D.NASDAQ.CASH.IP,M5,19812.2,19810.2,19816.8,19814.8,19810.5,19808.5,19813.6,19811.6,288
IG,2025-03-28 06:20:00.000,2025-03-28 06:25:00.000,IX.D.NASDAQ.CASH.IP,M5,19813.5,19811.5,19822.3,19820.3,19810.1,19808.1,19817.3,19815.3,450
IG,2025-03-28 06:25:00.000,2025-03-28 06:30:00.000,IX.D.NASDAQ.CASH.IP,M5,19817.2,19815.2,19819.1,19817.1,19812.7,19810.7,19815.6,19813.6,203
IG,2025-03-28 06:30:00.000,2025-03-28 06:35:00.000,IX.D.NASDAQ.CASH.IP,M5,19815.5,19813.5,19816.8,19814.8,19801.5,19799.5,19805.3,19803.3,287
IG,2025-03-28 06:35:00.000,2025-03-28 06:40:00.000,IX.D.NASDAQ.CASH.IP,M5,19805.2,19803.2,19806.1,19804.1,19798.7,19796.7,19800.6,19798.6,303
IG,2025-03-28 06:40:00.000,2025-03-28 06:45:00.000,IX.D.NASDAQ.CASH.IP,M5,19800.5,19798.5,19803.7,19801.7,19797,19795,19797,19795,180
IG,2025-03-28 06:45:00.000,2025-03-28 06:50:00.000,IX.D.NASDAQ.CASH.IP,M5,19797.1,19795.1,19797.5,19795.5,19784.2,19782.2,19786.6,19784.6,571
IG,2025-03-28 06:50:00.000,2025-03-28 06:55:00.000,IX.D.NASDAQ.CASH.IP,M5,19786.7,19784.7,19786.7,19784.7,19751.8,19749.8,19755.6,19753.6,1159
IG,2025-03-28 06:55:00.000,2025-03-28 07:00:00.000,IX.D.NASDAQ.CASH.IP,M5,19755.5,19753.5,19756.8,19754.8,19735.5,19733.5,19737.1,19735.1,1272
IG,2025-03-28 07:00:00.000,2025-03-28 07:05:00.000,IX.D.NASDAQ.CASH.IP,M5,19737.7,19735.7,19747,19745,19725.8,19723.8,19742,19740,1365
IG,2025-03-28 07:05:00.000,2025-03-28 07:10:00.000,IX.D.NASDAQ.CASH.IP,M5,19742.1,19740.1,19753,19751,19736.1,19734.1,19751.1,19749.1,801
IG,2025-03-28 07:10:00.000,2025-03-28 07:15:00.000,IX.D.NASDAQ.CASH.IP,M5,19751,19749,19751,19749,19736.6,19734.6,19741.6,19739.6,648
IG,2025-03-28 07:15:00.000,2025-03-28 07:20:00.000,IX.D.NASDAQ.CASH.IP,M5,19741.2,19739.2,19754.7,19752.7,19736.2,19734.2,19752.5,19750.5,705
IG,2025-03-28 07:20:00.000,2025-03-28 07:25:00.000,IX.D.NASDAQ.CASH.IP,M5,19751.7,19749.7,19759,19757,19747.5,19745.5,19754.3,19752.3,671
IG,2025-03-28 07:25:00.000,2025-03-28 07:30:00.000,IX.D.NASDAQ.CASH.IP,M5,19754.5,19752.5,19754.7,19752.7,19737.1,19735.1,19743.7,19741.7,754
IG,2025-03-28 07:30:00.000,2025-03-28 07:35:00.000,IX.D.NASDAQ.CASH.IP,M5,19743.8,19741.8,19744.3,19742.3,19719.1,19717.1,19723.1,19721.1,960
IG,2025-03-28 07:35:00.000,2025-03-28 07:40:00.000,IX.D.NASDAQ.CASH.IP,M5,19723.2,19721.2,19737.5,19735.5,19716.5,19714.5,19731.7,19729.7,701
IG,2025-03-28 07:40:00.000,2025-03-28 07:45:00.000,IX.D.NASDAQ.CASH.IP,M5,19731.8,19729.8,19736.5,19734.5,19705,19703,19707.6,19705.6,1006
IG,2025-03-28 07:45:00.000,2025-03-28 07:50:00.000,IX.D.NASDAQ.CASH.IP,M5,19711.1,19709.1,19716.2,19714.2,19677.7,19675.7,19695,19693,2131
IG,2025-03-28 07:50:00.000,2025-03-28 07:55:00.000,IX.D.NASDAQ.CASH.IP,M5,19694.8,19692.8,19700.7,19698.7,19670.2,19668.2,19671,19669,1049
IG,2025-03-28 07:55:00.000,2025-03-28 08:00:00.000,IX.D.NASDAQ.CASH.IP,M5,19671.1,19669.1,19681.2,19679.2,19660.2,19658.2,19671.8,19669.8,1653
IG,2025-03-28 08:00:00.000,2025-03-28 08:05:00.000,IX.D.NASDAQ.CASH.IP,M5,19673.5,19671.5,19704,19702,19669.5,19667.5,19703.6,19701.6,2202
IG,2025-03-28 08:05:00.000,2025-03-28 08:10:00.000,IX.D.NASDAQ.CASH.IP,M5,19704,19702,19712.3,19710.3,19689.5,19687.5,19712.1,19710.1,1238
IG,2025-03-28 08:10:00.000,2025-03-28 08:15:00.000,IX.D.NASDAQ.CASH.IP,M5,19711.5,19709.5,19713.1,19711.1,19687.5,19685.5,19692.5,19690.5,961
IG,2025-03-28 08:15:00.000,2025-03-28 08:20:00.000,IX.D.NASDAQ.CASH.IP,M5,19692.3,19690.3,19702.1,19700.1,19687.3,19685.3,19702.1,19700.1,721
IG,2025-03-28 08:20:00.000,2025-03-28 08:25:00.000,IX.D.NASDAQ.CASH.IP,M5,19703,19701,19705.5,19703.5,19683.3,19681.3,19689.1,19687.1,632
IG,2025-03-28 08:25:00.000,2025-03-28 08:30:00.000,IX.D.NASDAQ.CASH.IP,M5,19689,19687,19691.2,19689.2,19668.1,19666.1,19681.5,19679.5,832
IG,2025-03-28 08:30:00.000,2025-03-28 08:35:00.000,IX.D.NASDAQ.CASH.IP,M5,19681.6,19679.6,19686.2,19684.2,19666.8,19664.8,19671.8,19669.8,796
IG,2025-03-28 08:35:00.000,2025-03-28 08:40:00.000,IX.D.NASDAQ.CASH.IP,M5,19671.7,19669.7,19696.3,19694.3,19667.3,19665.3,19694.5,19692.5,999
IG,2025-03-28 08:40:00.000,2025-03-28 08:45:00.000,IX.D.NASDAQ.CASH.IP,M5,19694.3,19692.3,19707.2,19705.2,19689.2,19687.2,19706.2,19704.2,623
IG,2025-03-28 08:45:00.000,2025-03-28 08:50:00.000,IX.D.NASDAQ.CASH.IP,M5,19706.3,19704.3,19720.7,19718.7,19702,19700,19720.1,19718.1,864
IG,2025-03-28 08:50:00.000,2025-03-28 08:55:00.000,IX.D.NASDAQ.CASH.IP,M5,19720,19718,19722.5,19720.5,19710.6,19708.6,19718.3,19716.3,693
IG,2025-03-28 08:55:00.000,2025-03-28 09:00:00.000,IX.D.NASDAQ.CASH.IP,M5,19717,19715,19725.1,19723.1,19714.6,19712.6,19718.5,19716.5,675
IG,2025-03-28 09:00:00.000,2025-03-28 09:05:00.000,IX.D.NASDAQ.CASH.IP,M5,19718.6,19716.6,19730.2,19728.2,19715.6,19713.6,19728.1,19726.1,782
IG,2025-03-28 09:05:00.000,2025-03-28 09:10:00.000,IX.D.NASDAQ.CASH.IP,M5,19727.8,19725.8,19730.6,19728.6,19720.3,19718.3,19724.7,19722.7,572
IG,2025-03-28 09:10:00.000,2025-03-28 09:15:00.000,IX.D.NASDAQ.CASH.IP,M5,19724.8,19722.8,19735.5,19733.5,19719.6,19717.6,19734.2,19732.2,695
IG,2025-03-28 09:13:45.000,2025-03-28 09:15:01.000,IX.D.NASDAQ.CASH.IP,M5,19731.5,19729.5,19735.5,19733.5,19730.2,19728.2,19734.1,19732.1,180
IG,2025-03-28 09:15:01.000,2025-03-28 09:20:01.000,IX.D.NASDAQ.CASH.IP,M5,19734,19732,19734,19732,19727.2,19725.2,19731.5,19729.5,409
IG,2025-03-28 09:20:01.000,2025-03-28 09:25:01.000,IX.D.NASDAQ.CASH.IP,M5,19731.6,19729.6,19735.6,19733.6,19722.7,19720.7,19734.3,19732.3,550
IG,2025-03-28 09:25:01.000,2025-03-28 09:30:01.000,IX.D.NASDAQ.CASH.IP,M5,19734.2,19732.2,19735.7,19733.7,19727.8,19725.8,19733.2,19731.2,309
IG,2025-03-28 09:30:01.000,2025-03-28 09:35:01.000,IX.D.NASDAQ.CASH.IP,M5,19733.3,19731.3,19739.7,19737.7,19722.5,19720.5,19738.3,19736.3,541
IG,2025-03-28 09:35:01.000,2025-03-28 09:40:01.000,IX.D.NASDAQ.CASH.IP,M5,19738.5,19736.5,19742.6,19740.6,19726.8,19724.8,19729.2,19727.2,587
IG,2025-03-28 09:40:01.000,2025-03-28 09:45:01.000,IX.D.NASDAQ.CASH.IP,M5,19729.1,19727.1,19741.3,19739.3,19727.1,19725.1,19736.6,19734.6,551
IG,2025-03-28 09:45:01.000,2025-03-28 09:50:00.000,IX.D.NASDAQ.CASH.IP,M5,19736.7,19734.7,19736.7,19734.7,19718.6,19716.6,19722.6,19720.6,619
IG,2025-03-28 09:50:00.000,2025-03-28 09:55:01.000,IX.D.NASDAQ.CASH.IP,M5,19722.7,19720.7,19723.2,19721.2,19711.2,19709.2,19717.8,19715.8,653
IG,2025-03-28 09:55:01.000,2025-03-28 10:00:01.000,IX.D.NASDAQ.CASH.IP,M5,19717.6,19715.6,19724.5,19722.5,19712.3,19710.3,19723.6,19721.6,401
IG,2025-03-28 10:00:01.000,2025-03-28 10:05:01.000,IX.D.NASDAQ.CASH.IP,M5,19723.5,19721.5,19733.8,19731.8,19720.7,19718.7,19733,19731,375
IG,2025-03-28 10:05:01.000,2025-03-28 10:10:01.000,IX.D.NASDAQ.CASH.IP,M5,19732.8,19730.8,19742.7,19740.7,19724.1,19722.1,19740.1,19738.1,482
IG,2025-03-28 10:10:01.000,2025-03-28 10:15:01.000,IX.D.NASDAQ.CASH.IP,M5,19740,19738,19764.8,19762.8,19739.6,19737.6,19757.7,19755.7,1163
IG,2025-03-28 10:15:01.000,2025-03-28 10:20:01.000,IX.D.NASDAQ.CASH.IP,M5,19757.6,19755.6,19760.5,19758.5,19750.6,19748.6,19757.3,19755.3,517
IG,2025-03-28 10:20:01.000,2025-03-28 10:25:01.000,IX.D.NASDAQ.CASH.IP,M5,19757.5,19755.5,19769.1,19767.1,19757,19755,19763.6,19761.6,826
IG,2025-03-28 10:25:01.000,2025-03-28 10:30:01.000,IX.D.NASDAQ.CASH.IP,M5,19763.5,19761.5,19767.3,19765.3,19758.6,19756.6,19765.5,19763.5,666
IG,2025-03-28 10:30:01.000,2025-03-28 10:35:01.000,IX.D.NASDAQ.CASH.IP,M5,19765.3,19763.3,19769.8,19767.8,19760.2,19758.2,19767.6,19765.6,495
IG,2025-03-28 10:35:01.000,2025-03-28 10:40:01.000,IX.D.NASDAQ.CASH.IP,M5,19767.5,19765.5,19775.7,19773.7,19766,19764,19774.6,19772.6,576
IG,2025-03-28 10:40:01.000,2025-03-28 10:45:01.000,IX.D.NASDAQ.CASH.IP,M5,19774.5,19772.5,19782.1,19780.1,19773.3,19771.3,19776,19774,581
IG,2025-03-28 10:45:01.000,2025-03-28 10:50:01.000,IX.D.NASDAQ.CASH.IP,M5,19775.6,19773.6,19783,19781,19771,19769,19775.6,19773.6,731
IG,2025-03-28 10:50:01.000,2025-03-28 10:55:01.000,IX.D.NASDAQ.CASH.IP,M5,19775.7,19773.7,19778.3,19776.3,19757,19755,19757.1,19755.1,687
IG,2025-03-28 10:55:01.000,2025-03-28 11:00:01.000,IX.D.NASDAQ.CASH.IP,M5,19757,19755,19766.1,19764.1,19754.3,19752.3,19766.1,19764.1,472
IG,2025-03-28 11:00:01.000,2025-03-28 11:05:01.000,IX.D.NASDAQ.CASH.IP,M5,19766,19764,19772.6,19770.6,19744.1,19742.1,19746.2,19744.2,673
IG,2025-03-28 11:05:01.000,2025-03-28 11:10:01.000,IX.D.NASDAQ.CASH.IP,M5,19746.3,19744.3,19750.1,19748.1,19738.5,19736.5,19742.8,19740.8,582
IG,2025-03-28 11:10:01.000,2025-03-28 11:15:01.000,IX.D.NASDAQ.CASH.IP,M5,19742.7,19740.7,19747.8,19745.8,19735.1,19733.1,19736.1,19734.1,495
IG,2025-03-28 11:15:01.000,2025-03-28 11:20:01.000,IX.D.NASDAQ.CASH.IP,M5,19736,19734,19757.3,19755.3,19736,19734,19754.7,19752.7,588
IG,2025-03-28 11:20:01.000,2025-03-28 11:25:01.000,IX.D.NASDAQ.CASH.IP,M5,19754.6,19752.6,19765.1,19763.1,19752.8,19750.8,19757.3,19755.3,503
IG,2025-03-28 11:25:01.000,2025-03-28 11:30:01.000,IX.D.NASDAQ.CASH.IP,M5,19757.2,19755.2,19760.2,19758.2,19737.1,19735.1,19738.1,19736.1,737
IG,2025-03-28 11:30:01.000,2025-03-28 11:35:01.000,IX.D.NASDAQ.CASH.IP,M5,19738.2,19736.2,19741.7,19739.7,19722.5,19720.5,19737.2,19735.2,826
IG,2025-03-28 11:35:01.000,2025-03-28 11:40:01.000,IX.D.NASDAQ.CASH.IP,M5,19737.6,19735.6,19748.7,19746.7,19724.7,19722.7,19743.5,19741.5,711
IG,2025-03-28 11:40:01.000,2025-03-28 11:45:01.000,IX.D.NASDAQ.CASH.IP,M5,19743.2,19741.2,19753.8,19751.8,19743.2,19741.2,19751.6,19749.6,530
IG,2025-03-28 11:45:01.000,2025-03-28 11:50:01.000,IX.D.NASDAQ.CASH.IP,M5,19751.5,19749.5,19759.2,19757.2,19744.3,19742.3,19755,19753,670
IG,2025-03-28 11:50:01.000,2025-03-28 11:55:01.000,IX.D.NASDAQ.CASH.IP,M5,19755.1,19753.1,19757.3,19755.3,19739.2,19737.2,19749.3,19747.3,708
IG,2025-03-28 11:55:01.000,2025-03-28 12:00:01.000,IX.D.NASDAQ.CASH.IP,M5,19749,19747,19762.3,19760.3,19748.2,19746.2,19759,19757,736
IG,2025-03-28 12:00:01.000,2025-03-28 12:05:01.000,IX.D.NASDAQ.CASH.IP,M5,19758.7,19756.7,19768.8,19766.8,19754.6,19752.6,19756,19754,980
IG,2025-03-28 12:05:01.000,2025-03-28 12:10:01.000,IX.D.NASDAQ.CASH.IP,M5,19755.1,19753.1,19761.6,19759.6,19747.3,19745.3,19756.6,19754.6,642
IG,2025-03-28 12:10:01.000,2025-03-28 12:15:01.000,IX.D.NASDAQ.CASH.IP,M5,19756.7,19754.7,19759.3,19757.3,19740.3,19738.3,19740.5,19738.5,780
IG,2025-03-28 12:15:01.000,2025-03-28 12:20:01.000,IX.D.NASDAQ.CASH.IP,M5,19740.8,19738.8,19761.3,19759.3,19740.7,19738.7,19749.7,19747.7,684
IG,2025-03-28 12:20:01.000,2025-03-28 12:25:01.000,IX.D.NASDAQ.CASH.IP,M5,19749.3,19747.3,19763.7,19761.7,19747.5,19745.5,19754.3,19752.3,743
IG,2025-03-28 12:25:01.000,2025-03-28 12:30:01.000,IX.D.NASDAQ.CASH.IP,M5,19754.2,19752.2,19755.3,19753.3,19730.7,19728.7,19740.5,19738.5,1254
IG,2025-03-28 12:30:01.000,2025-03-28 12:35:01.000,IX.D.NASDAQ.CASH.IP,M5,19740.8,19738.8,19749.5,19747.5,19704.3,19702.3,19713,19711,4355
IG,2025-03-28 12:35:01.000,2025-03-28 12:40:01.000,IX.D.NASDAQ.CASH.IP,M5,19713.1,19711.1,19723.5,19721.5,19682.1,19680.1,19682.8,19680.8,3278
IG,2025-03-28 12:40:01.000,2025-03-28 12:45:01.000,IX.D.NASDAQ.CASH.IP,M5,19682.6,19680.6,19702.3,19700.3,19677.6,19675.6,19698,19696,2768
IG,2025-03-28 12:45:01.000,2025-03-28 12:50:01.000,IX.D.NASDAQ.CASH.IP,M5,19697.5,19695.5,19706.6,19704.6,19684.6,19682.6,19696.7,19694.7,1846
IG,2025-03-28 12:50:01.000,2025-03-28 12:55:01.000,IX.D.NASDAQ.CASH.IP,M5,19696.6,19694.6,19707.3,19705.3,19693.2,19691.2,19703.3,19701.3,1246
IG,2025-03-28 12:55:01.000,2025-03-28 13:00:00.000,IX.D.NASDAQ.CASH.IP,M5,19703.5,19701.5,19711.2,19709.2,19678.2,19676.2,19679.1,19677.1,1601
IG,2025-03-28 13:00:00.000,2025-03-28 13:05:01.000,IX.D.NASDAQ.CASH.IP,M5,19678.5,19676.5,19682.7,19680.7,19667.5,19665.5,19669.1,19667.1,2363
IG,2025-03-28 13:05:01.000,2025-03-28 13:10:01.000,IX.D.NASDAQ.CASH.IP,M5,19669,19667,19721.8,19719.8,19666.2,19664.2,19708.1,19706.1,5613
IG,2025-03-28 13:10:01.000,2025-03-28 13:15:01.000,IX.D.NASDAQ.CASH.IP,M5,19709,19707,19760.2,19758.2,19702.5,19700.5,19760.2,19758.2,4674
IG,2025-03-28 13:15:01.000,2025-03-28 13:20:01.000,IX.D.NASDAQ.CASH.IP,M5,19760.3,19758.3,19779.1,19777.1,19751.8,19749.8,19762.2,19760.2,4521
IG,2025-03-28 13:20:01.000,2025-03-28 13:25:01.000,IX.D.NASDAQ.CASH.IP,M5,19762.5,19760.5,19765.2,19763.2,19747.6,19745.6,19750,19748,2248
IG,2025-03-28 13:25:01.000,2025-03-28 13:30:01.000,IX.D.NASDAQ.CASH.IP,M5,19749.5,19747.5,19751,19749,19714,19712.3,19719.3,19718.3,4283
IG,2025-03-28 13:30:01.000,2025-03-28 13:35:01.000,IX.D.NASDAQ.CASH.IP,M5,19719.7,19718.7,19729.8,19728.8,19653.2,19652.2,19678.1,19677.1,13811
IG,2025-03-28 13:35:01.000,2025-03-28 13:40:01.000,IX.D.NASDAQ.CASH.IP,M5,19677.8,19676.8,19733.3,19732.3,19674.3,19673.3,19720.6,19719.6,12748
IG,2025-03-28 13:40:01.000,2025-03-28 13:45:01.000,IX.D.NASDAQ.CASH.IP,M5,19720.8,19719.8,19754.5,19753.5,19693,19692,19695.2,19694.2,13672
IG,2025-03-28 13:45:01.000,2025-03-28 13:50:01.000,IX.D.NASDAQ.CASH.IP,M5,19694.5,19693.5,19732.3,19731.3,19685.6,19684.6,19720.2,19719.2,7912
IG,2025-03-28 13:50:01.000,2025-03-28 13:55:01.000,IX.D.NASDAQ.CASH.IP,M5,19720.5,19719.5,19735.1,19734.1,19659.7,19658.7,19680.3,19679.3,9450
IG,2025-03-28 13:55:01.000,2025-03-28 14:00:01.000,IX.D.NASDAQ.CASH.IP,M5,19680.2,19679.2,19685.2,19684.2,19632.6,19631.6,19632.6,19631.6,6874
IG,2025-03-28 14:00:01.000,2025-03-28 14:05:01.000,IX.D.NASDAQ.CASH.IP,M5,19630.3,19629.3,19691.7,19690.7,19630.3,19629.3,19654.3,19653.3,11502
IG,2025-03-28 14:05:01.000,2025-03-28 14:10:01.000,IX.D.NASDAQ.CASH.IP,M5,19653.8,19652.8,19655.6,19654.6,19559.1,19558.1,19568.5,19567.5,14406
IG,2025-03-28 14:10:01.000,2025-03-28 14:15:01.000,IX.D.NASDAQ.CASH.IP,M5,19568.6,19567.6,19578.8,19577.8,19517.5,19516.5,19528.6,19527.6,12191
IG,2025-03-28 14:15:01.000,2025-03-28 14:20:01.000,IX.D.NASDAQ.CASH.IP,M5,19528.3,19527.3,19535,19534,19494.1,19493.1,19506.6,19505.6,11685
IG,2025-03-28 14:20:01.000,2025-03-28 14:25:01.000,IX.D.NASDAQ.CASH.IP,M5,19503.8,19502.8,19518.7,19517.7,19485.6,19484.6,19499.3,19498.3,8922
IG,2025-03-28 14:25:01.000,2025-03-28 14:30:01.000,IX.D.NASDAQ.CASH.IP,M5,19499.5,19498.5,19501.1,19500.1,19445.2,19444.2,19450.7,19449.7,11705
IG,2025-03-28 14:30:01.000,2025-03-28 14:35:01.000,IX.D.NASDAQ.CASH.IP,M5,19452,19451,19473.6,19472.6,19419,19418,19431.2,19430.2,13347
IG,2025-03-28 14:35:01.000,2025-03-28 14:40:01.000,IX.D.NASDAQ.CASH.IP,M5,19431.6,19430.6,19452.7,19451.7,19400.1,19399.1,19450.5,19449.5,12662
IG,2025-03-28 14:40:01.000,2025-03-28 14:45:01.000,IX.D.NASDAQ.CASH.IP,M5,19450.8,19449.8,19463,19462,19428.7,19427.7,19454.6,19453.6,9644
IG,2025-03-28 14:45:01.000,2025-03-28 14:50:01.000,IX.D.NASDAQ.CASH.IP,M5,19454.1,19453.1,19459,19458,19420.1,19419.1,19427.7,19426.7,8310
IG,2025-03-28 14:50:01.000,2025-03-28 14:55:01.000,IX.D.NASDAQ.CASH.IP,M5,19427.3,19426.3,19451.5,19450.5,19419.6,19418.6,19432.7,19431.7,6833
IG,2025-03-28 14:55:01.000,2025-03-28 15:00:01.000,IX.D.NASDAQ.CASH.IP,M5,19432.2,19431.2,19432.5,19431.5,19393.5,19392.5,19419.6,19418.6,9717
IG,2025-03-28 15:00:01.000,2025-03-28 15:05:01.000,IX.D.NASDAQ.CASH.IP,M5,19420.5,19419.5,19421,19420,19368.7,19367.7,19377.7,19376.7,11045
IG,2025-03-28 15:05:01.000,2025-03-28 15:10:01.000,IX.D.NASDAQ.CASH.IP,M5,19377.6,19376.6,19395.5,19394.5,19368.7,19367.7,19392.3,19391.3,7067
IG,2025-03-28 15:10:01.000,2025-03-28 15:15:01.000,IX.D.NASDAQ.CASH.IP,M5,19392.7,19391.7,19432.6,19431.6,19386,19385,19420.1,19419.1,11293
IG,2025-03-28 15:15:01.000,2025-03-28 15:20:01.000,IX.D.NASDAQ.CASH.IP,M5,19420.5,19419.5,19433.7,19432.7,19399.1,19398.1,19402.2,19401.2,7228
IG,2025-03-28 15:20:01.000,2025-03-28 15:25:01.000,IX.D.NASDAQ.CASH.IP,M5,19402.7,19401.7,19413.2,19412.2,19371.8,19370.8,19381.8,19380.8,6576
IG,2025-03-28 15:25:01.000,2025-03-28 15:30:01.000,IX.D.NASDAQ.CASH.IP,M5,19382,19381,19420.7,19419.7,19381.2,19380.2,19411.6,19410.6,7239
IG,2025-03-28 15:30:01.000,2025-03-28 15:35:01.000,IX.D.NASDAQ.CASH.IP,M5,19412.5,19411.5,19441.3,19440.3,19403.8,19402.8,19435.6,19434.6,7715
IG,2025-03-28 15:35:01.000,2025-03-28 15:40:01.000,IX.D.NASDAQ.CASH.IP,M5,19438.3,19437.3,19445.5,19444.5,19426.5,19425.5,19435.3,19434.3,4666
IG,2025-03-28 15:40:01.000,2025-03-28 15:45:01.000,IX.D.NASDAQ.CASH.IP,M5,19437.5,19436.5,19440.2,19439.2,19395,19394,19417.7,19416.7,5950
IG,2025-03-28 15:45:01.000,2025-03-28 15:50:01.000,IX.D.NASDAQ.CASH.IP,M5,19418.2,19417.2,19424.2,19423.2,19401.1,19400.1,19420.3,19419.3,3774
IG,2025-03-28 15:50:01.000,2025-03-28 15:55:01.000,IX.D.NASDAQ.CASH.IP,M5,19420,19419,19422.2,19421.2,19377,19376,19377,19376,5113
IG,2025-03-28 15:55:01.000,2025-03-28 16:00:01.000,IX.D.NASDAQ.CASH.IP,M5,19377.1,19376.1,19386.1,19385.1,19355,19354,19359.7,19358.7,6658
IG,2025-03-28 16:00:01.000,2025-03-28 16:05:01.000,IX.D.NASDAQ.CASH.IP,M5,19359.6,19358.6,19382.5,19381.5,19359,19358,19381.7,19380.7,5808
IG,2025-03-28 16:05:01.000,2025-03-28 16:10:01.000,IX.D.NASDAQ.CASH.IP,M5,19382,19381,19395.1,19394.1,19369.7,19368.7,19371.5,19370.5,4709
IG,2025-03-28 16:10:01.000,2025-03-28 16:15:01.000,IX.D.NASDAQ.CASH.IP,M5,19371.6,19370.6,19390.2,19389.2,19362.5,19361.5,19363.7,19362.7,3887
IG,2025-03-28 16:15:01.000,2025-03-28 16:20:01.000,IX.D.NASDAQ.CASH.IP,M5,19364,19363,19367,19366,19309,19308,19310.2,19309.2,10406
IG,2025-03-28 16:20:01.000,2025-03-28 16:25:01.000,IX.D.NASDAQ.CASH.IP,M5,19310.5,19309.5,19320.7,19319.7,19299,19298,19308.7,19307.7,5641
IG,2025-03-28 16:25:01.000,2025-03-28 16:30:01.000,IX.D.NASDAQ.CASH.IP,M5,19309.1,19308.1,19323.2,19322.2,19300.2,19299.2,19314,19313,5509
IG,2025-03-28 16:30:01.000,2025-03-28 16:35:01.000,IX.D.NASDAQ.CASH.IP,M5,19314.6,19313.6,19338.1,19337.1,19314.2,19313.2,19335.2,19334.2,6072
IG,2025-03-28 16:35:01.000,2025-03-28 16:40:01.000,IX.D.NASDAQ.CASH.IP,M5,19335.1,19334.1,19344.2,19343.2,19321.5,19320.5,19322,19321,5383
IG,2025-03-28 16:40:01.000,2025-03-28 16:45:01.000,IX.D.NASDAQ.CASH.IP,M5,19321.8,19320.8,19343,19342,19317.6,19316.6,19319.6,19318.6,4051
IG,2025-03-28 16:45:01.000,2025-03-28 16:50:01.000,IX.D.NASDAQ.CASH.IP,M5,19319.8,19318.8,19339.7,19338.7,19316.5,19315.5,19330.3,19329.3,3920
IG,2025-03-28 16:50:01.000,2025-03-28 16:55:01.000,IX.D.NASDAQ.CASH.IP,M5,19330.2,19329.2,19345.5,19344.5,19325.5,19324.5,19337.2,19336.2,4037
IG,2025-03-28 16:55:01.000,2025-03-28 17:00:01.000,IX.D.NASDAQ.CASH.IP,M5,19337.1,19336.1,19337.2,19336.2,19303,19302,19304.7,19303.7,5152
IG,2025-03-28 17:00:01.000,2025-03-28 17:05:01.000,IX.D.NASDAQ.CASH.IP,M5,19304.6,19303.6,19305.7,19304.7,19286,19285,19297,19296,6193
IG,2025-03-28 17:05:01.000,2025-03-28 17:10:01.000,IX.D.NASDAQ.CASH.IP,M5,19296.5,19295.5,19299.7,19298.7,19271,19270,19271.7,19270.7,5682
IG,2025-03-28 17:10:01.000,2025-03-28 17:15:01.000,IX.D.NASDAQ.CASH.IP,M5,19271.3,19270.3,19282,19281,19267.2,19266.2,19274.7,19273.7,3888
IG,2025-03-28 17:15:01.000,2025-03-28 17:20:01.000,IX.D.NASDAQ.CASH.IP,M5,19275,19274,19311.1,19310.1,19265,19264,19297.7,19296.7,8228
IG,2025-03-28 17:20:01.000,2025-03-28 17:25:01.000,IX.D.NASDAQ.CASH.IP,M5,19297.6,19296.6,19302,19301,19278.2,19277.2,19278.6,19277.6,3502
IG,2025-03-28 17:25:01.000,2025-03-28 17:30:01.000,IX.D.NASDAQ.CASH.IP,M5,19278.7,19277.7,19280.5,19279.5,19253.1,19252.1,19266.2,19265.2,7046
IG,2025-03-28 17:30:01.000,2025-03-28 17:35:01.000,IX.D.NASDAQ.CASH.IP,M5,19266.5,19265.5,19281.7,19280.7,19261.5,19260.5,19269.5,19268.5,5235
IG,2025-03-28 17:35:01.000,2025-03-28 17:40:01.000,IX.D.NASDAQ.CASH.IP,M5,19269.7,19268.7,19281.5,19280.5,19253.5,19252.5,19281.5,19280.5,4367
IG,2025-03-28 17:40:01.000,2025-03-28 17:45:01.000,IX.D.NASDAQ.CASH.IP,M5,19280.5,19279.5,19286.5,19285.5,19265.5,19264.5,19272.2,19271.2,4228
IG,2025-03-28 17:45:01.000,2025-03-28 17:50:01.000,IX.D.NASDAQ.CASH.IP,M5,19272.1,19271.1,19291,19290,19265.5,19264.5,19268.7,19267.7,4182
IG,2025-03-28 17:50:01.000,2025-03-28 17:55:01.000,IX.D.NASDAQ.CASH.IP,M5,19269.1,19268.1,19274.3,19273.3,19261.3,19260.3,19264.2,19263.2,2987
IG,2025-03-28 17:55:01.000,2025-03-28 18:00:01.000,IX.D.NASDAQ.CASH.IP,M5,19264.5,19263.5,19298.1,19297.1,19263.5,19262.5,19295.2,19294.2,4405
IG,2025-03-28 18:00:01.000,2025-03-28 18:05:01.000,IX.D.NASDAQ.CASH.IP,M5,19295.5,19294.5,19307.7,19306.7,19284,19283,19290,19289,5190
IG,2025-03-28 18:05:01.000,2025-03-28 18:10:01.000,IX.D.NASDAQ.CASH.IP,M5,19289.7,19288.7,19311.6,19310.6,19285.6,19284.6,19311.5,19310.5,3808
IG,2025-03-28 18:10:01.000,2025-03-28 18:15:01.000,IX.D.NASDAQ.CASH.IP,M5,19312,19311,19331.5,19330.5,19299.7,19298.7,19304,19303,6110
IG,2025-03-28 18:15:01.000,2025-03-28 18:20:01.000,IX.D.NASDAQ.CASH.IP,M5,19304.1,19303.1,19316.7,19315.7,19287,19286,19307.2,19306.2,4894
IG,2025-03-28 18:20:01.000,2025-03-28 18:25:01.000,IX.D.NASDAQ.CASH.IP,M5,19307.6,19306.6,19308.2,19307.2,19280.7,19279.7,19281.7,19280.7,3643
IG,2025-03-28 18:25:01.000,2025-03-28 18:30:01.000,IX.D.NASDAQ.CASH.IP,M5,19282.2,19281.2,19297.1,19296.1,19276.5,19275.5,19287.5,19286.5,3419
IG,2025-03-28 18:30:01.000,2025-03-28 18:35:01.000,IX.D.NASDAQ.CASH.IP,M5,19287.3,19286.3,19306.5,19305.5,19282.7,19281.7,19299.3,19298.3,3184
IG,2025-03-28 18:35:01.000,2025-03-28 18:40:01.000,IX.D.NASDAQ.CASH.IP,M5,19299.2,19298.2,19303.5,19302.5,19272.5,19271.5,19274.3,19273.3,3781
IG,2025-03-28 18:40:01.000,2025-03-28 18:45:01.000,IX.D.NASDAQ.CASH.IP,M5,19275.1,19274.1,19278.7,19277.7,19270.5,19269.5,19273,19272,2595
IG,2025-03-28 18:45:01.000,2025-03-28 18:50:01.000,IX.D.NASDAQ.CASH.IP,M5,19273.3,19272.3,19281,19280,19258.1,19257.1,19265.1,19264.1,3918
IG,2025-03-28 18:50:01.000,2025-03-28 18:55:01.000,IX.D.NASDAQ.CASH.IP,M5,19266,19265,19282.5,19281.5,19260.2,19259.2,19279.7,19278.7,4055
IG,2025-03-28 18:55:01.000,2025-03-28 19:00:01.000,IX.D.NASDAQ.CASH.IP,M5,19280.1,19279.1,19295.2,19294.2,19277.6,19276.6,19292.7,19291.7,4001
IG,2025-03-28 19:00:01.000,2025-03-28 19:05:01.000,IX.D.NASDAQ.CASH.IP,M5,19292.5,19291.5,19302.5,19301.5,19286.2,19285.2,19295.7,19294.7,4431
IG,2025-03-28 19:05:01.000,2025-03-28 19:10:01.000,IX.D.NASDAQ.CASH.IP,M5,19296.2,19295.2,19316.2,19315.2,19296.2,19295.2,19305.7,19304.7,4680
IG,2025-03-28 19:10:01.000,2025-03-28 19:15:01.000,IX.D.NASDAQ.CASH.IP,M5,19305.8,19304.8,19307.5,19306.5,19280.2,19279.2,19292.3,19291.3,4491
IG,2025-03-28 19:15:01.000,2025-03-28 19:20:01.000,IX.D.NASDAQ.CASH.IP,M5,19292.6,19291.6,19298.7,19297.7,19275,19274,19296.2,19295.2,4419
IG,2025-03-28 19:20:01.000,2025-03-28 19:25:01.000,IX.D.NASDAQ.CASH.IP,M5,19296.3,19295.3,19297.7,19296.7,19269.6,19268.6,19286.3,19285.3,3529
IG,2025-03-28 19:25:01.000,2025-03-28 19:30:01.000,IX.D.NASDAQ.CASH.IP,M5,19286.5,19285.5,19289.7,19288.7,19268.5,19267.5,19274.8,19273.8,3658
IG,2025-03-28 19:30:01.000,2025-03-28 19:35:01.000,IX.D.NASDAQ.CASH.IP,M5,19275.5,19274.5,19278,19277,19240,19239,19240.2,19239.2,6738
IG,2025-03-28 19:35:01.000,2025-03-28 19:40:01.000,IX.D.NASDAQ.CASH.IP,M5,19240,19239,19260.5,19259.5,19235,19234,19255.1,19254.1,5344
IG,2025-03-28 19:40:01.000,2025-03-28 19:45:01.000,IX.D.NASDAQ.CASH.IP,M5,19255.2,19254.2,19258.2,19257.2,19237,19236,19249.7,19248.7,4640
IG,2025-03-28 19:45:01.000,2025-03-28 19:50:01.000,IX.D.NASDAQ.CASH.IP,M5,19247.5,19246.5,19279.6,19278.6,19237.1,19236.1,19261.3,19260.3,6773
IG,2025-03-28 19:50:01.000,2025-03-28 19:55:01.000,IX.D.NASDAQ.CASH.IP,M5,19260.8,19259.8,19287.2,19286.2,19244.2,19243.2,19279.6,19278.6,12727
IG,2025-03-28 19:55:01.000,2025-03-28 20:00:01.000,IX.D.NASDAQ.CASH.IP,M5,19280.1,19279.1,19294.5,19293.5,19265.2,19264.2,19268.2,19266.2,23464
IG,2025-03-28 20:00:01.000,2025-03-28 20:05:01.000,IX.D.NASDAQ.CASH.IP,M5,19267.6,19265.6,19270.6,19268.6,19255,19253,19263.2,19261.2,8065
IG,2025-03-28 20:05:01.000,2025-03-28 20:10:01.000,IX.D.NASDAQ.CASH.IP,M5,19261.2,19259.2,19261.4,19259.4,19226.1,19224.1,19228.7,19226.7,4596
IG,2025-03-28 20:10:01.000,2025-03-28 20:15:00.000,IX.D.NASDAQ.CASH.IP,M5,19228.6,19226.6,19232.2,19230.2,19223.5,19221.5,19226,19224,2317
IG,2025-03-28 20:15:00.000,2025-03-28 20:20:01.000,IX.D.NASDAQ.CASH.IP,M5,19225.7,19223.7,19226.7,19224.7,19196.1,19194.1,19216.9,19214.9,2990
IG,2025-03-28 20:20:01.000,2025-03-28 20:25:01.000,IX.D.NASDAQ.CASH.IP,M5,19217,19215,19223,19221,19205.7,19203.7,19219,19217,1743
IG,2025-03-28 20:25:01.000,2025-03-28 20:30:01.000,IX.D.NASDAQ.CASH.IP,M5,19219.1,19217.1,19219.4,19217.4,19201.5,19199.5,19202.9,19200.9,1253
IG,2025-03-28 20:30:01.000,2025-03-28 20:35:01.000,IX.D.NASDAQ.CASH.IP,M5,19202.7,19200.7,19209.9,19207.9,19198.5,19196.5,19207.1,19205.1,1151
IG,2025-03-28 20:35:01.000,2025-03-28 20:40:01.000,IX.D.NASDAQ.CASH.IP,M5,19207.2,19205.2,19208.7,19206.7,19195.2,19193.2,19202,19200,967
IG,2025-03-28 20:40:01.000,2025-03-28 20:45:01.000,IX.D.NASDAQ.CASH.IP,M5,19201.7,19199.7,19206.5,19204.5,19199,19197,19204.1,19202.1,688
IG,2025-03-28 20:45:01.000,2025-03-28 20:50:01.000,IX.D.NASDAQ.CASH.IP,M5,19204,19202,19207.5,19205.5,19197.9,19195.9,19200,19198,671
IG,2025-03-28 20:50:01.000,2025-03-28 20:55:01.000,IX.D.NASDAQ.CASH.IP,M5,19200.4,19198.4,19201.9,19199.9,19184.6,19182.6,19186.4,19184.4,946
IG,2025-03-28 20:55:01.000,2025-03-28 21:00:00.000,IX.D.NASDAQ.CASH.IP,M5,19186.6,19184.6,19187,19185,19170.2,19168.2,19176.3,19171.3,1096
IG,2025-03-28 21:00:00.000,2025-03-28 21:05:00.000,IX.D.NASDAQ.CASH.IP,M5,19176.3,19171.3,19176.3,19171.3,19176.3,19171.3,19176.3,19171.3,0
